0.0	0.0	0.0	0.0	0.5951684713363647	0.0	2.016105890274048	1.7704837322235107	0.3265799880027771	0.0968909040093422	0.8001554012298584	0.0	0.0	0.0	0.0	1.4300531148910522	1.1610686779022217	0.0	2.0300886631011963	0.830361545085907	0.46534281969070435	0.058706872165203094	1.0925921201705933	1.570106029510498	1.700441598892212	3.501603841781616	0.0	0.0	0.9012219905853271	0.0	0.0	2.3063552379608154	0.0	0.0	1.2088679075241089	0.0	0.0	0.0	0.0	1.587726354598999	0.4927867650985718	1.3472833633422852	1.2703185081481934	0.0	0.18688975274562836	0.8242758512496948	0.0	0.0	1.130975604057312	1.527199149131775	1.4176990985870361	0.47721901535987854	1.335641622543335	0.0	0.20572061836719513	0.25121137499809265	0.0	0.07091671973466873	1.6993076801300049	0.0	0.0	1.4530752897262573	0.8283566832542419	2.059232234954834
0.0	0.0	0.0	0.0	0.8856707215309143	0.0	2.4782464504241943	1.795464277267456	0.18016444146633148	0.25954532623291016	0.6776967644691467	0.0	0.0	0.0	0.05518336966633797	1.5991090536117554	0.9491490721702576	0.0	1.9062143564224243	0.5391625761985779	0.3316524028778076	0.040309783071279526	1.2304306030273438	1.539892554283142	1.7253284454345703	3.3749186992645264	0.0	0.0	1.0746873617172241	0.0	0.07752425968647003	1.5567753314971924	0.0	0.0	0.8685466051101685	0.0	0.0	0.0	0.0	1.5054078102111816	0.5922346115112305	1.5848240852355957	1.0017166137695312	0.0	0.11157083511352539	0.517550528049469	0.0	0.0	1.462283968925476	1.62075936794281	1.588505506515503	0.8516606092453003	1.1351228952407837	0.0	0.0408000648021698	0.31917691230773926	0.0	0.0	1.4786378145217896	0.0	0.0	1.1561695337295532	1.112813949584961	2.048229694366455
0.0	0.0	0.0	0.0	0.7535542845726013	0.0	2.4482462406158447	1.9596697092056274	0.6484612822532654	0.18397566676139832	1.0123238563537598	0.0	0.0	0.0	0.23040848970413208	1.4000194072723389	0.9086022973060608	0.37259262800216675	2.4481682777404785	0.7348417043685913	0.55332350730896	0.24510158598423004	1.180258870124817	1.6063073873519897	2.2089426517486572	3.082519292831421	0.0	0.0	0.8423406481742859	0.0	0.0	1.8352220058441162	0.0	0.0	1.117884874343872	0.0	0.0	0.0	0.0	1.4938974380493164	0.8680796027183533	1.389483094215393	1.4830182790756226	0.0	0.19531920552253723	0.4657954275608063	0.0	0.0	1.232469081878662	1.3646360635757446	1.57200026512146	0.7895728349685669	2.031040906906128	0.0	0.13870146870613098	0.2147170603275299	0.0	0.07300794869661331	1.629879117012024	0.0	0.0	1.1630682945251465	1.121288776397705	1.8086410760879517
0.0	0.0	0.0	0.0	0.8065123558044434	0.0	2.5072152614593506	1.9244012832641602	0.0	0.5116110444068909	1.4126187562942505	0.0	0.0	0.11475186049938202	0.0	1.5084459781646729	0.8277749419212341	0.05191917344927788	2.10286808013916	1.1028587818145752	0.7579774856567383	0.5411060452461243	1.1471039056777954	1.3681219816207886	1.2037606239318848	2.609731435775757	0.0	0.0	0.9259701371192932	0.28583961725234985	0.0	1.6156903505325317	0.0	0.02952769212424755	0.97799152135849	0.0	0.0	0.0	0.0	1.4020637273788452	0.9727169871330261	1.670142650604248	1.4323441982269287	0.0	0.17415285110473633	0.7632481455802917	0.0	0.0	1.2570549249649048	1.2228325605392456	1.899155855178833	0.3825947940349579	0.9287397861480713	0.0	0.25580182671546936	0.4109334647655487	0.0	0.0	1.9158127307891846	0.0	0.2303212434053421	0.8984174728393555	1.217947244644165	2.16137433052063
0.0	0.0	0.0	0.0	0.8119337558746338	0.0	2.3214664459228516	1.9719911813735962	0.16966688632965088	0.10020145773887634	1.0856757164001465	0.0	0.0	0.07813612371683121	0.0	1.4961988925933838	1.0091649293899536	0.0	2.389350414276123	0.8713706731796265	0.5749652981758118	0.001683771493844688	1.375184178352356	1.6991742849349976	2.161428213119507	3.4355814456939697	0.0	0.0	0.7487435936927795	0.0	0.0	1.9602997303009033	0.0	0.0	0.8959704637527466	0.0	0.0	0.0	0.0	1.5721317529678345	0.7123934030532837	1.2936819791793823	1.4645650386810303	0.0	0.18684230744838715	0.4186854064464569	0.0	0.0	1.2254058122634888	1.5083823204040527	1.834277629852295	0.5875353813171387	1.2863540649414062	0.0	0.03386138379573822	0.09096148610115051	0.0	0.02419116534292698	1.5790082216262817	0.0	0.2860221564769745	1.7139513492584229	1.0176661014556885	1.9505828619003296
0.0	0.0	0.0	0.0	1.120255708694458	0.0	2.4172043800354004	1.9177979230880737	0.24274106323719025	0.026366950944066048	0.93785560131073	0.0	0.0	0.0	0.2067178636789322	1.5308868885040283	1.2916487455368042	0.4033717215061188	1.9762200117111206	0.8074170351028442	0.4392710328102112	0.7902894616127014	1.1360574960708618	1.5655879974365234	1.5012651681900024	3.3192532062530518	0.0	0.0	0.8670458197593689	0.06266508251428604	0.0	1.820743203163147	0.0	0.0	0.7234355211257935	0.0	0.0	0.0	0.0	1.5054258108139038	0.5542168617248535	1.5714572668075562	1.261511206626892	0.0	0.2039748579263687	0.6154294013977051	0.0	0.0	1.1971005201339722	1.6257597208023071	1.5391674041748047	0.5876163244247437	1.6895896196365356	0.0	0.07403448224067688	0.38892966508865356	0.0	0.0	1.5021566152572632	0.0	0.0	1.3406025171279907	0.8872135877609253	1.746261477470398
0.0	0.0	0.0	0.0	0.956695556640625	0.0	2.2234067916870117	2.096137523651123	0.0	0.6476572751998901	0.9653149247169495	0.0	0.0	0.0	0.0611763633787632	1.4371486902236938	0.8672351241111755	0.34737542271614075	2.483647108078003	1.02191960811615	0.4429697096347809	0.35642480850219727	1.173422932624817	1.404009461402893	1.8955457210540771	2.940722942352295	0.0	0.0	1.4224884510040283	0.25285184383392334	0.0	1.7425856590270996	0.0	0.0	1.0099953413009644	0.0	0.0	0.0	0.0	1.2866641283035278	0.6034010052680969	1.9271498918533325	1.3854385614395142	0.0	0.046219538897275925	0.7415065765380859	0.0	0.0	1.0711549520492554	0.9207897186279297	1.5157310962677002	0.5141987800598145	1.4034124612808228	0.0	0.0	0.5090324878692627	0.0	0.0	1.680887222290039	0.0	0.1930784434080124	1.006866216659546	1.1183041334152222	2.261565923690796
0.0	0.0	0.0	0.0	0.8475009202957153	0.0	2.339959144592285	1.744400143623352	0.21822449564933777	0.15824978053569794	0.5934492945671082	0.0	0.0	0.0	0.0	1.471679925918579	1.0406804084777832	0.021768521517515182	1.8930230140686035	0.7547067403793335	0.4503577947616577	0.32988232374191284	0.859969973564148	1.417220950126648	2.230877637863159	3.056807518005371	0.0	0.0	0.8731376528739929	0.15373758971691132	0.0	1.8888195753097534	0.0	0.0716947540640831	0.8117055296897888	0.0	0.07834844291210175	0.0	0.0	1.5299886465072632	0.668567955493927	1.3553448915481567	1.1584417819976807	0.0	0.3461323380470276	0.7108045816421509	0.0	0.0	1.1819827556610107	1.65492844581604	1.533564805984497	0.2878529727458954	1.1816715002059937	0.0	0.039079464972019196	0.5824034214019775	0.0	0.09546289592981339	1.6164546012878418	0.0	0.0022142832167446613	1.1435788869857788	0.8557738661766052	2.5036780834198
0.07415024936199188	0.0	0.33309224247932434	0.0	0.24163676798343658	0.0	2.2244908809661865	1.5720759630203247	0.2472538948059082	0.27143704891204834	1.0338499546051025	0.22995129227638245	0.0	0.3112431466579437	0.0	1.6431922912597656	1.0030813217163086	0.0	1.7427293062210083	0.9523210525512695	0.5158617496490479	0.23476339876651764	1.224642038345337	1.921898365020752	2.0588347911834717	2.5766963958740234	0.0	0.0	0.8600156307220459	0.3341696560382843	0.0	1.6452982425689697	0.0	0.48441943526268005	0.9890669584274292	0.0	0.0	0.0	0.0	1.2689182758331299	0.8086825013160706	1.3200381994247437	1.5142090320587158	0.0	0.31473472714424133	0.6552438735961914	0.0	0.0	1.1185472011566162	1.6139782667160034	2.465829372406006	0.9389225840568542	1.2707979679107666	0.0	0.31206780672073364	0.3573433458805084	0.0	0.017728494480252266	2.1723806858062744	0.0	0.00972651969641447	1.5875049829483032	1.4691592454910278	2.5996272563934326
0.0	0.0	0.0	0.0	0.8539678454399109	0.0	1.6699888706207275	2.0558719635009766	0.0	0.23126955330371857	1.344395399093628	0.0	0.0	0.5701820254325867	0.17791061103343964	1.3891135454177856	0.8824188709259033	0.4669341444969177	2.6494340896606445	1.0776863098144531	0.6277246475219727	0.17804685235023499	1.2284948825836182	1.4712566137313843	2.894212007522583	2.751783609390259	0.0	0.0	1.1063748598098755	0.3727409839630127	0.0	1.7248705625534058	0.0	0.5597661137580872	1.1748403310775757	0.0	0.0	0.0	0.0	1.5398342609405518	0.6412107944488525	1.277718186378479	1.8144057989120483	0.0	0.45726945996284485	0.619963526725769	0.0	0.0	1.1784063577651978	0.8220487833023071	1.648931860923767	1.3040193319320679	1.7285192012786865	0.0	0.2606090009212494	0.4735472798347473	0.0	0.0	2.248352289199829	0.0	0.1813308745622635	0.7258145809173584	1.5111075639724731	2.134566068649292
0.0	0.0	0.0	0.0	1.2864779233932495	0.0	2.4992849826812744	2.2157368659973145	0.0	0.5111888647079468	0.8597705364227295	0.0	0.0	0.0	0.0	1.533408284187317	0.9697757959365845	0.0	2.4097368717193604	1.0027377605438232	0.5398802757263184	0.09315286576747894	1.703177809715271	1.608210563659668	1.418285608291626	2.899400472640991	0.0	0.0	1.322108507156372	0.0	0.0	1.8108009099960327	0.0	0.0	1.0128390789031982	0.0	0.0	0.0	0.0	1.4770269393920898	0.5648578405380249	1.3309167623519897	1.272948980331421	0.0	0.0	0.9217113852500916	0.0	0.0	1.0697118043899536	1.307832956314087	1.881507396697998	0.5476155877113342	0.9313573241233826	0.0	0.08980995416641235	0.4242168962955475	0.0	0.0	1.7894867658615112	0.0	0.0	1.1526421308517456	1.4337308406829834	1.8822981119155884
0.0	0.0	0.0	0.0	0.6289148926734924	0.0	2.345069169998169	1.7292567491531372	0.0	0.39541611075401306	0.920808732509613	0.0	0.0	0.38707634806632996	0.20873846113681793	1.4917880296707153	1.0917246341705322	0.6716914176940918	2.3003134727478027	1.228098750114441	0.5029865503311157	0.2648770213127136	0.7318817973136902	1.6079376935958862	2.0253195762634277	3.0879099369049072	0.0	0.0	0.9384010434150696	0.02975851111114025	0.0	1.8230234384536743	0.0	0.695008397102356	0.9624065160751343	0.0	0.0	0.0	0.0	1.3541682958602905	0.7277896404266357	1.526498794555664	1.6640173196792603	0.0	0.21541763842105865	0.8614934086799622	0.0	0.0	1.08315110206604	1.1782716512680054	2.161437511444092	1.115992784500122	1.4203546047210693	0.0	0.32955166697502136	0.4374507963657379	0.0	0.18784543871879578	2.376579523086548	0.0	0.09209517389535904	0.8143611550331116	1.5643638372421265	1.8515946865081787
0.0	0.0	0.12492653727531433	0.0	1.0787642002105713	0.0	1.8093780279159546	1.7903785705566406	0.0	0.5013348460197449	1.3343024253845215	0.0	0.0	0.7719341516494751	0.4837043881416321	1.257228136062622	1.5085203647613525	1.2650294303894043	2.814408779144287	1.4563651084899902	0.9900169968605042	0.23006980121135712	0.8998256921768188	1.5111188888549805	2.3918325901031494	2.6818180084228516	0.0	0.0	1.1978598833084106	0.7232048511505127	0.0	2.0205700397491455	0.0	0.41900092363357544	0.855883777141571	0.0	0.15588070452213287	0.0	0.0	1.3441627025604248	0.5471757054328918	1.0041743516921997	1.496005654335022	0.0	0.2658351957798004	0.8426070809364319	0.24653859436511993	0.0	0.8445215821266174	0.95633864402771	1.5220177173614502	0.2930569350719452	1.7274507284164429	0.0	0.25771215558052063	0.5870059132575989	0.0	0.0	1.7600923776626587	0.0	0.0	0.7855812311172485	0.9036233425140381	2.5716774463653564
0.0	0.0	0.0	0.0	0.9602391123771667	0.0	2.182321071624756	1.651559591293335	0.42454952001571655	0.18411901593208313	1.526673674583435	0.0	0.0	0.6347500085830688	0.0	1.6502933502197266	1.5058588981628418	0.0	1.8861421346664429	0.7562475800514221	0.8663188815116882	0.0	0.8356908559799194	1.832958459854126	1.9070475101470947	3.209111213684082	0.0	0.00416930578649044	0.8031449317932129	0.5571126341819763	0.0	1.4472585916519165	0.0	0.0	1.2324740886688232	0.0	0.0	0.0	0.0	1.4361920356750488	0.5019511580467224	0.9346686601638794	1.5081387758255005	0.0	0.385343074798584	0.9287638068199158	0.597905695438385	0.0	1.2203683853149414	1.6022635698318481	1.9222429990768433	0.4394713044166565	1.4948396682739258	0.0	0.2005574256181717	0.4335331320762634	0.0	0.0	1.5291365385055542	0.0	0.0	1.6246113777160645	0.618707001209259	1.8708200454711914
0.0	0.0	0.0	0.0	0.7421729564666748	0.0	2.3229026794433594	1.5138671398162842	0.2802020311355591	0.16063296794891357	1.4306631088256836	0.0	0.0	0.05520428717136383	0.0	1.420041799545288	1.2395682334899902	0.0	1.9376779794692993	1.0261489152908325	0.6283473372459412	0.0	1.3018314838409424	1.9716763496398926	1.413202166557312	3.3960235118865967	0.0	0.0	0.8489734530448914	0.0	0.0	1.038205862045288	0.0	0.0	1.0404317378997803	0.0	0.0	0.0	0.0	1.4776339530944824	0.6552623510360718	1.2680351734161377	1.4883602857589722	0.0	0.05457453057169914	0.47425952553749084	0.0	0.0	1.2826296091079712	1.6874464750289917	1.6936053037643433	0.5689964890480042	1.3724709749221802	0.0	0.15965186059474945	0.2576717436313629	0.0	0.0	1.7337000370025635	0.0	0.0	1.4448245763778687	0.7200489044189453	1.261207938194275
0.0	0.0	0.0	0.0	0.5126808881759644	0.0	2.407515287399292	2.013693332672119	0.021693162620067596	0.30647164583206177	0.8719836473464966	0.0	0.0	0.16142484545707703	0.0	1.6654300689697266	0.6500627398490906	0.0	1.9494203329086304	0.6583965420722961	0.45969459414482117	0.0	1.029984474182129	1.4435815811157227	1.3644763231277466	2.7759571075439453	0.0	0.0	0.7629750967025757	0.0	0.0	1.435083270072937	0.4641924798488617	0.0	1.2661373615264893	0.0	0.011315918527543545	0.0	0.0	1.3519058227539062	0.7036145329475403	1.4971665143966675	1.5695921182632446	0.0	0.10839531570672989	0.7528715133666992	0.0	0.0	1.2461872100830078	1.1937118768692017	2.0320932865142822	0.5436124205589294	0.5520625710487366	0.0	0.0038958482909947634	0.2430085837841034	0.0	0.0	1.8164341449737549	0.0	0.25779327750205994	1.2547317743301392	1.0507160425186157	2.06872296333313
0.0	0.0	0.0	0.0	1.0629875659942627	0.0	2.058382987976074	1.7132636308670044	0.0	0.1456751972436905	1.3082795143127441	0.0	0.0	0.2056639939546585	0.22434040904045105	1.0390716791152954	0.9469589591026306	1.3341883420944214	2.938100814819336	1.3102405071258545	0.7761163115501404	0.40620991587638855	1.6772449016571045	1.4444633722305298	2.8843963146209717	2.6225132942199707	0.0	0.0	0.9981995820999146	0.5525232553482056	0.0	2.0432231426239014	0.0	0.04412766918540001	0.7810978889465332	0.0	0.0	0.0	0.0	1.3738938570022583	0.7226280570030212	1.4231375455856323	1.8971195220947266	0.0	0.37191540002822876	0.653586745262146	0.0	0.0	1.0180282592773438	0.8489677906036377	1.5423119068145752	0.6204766035079956	2.0652127265930176	0.0	0.0	0.24977409839630127	0.0	0.0	1.8987352848052979	0.11421582102775574	0.0	1.2653671503067017	0.9742624163627625	1.8029577732086182
0.0	0.0	0.0	0.0	1.0496983528137207	0.0	2.2376928329467773	1.506942629814148	0.0	0.2715614438056946	1.166579008102417	0.0	0.0	0.2951318025588989	0.2629261314868927	1.1298151016235352	1.3457974195480347	0.8432557582855225	2.4574451446533203	1.1619198322296143	0.7455646395683289	0.8047930002212524	1.2811447381973267	1.6790275573730469	2.0642247200012207	2.8688435554504395	0.0	0.0	1.0332145690917969	0.23067399859428406	0.0	1.4736299514770508	0.0	0.0	0.7523669004440308	0.0	0.0	0.0	0.0	1.63313627243042	0.6008570790290833	1.2646420001983643	1.6395900249481201	0.0	0.17844225466251373	0.7301622033119202	0.0	0.0	1.0899503231048584	1.3702123165130615	1.8499436378479004	0.8839439749717712	1.7892643213272095	0.0	0.1825178563594818	0.39850762486457825	0.0	0.0	1.6975789070129395	0.0	0.0	1.0296523571014404	0.6159389615058899	1.6000150442123413
0.0	0.0	0.0	0.0	1.0244624614715576	0.0	2.0255861282348633	1.6905479431152344	0.02974950708448887	0.12408778816461563	1.027294635772705	0.0	0.0	0.00770033011212945	0.02122977375984192	1.0482065677642822	1.0703094005584717	0.4653174877166748	2.450472831726074	1.2148940563201904	0.6126911640167236	0.0	0.9006721377372742	1.4249451160430908	2.260624408721924	3.061605453491211	0.0	0.0	1.2968538999557495	0.09489928185939789	0.0	2.358522653579712	0.0	0.0	0.7771090269088745	0.0	0.0	0.0	0.0	1.5199512243270874	0.7172516584396362	1.7232450246810913	1.4859724044799805	0.0	0.13258975744247437	0.5057079195976257	0.0	0.0	1.2601559162139893	1.537072777748108	1.4170119762420654	0.2953068017959595	2.0181803703308105	0.0	0.14143751561641693	0.2652779221534729	0.0	0.0014922708505764604	1.5977591276168823	0.0	0.0	0.909652829170227	0.7861185073852539	2.228715181350708
0.0	0.0	0.0	0.0	0.9984647035598755	0.0	2.07574462890625	1.5232645273208618	0.0034792572259902954	0.21912822127342224	1.4029593467712402	0.0	0.0	0.43263471126556396	0.0	1.6354434490203857	1.2772184610366821	0.35049256682395935	2.249005079269409	1.1011388301849365	0.6248081922531128	0.06586870551109314	1.0798773765563965	2.430424928665161	1.7520445585250854	3.282630205154419	0.0	0.0	0.953454852104187	0.1161217987537384	0.0	1.3882237672805786	0.0	0.0	1.3653470277786255	0.0	0.0	0.0	0.0	1.4258328676223755	0.731420636177063	1.1075586080551147	1.702014446258545	0.0	0.3007097840309143	0.7198227643966675	0.0	0.0	1.1349579095840454	1.5287654399871826	1.6625165939331055	0.5601942539215088	1.6846190690994263	0.0	0.16396693885326385	0.2525556981563568	0.0	0.0	1.8325241804122925	0.0	0.0	1.5392717123031616	0.8584572672843933	1.9854928255081177
0.0	0.0	0.0	0.0	1.2764787673950195	0.0	2.607959747314453	2.094287395477295	0.3824770152568817	0.29500439763069153	0.9275051355361938	0.0	0.0	0.051868267357349396	0.0	1.1794558763504028	1.3851768970489502	0.0	1.8381857872009277	0.8800539374351501	0.48034366965293884	0.23106998205184937	1.3998758792877197	1.690201997756958	1.085003137588501	3.4450759887695312	0.0	0.0	1.1733568906784058	0.0	0.0	1.6046421527862549	0.0	0.07532522082328796	1.1891863346099854	0.0	0.0	0.0	0.0	1.3791909217834473	0.6173505783081055	1.7058274745941162	1.3612481355667114	0.0	0.1019255742430687	0.8414266109466553	0.0	0.0	1.3784477710723877	1.5654197931289673	1.8110789060592651	0.37721458077430725	1.2641539573669434	0.0	0.1401909589767456	0.32143083214759827	0.0	0.0	1.5364588499069214	0.0	0.0	1.5452325344085693	0.8487456440925598	1.7326738834381104
0.0	0.0	0.0	0.0	1.0250965356826782	0.0	2.4986586570739746	2.0221967697143555	0.0	0.15926118195056915	0.9387620687484741	0.0	0.0	0.0	0.1870129257440567	1.5560184717178345	0.9573485851287842	0.5816864371299744	2.5707287788391113	1.1276406049728394	0.5982454419136047	0.7892671227455139	1.4007184505462646	1.2499839067459106	1.5437846183776855	2.806077003479004	0.0	0.0	0.9375364780426025	0.38907748460769653	0.25508859753608704	2.0035948753356934	0.018633726984262466	0.0	0.782056450843811	0.0	0.10841735452413559	0.0	0.0	1.4277877807617188	0.553900420665741	1.5720481872558594	1.1482696533203125	0.0	0.0	1.0831178426742554	0.0	0.0	1.0244508981704712	0.9297313094139099	1.9153748750686646	0.2514469027519226	1.2308350801467896	0.0	0.15061457455158234	0.732828676700592	0.0	0.0	1.5302274227142334	0.0	0.0	1.0966259241104126	1.0408082008361816	2.1477558612823486
0.0016738278791308403	0.0	0.5991438031196594	0.0	0.8280214071273804	0.0	1.91736900806427	1.876921534538269	0.22063159942626953	0.0003058329748455435	1.1132760047912598	0.0	0.0	0.3101091682910919	0.0	1.4474185705184937	1.0931075811386108	0.4291779100894928	2.7122535705566406	1.1612569093704224	0.6043223142623901	0.4274669587612152	1.107973337173462	1.49805748462677	2.1074233055114746	2.595200538635254	0.0	0.0	0.6711019277572632	0.11327245086431503	0.0	2.1084792613983154	0.0	0.2767927050590515	0.9246553182601929	0.0	0.0	0.0	0.0	1.4775094985961914	0.8620166778564453	1.2316384315490723	1.567797064781189	0.0	0.24309100210666656	0.6080848574638367	0.0	0.0	1.1325844526290894	1.462719440460205	2.0682373046875	0.6514406204223633	1.3257999420166016	0.0	0.07187727838754654	0.3043195307254791	0.0	0.0	1.7875324487686157	0.0	0.0	1.0387134552001953	1.3875322341918945	2.3252313137054443
0.0	0.0	0.0	0.0	0.9201666116714478	0.0	2.7584877014160156	2.1569859981536865	0.36049047112464905	0.1957816779613495	1.1175634860992432	0.0	0.0	0.235514298081398	0.0	1.8029786348342896	1.0691462755203247	0.3865632712841034	2.421477794647217	0.7259905338287354	0.5687429308891296	0.6061074733734131	1.3836150169372559	1.5855871438980103	1.5334796905517578	2.544621229171753	0.0	0.0	0.8279120922088623	0.6066426634788513	0.0	1.5337998867034912	0.0	0.03140635043382645	1.381462574005127	0.0	0.2223842740058899	0.0	0.0	1.2506682872772217	1.0044561624526978	1.4699558019638062	1.61069917678833	0.0	0.6144614219665527	0.5331904292106628	0.0	0.0	1.4739290475845337	0.8834001421928406	2.16357421875	0.4325461685657501	1.343964695930481	0.0	0.0	0.48790523409843445	0.0	0.0	1.9323822259902954	0.0	0.20927205681800842	1.1568398475646973	1.3043824434280396	2.5522611141204834
0.0	0.0	0.0	0.0	1.380177617073059	0.0	2.1105704307556152	2.040493965148926	0.17262445390224457	0.0	1.1229734420776367	0.0	0.0	0.15622815489768982	0.0	1.5046536922454834	1.3463431596755981	0.0	2.0669443607330322	0.5750012397766113	0.44170886278152466	0.2702895998954773	1.8080534934997559	1.940808653831482	1.9671610593795776	3.379347801208496	0.0	0.0	0.6251242756843567	0.7736000418663025	0.0	1.7647994756698608	0.0	0.0	1.9105708599090576	0.0	0.21145498752593994	0.0	0.0	1.5206166505813599	0.675471305847168	1.168702483177185	1.3281335830688477	0.0	0.5627462863922119	0.5552798509597778	0.0	0.0	0.986231803894043	1.497297763824463	1.8931370973587036	0.7418246269226074	1.5119017362594604	0.0	0.08986689150333405	0.33474093675613403	0.0	0.0	1.5068724155426025	0.0	0.2619396150112152	1.9050484895706177	0.7581362128257751	2.7158801555633545
0.0	0.0	0.0	0.0	0.7541267275810242	0.0	2.3032407760620117	1.9466750621795654	0.22962042689323425	0.5573513507843018	0.9115983843803406	0.0	0.0	0.0	0.11138839274644852	1.149318814277649	1.2641021013259888	0.0	2.136335611343384	0.9972719550132751	0.5040534734725952	0.011954017914831638	1.4410357475280762	1.7639037370681763	1.8109663724899292	3.462242364883423	0.0	0.0	0.9899346232414246	0.0	0.0	1.3437589406967163	0.0	0.0	0.90362948179245	0.0	0.0	0.0	0.0	1.5850625038146973	0.6466091275215149	1.250309944152832	1.702576756477356	0.0	0.0	0.4844006896018982	0.0	0.0	1.3440359830856323	1.649076223373413	1.4506787061691284	0.7316737771034241	1.302438735961914	0.0	0.1955147236585617	0.23530930280685425	0.0	0.0	1.51033353805542	0.0	0.0	1.3362131118774414	0.6320716738700867	1.4003181457519531
0.0	0.0	0.0	0.0	0.8967686891555786	0.0	1.9771877527236938	1.6369571685791016	0.04146905615925789	0.17849473655223846	1.1230225563049316	0.0	0.0	0.255324125289917	0.0	1.11625075340271	0.9046735167503357	0.9002336859703064	2.5136325359344482	1.3570740222930908	0.764704704284668	0.09749576449394226	1.059083104133606	1.5340359210968018	2.196199417114258	2.906782865524292	0.0	0.0	1.1801918745040894	0.16676661372184753	0.0	1.5010672807693481	0.10048768669366837	0.09752790629863739	0.6678421497344971	0.0	0.0024674017913639545	0.0	0.0	1.62668776512146	0.6749106645584106	1.5135225057601929	2.0948803424835205	0.0	0.16261327266693115	0.5089116096496582	0.0	0.0	1.3392924070358276	1.2690386772155762	1.4040615558624268	0.3467588424682617	1.4264347553253174	0.0	0.09512203186750412	0.350045770406723	0.0	0.0	1.8954333066940308	0.0	0.0	1.2679860591888428	0.6382203698158264	2.286734104156494
0.0	0.0	0.0	0.0	1.165342926979065	0.0	2.281409740447998	2.027028799057007	0.19644387066364288	0.42558369040489197	1.4523591995239258	0.0	0.0	0.40108218789100647	0.6269317865371704	1.3729345798492432	1.0522841215133667	1.268767237663269	2.767822027206421	1.1467894315719604	0.6710792779922485	0.3199259042739868	1.5211011171340942	1.5397264957427979	2.35052752494812	2.476975440979004	0.0	0.0	0.9161745309829712	0.6088829636573792	0.13360056281089783	1.6595213413238525	0.0	0.0	0.9241021871566772	0.0	0.0	0.0	0.0	1.335748314857483	0.6342650055885315	1.3877819776535034	1.8586755990982056	0.0	0.6665600538253784	0.4581489562988281	0.0	0.0	1.0521724224090576	0.9676176309585571	1.594433307647705	0.5924001336097717	2.0003252029418945	0.0	0.0	0.606819748878479	0.0	0.0	1.851170539855957	0.0	0.0	1.5160067081451416	1.1452306509017944	1.7011044025421143
0.0	0.0	0.0	0.0	1.2524033784866333	0.0	2.076035499572754	2.0135855674743652	0.15186935663223267	0.2234385460615158	0.8879468441009521	0.0	0.0	0.040982313454151154	0.0	1.6777981519699097	1.0139964818954468	0.08652085065841675	2.3582944869995117	0.9296495914459229	0.6683271527290344	0.11589585989713669	1.0706305503845215	1.389663577079773	1.570876121520996	3.0787851810455322	0.0	0.0	0.7769338488578796	0.012209844775497913	0.0	1.7677407264709473	0.0	0.0	0.8274150490760803	0.0	0.0	0.0	0.0	1.387751579284668	0.589209794998169	1.1750192642211914	1.4159674644470215	0.0	0.11557812243700027	0.7825085520744324	0.0	0.0	1.3347903490066528	1.3450298309326172	1.7587478160858154	0.45223331451416016	0.9586538672447205	0.0	0.07383400201797485	0.5044851899147034	0.0	0.0	1.7166759967803955	0.0	0.06950937956571579	1.2719119787216187	0.8097522854804993	2.048362970352173
0.0	0.0	0.0	0.0	1.0036996603012085	0.0	1.9471412897109985	1.8955159187316895	0.0	0.0533747673034668	1.0417814254760742	0.0	0.0	0.0	0.21626590192317963	1.230694055557251	0.8145189881324768	0.7484408617019653	2.761601448059082	0.9951056838035583	0.5326268672943115	0.4431581497192383	1.335065245628357	1.322649598121643	2.4171698093414307	2.926211357116699	0.0	0.06787470728158951	1.0912467241287231	0.2441253513097763	0.0	1.9485491514205933	0.0	0.033981338143348694	0.7186319231987	0.0	0.0	0.0	0.0	1.5602425336837769	0.7109040021896362	1.3865973949432373	1.5180023908615112	0.0	0.31422334909439087	0.7560702562332153	0.0	0.0	1.0515193939208984	0.9561914801597595	1.5815846920013428	0.7019380331039429	2.437350034713745	0.0	0.0	0.3277159035205841	0.0	0.0	1.68398916721344	0.0	0.014322241768240929	1.0532783269882202	0.8798137903213501	2.1740810871124268
0.0	0.0	0.0	0.0	1.2772152423858643	0.0	2.232671022415161	1.8129589557647705	0.15296624600887299	0.1567942053079605	1.0517843961715698	0.0	0.0	0.0	0.005575260147452354	1.1166713237762451	1.0828313827514648	0.500177264213562	2.2658989429473877	1.1770002841949463	0.6029279232025146	0.21818400919437408	1.4140032529830933	1.5303252935409546	1.9152107238769531	3.3126108646392822	0.0	0.0	0.9207534790039062	0.0	0.0	1.9376004934310913	0.010599831119179726	0.0	1.008897066116333	0.0	0.0668368935585022	0.0	0.0	1.5325545072555542	0.7813960313796997	1.381455659866333	1.60247004032135	0.0	0.15114597976207733	0.739768922328949	0.0	0.0	1.4571927785873413	1.4358447790145874	1.7385528087615967	0.4785078763961792	1.4761024713516235	0.0	0.08433299511671066	0.29915890097618103	0.0	0.0	1.5002222061157227	0.0	0.0	1.2551426887512207	0.6979992389678955	2.166771650314331
0.0	0.0	0.0	0.0	0.580268919467926	0.0	2.6579954624176025	1.6260048151016235	0.2525518238544464	0.19245141744613647	0.8755720853805542	0.0	0.0	0.10113224387168884	0.0	1.388985514640808	1.2468267679214478	0.0	1.959000587463379	1.1619584560394287	0.45041343569755554	0.0	1.324776530265808	1.6528760194778442	1.5279532670974731	3.4107816219329834	0.0	0.0	0.9584055542945862	0.0	0.0	1.263022780418396	0.0	0.041287846863269806	0.7968697547912598	0.0	0.0	0.0	0.0	1.4782946109771729	0.7877480387687683	1.139336347579956	1.4859486818313599	0.0	0.11525394767522812	0.5389968156814575	0.0	0.0	1.4937734603881836	1.668499231338501	1.5269221067428589	0.5126714110374451	1.111284613609314	0.0	0.1703597903251648	0.1610599309206009	0.0	0.0	1.8605087995529175	0.0	0.015018871054053307	1.5104604959487915	0.878843367099762	1.7367483377456665
0.0	0.0	0.0	0.0	1.1873693466186523	0.0	2.255270004272461	1.7903587818145752	0.07502815872430801	0.094411201775074	1.203432559967041	0.0	0.0	0.0	0.12070634216070175	0.9912250638008118	1.048080325126648	0.6732187867164612	2.417888879776001	1.3124994039535522	0.7198716998100281	0.07798631489276886	1.1087316274642944	1.5734410285949707	2.309093713760376	2.881941318511963	0.0	0.0	1.2007672786712646	0.0	0.0	1.9623298645019531	0.0	0.0	0.6877692341804504	0.0	0.0	0.0	0.0	1.6173423528671265	0.7291061878204346	1.467512845993042	1.6767724752426147	0.0	0.13590829074382782	0.4777110517024994	0.0	0.0	1.4410182237625122	1.3084673881530762	1.4224523305892944	0.280211865901947	1.6922508478164673	0.0	0.008889837190508842	0.30531391501426697	0.0	0.0	1.781598448753357	0.0	0.0	0.8789003491401672	0.7682743668556213	1.960073471069336
0.0	0.0	0.0	0.0	0.8588302135467529	0.0	2.3468453884124756	1.7654986381530762	0.2784414291381836	0.138906791806221	1.0074777603149414	0.0	0.0	0.3147578239440918	0.054001908749341965	1.4088283777236938	1.3547523021697998	0.33746519684791565	2.0768954753875732	1.0522760152816772	0.6336057186126709	0.4285260736942291	0.6961743831634521	1.6726462841033936	1.392046570777893	2.9806854724884033	0.0	0.0	0.9459630250930786	0.7429103851318359	0.0	2.273206949234009	0.0	0.0	1.1272722482681274	0.0	0.0	0.0	0.0	1.3915164470672607	0.7023795247077942	1.7456599473953247	1.1546164751052856	0.0	0.1737777143716812	0.5570641160011292	0.0	0.0	1.0615363121032715	1.433265209197998	1.6438881158828735	0.8121485710144043	1.3190556764602661	0.0	0.020137106999754906	0.40803179144859314	0.0	0.0	1.6155282258987427	0.0	0.0	0.9358329176902771	0.8332440257072449	1.9902091026306152
0.0	0.0	0.0	0.0	0.9752427935600281	0.0	2.1634395122528076	2.2605364322662354	0.0	0.3174231946468353	1.3882116079330444	0.0	0.0	0.0	0.08158724755048752	1.0460315942764282	0.9106944799423218	0.3885065019130707	2.6723334789276123	1.0476491451263428	0.6359228491783142	0.16770191490650177	1.0666451454162598	1.563875436782837	2.1768007278442383	3.0956106185913086	0.0	0.0	0.9194670915603638	0.02692912332713604	0.14015869796276093	1.6807045936584473	0.0	0.22116032242774963	1.1095798015594482	0.0	0.0	0.0	0.0	1.4905221462249756	0.7442317008972168	1.42172110080719	1.6459020376205444	0.0	0.05040538311004639	0.32670164108276367	0.0	0.0	1.3891098499298096	1.4841837882995605	1.591512680053711	0.944859504699707	1.533764123916626	0.0	0.20515814423561096	0.12296061962842941	0.0	0.0	1.969903826713562	0.0	0.0	0.9985424876213074	0.8893852233886719	1.5602439641952515
0.0	0.0	0.0	0.0	0.7550567984580994	0.0	2.2276382446289062	1.6371349096298218	0.26189687848091125	0.37650230526924133	0.8904271721839905	0.0	0.0	0.0	0.0	1.5973438024520874	1.237534523010254	0.0	1.9664798974990845	0.763464629650116	0.4834716022014618	0.1528213918209076	1.215060830116272	1.61210298538208	1.4978649616241455	3.442627191543579	0.0	0.0	1.0343973636627197	0.0	0.0	1.8357875347137451	0.0	0.0	0.8661514520645142	0.0	0.0	0.0	0.0	1.516177773475647	0.6558967232704163	1.6933931112289429	1.4284980297088623	0.0	0.16785365343093872	0.5301470160484314	0.0	0.0	1.0781797170639038	1.7074246406555176	1.6221294403076172	0.6459394693374634	1.306017518043518	0.0	0.13419266045093536	0.22400791943073273	0.0	0.0	1.4766055345535278	0.0	0.0	1.511954426765442	1.0099488496780396	1.6152751445770264
0.0	0.0	0.0	0.0	0.7567182779312134	0.0	2.50872802734375	1.5127702951431274	0.4293597936630249	0.054105207324028015	0.631516695022583	0.0	0.0	0.0	0.0	1.4650905132293701	1.4176427125930786	0.0	2.0427167415618896	0.5687279105186462	0.30389395356178284	0.24911141395568848	1.013822078704834	1.5361324548721313	1.3319616317749023	3.480660915374756	0.0	0.0	0.9908110499382019	0.0	0.0	1.435247540473938	0.0	0.0	0.9841402173042297	0.0	0.0	0.0	0.0	1.7473024129867554	0.43835124373435974	1.1163491010665894	1.129779577255249	0.0	0.0350668765604496	0.7823609709739685	0.0	0.0	1.1676499843597412	1.7844704389572144	2.0015869140625	0.26876023411750793	1.6889610290527344	0.0	0.2494908571243286	0.458947092294693	0.0	0.02139689214527607	1.488664984703064	0.0	0.0	1.2211484909057617	0.8065055012702942	1.3481940031051636
0.0	0.0	0.0	0.0	0.7590195536613464	0.0	2.1359333992004395	1.5008972883224487	0.3807711899280548	0.14971159398555756	0.8371276259422302	0.0	0.0	0.0	0.0	1.5073491334915161	1.3734172582626343	0.0	1.6794319152832031	0.7104731798171997	0.529961109161377	0.0	0.8856619596481323	1.7714390754699707	1.1343615055084229	3.2766709327697754	0.0	0.12608031928539276	0.8637161254882812	0.0	0.0	1.1522387266159058	0.0	0.0	1.2756352424621582	0.0	0.0	0.0	0.0	1.4615504741668701	0.5293807983398438	0.9078413844108582	1.3383235931396484	0.0	0.12749220430850983	0.6271370053291321	0.0	0.0	1.1549174785614014	1.5957250595092773	1.5711586475372314	0.5355426073074341	0.8954030275344849	0.0	0.1784997582435608	0.26093947887420654	0.0	0.0	1.5411218404769897	0.0	0.0	1.3705735206604004	0.5144733190536499	1.0327132940292358
0.0	0.0	0.0	0.0	1.0379674434661865	0.0	2.14200758934021	1.8539721965789795	0.06188565865159035	0.10521076619625092	1.136322021484375	0.0	0.0	0.38740459084510803	0.0	1.188848853111267	0.9946350455284119	0.14328157901763916	2.50390887260437	1.2349827289581299	0.7340909838676453	0.3390145003795624	0.9349565505981445	1.5133934020996094	1.8524624109268188	2.717437982559204	0.0	0.05385846272110939	0.8283511400222778	0.28325849771499634	0.0	1.5960899591445923	0.0	0.12974412739276886	1.0492017269134521	0.0	0.0	0.0	0.0	1.2583938837051392	0.8964945673942566	1.4387149810791016	1.601539969444275	0.0	0.4506476819515228	0.5631147623062134	0.0	0.0	1.2398160696029663	1.3877955675125122	1.681602120399475	0.9023173451423645	1.2031054496765137	0.0	0.03330960124731064	0.46723854541778564	0.0	0.0	1.7326717376708984	0.0	0.0	1.3104356527328491	0.6829469799995422	2.1526362895965576
0.0	0.0	0.0	0.0	0.8848310708999634	0.0	2.316603422164917	1.6372853517532349	0.05853624641895294	0.20121236145496368	1.145728349685669	0.0	0.0	0.21077224612236023	0.1575254499912262	1.2527036666870117	1.0810527801513672	0.8462120294570923	2.454899787902832	1.2720587253570557	0.7286023497581482	0.18738700449466705	1.1685620546340942	1.5703243017196655	2.3148746490478516	2.852236747741699	0.0	0.0	1.1431390047073364	0.0	0.0	1.5725665092468262	0.0	0.0	0.5479310750961304	0.0	0.0	0.0	0.0	1.4867956638336182	0.7353560924530029	1.5768548250198364	1.6264674663543701	0.0	0.13986392319202423	0.5705136656761169	0.0	0.0	1.4252212047576904	1.417712926864624	1.3882992267608643	0.23514197766780853	1.7564584016799927	0.0	0.05140019580721855	0.2154114842414856	0.0	0.0	1.8310840129852295	0.0	0.04913116618990898	1.1216213703155518	0.8143548369407654	2.1937873363494873
0.0	0.0	0.0	0.0	0.7820850014686584	0.0	2.1477763652801514	1.8934117555618286	0.0	0.3323456943035126	1.0776734352111816	0.0	0.0	0.0	0.0	1.3684934377670288	0.8655303120613098	0.13543590903282166	2.2862539291381836	1.0500482320785522	0.330018550157547	0.21209509670734406	1.3186019659042358	1.5285671949386597	1.7597371339797974	3.067919969558716	0.0	0.0	1.1174829006195068	0.0	0.0	1.8951287269592285	0.0	0.0	0.7122182846069336	0.0	0.0	0.0	0.0	1.575256109237671	0.6822817325592041	1.5380297899246216	1.3728502988815308	0.0	0.1449112594127655	0.5689510703086853	0.0	0.0	1.250566005706787	1.3952186107635498	1.482748031616211	0.40047192573547363	1.6519063711166382	0.0	0.10640440881252289	0.1828782707452774	0.0	0.12841719388961792	1.688005805015564	0.0	0.9585154056549072	1.1266103982925415	1.1722055673599243	1.86116623878479
0.0	0.0	0.0	0.0	1.0202927589416504	0.0	2.0031750202178955	1.7997671365737915	0.03354514390230179	0.10714806616306305	1.1840333938598633	0.0	0.0	0.002244251547381282	0.0	1.1262636184692383	1.031366229057312	0.4368612468242645	2.752976179122925	1.1380064487457275	0.6318396329879761	0.0	1.07632577419281	1.4318805932998657	2.069793224334717	3.0967650413513184	0.0	0.0	0.9168562889099121	0.0	0.0	1.740793228149414	0.0	0.0	0.8488612771034241	0.0	0.0	0.0	0.0	1.3657368421554565	0.7603219151496887	1.4163044691085815	1.4638028144836426	0.0	0.06329374015331268	0.4283851385116577	0.0	0.0	1.386059284210205	1.3531700372695923	1.534712791442871	0.6418085098266602	1.672090768814087	0.0	0.09017354995012283	0.1676752120256424	0.0	0.0	1.851692795753479	0.0	0.0	0.928627610206604	0.8488112092018127	1.7544528245925903
0.0	0.0	0.0	0.0	0.4718005657196045	0.0	2.3785130977630615	1.463510513305664	0.1871476173400879	0.36649084091186523	0.862481415271759	0.0	0.0	0.0	0.035615213215351105	1.5414695739746094	1.2583024501800537	0.10192915797233582	1.8873717784881592	1.2204657793045044	0.5995861887931824	0.0	0.9919555187225342	1.6574852466583252	1.757935643196106	3.410276174545288	0.0	0.0	0.8531051874160767	0.0	0.0	1.334833025932312	0.0	0.0	0.8978733420372009	0.0	0.02793525904417038	0.0	0.0	1.4648053646087646	0.6945586800575256	2.018075942993164	1.4333899021148682	0.0	0.19521090388298035	0.6134434342384338	0.0	0.0	1.27912437915802	1.7811404466629028	1.5880438089370728	1.0095515251159668	0.8961448073387146	0.0	0.16206149756908417	0.2434781789779663	0.0	0.0	1.64936363697052	0.0	0.0	1.0902760028839111	0.8358343839645386	2.0334651470184326
0.0	0.0	0.0	0.0	1.1021109819412231	0.0	2.2996225357055664	2.2324979305267334	0.2798495888710022	0.3284423053264618	0.8689577579498291	0.0	0.0	0.21970915794372559	0.15188176929950714	1.5035804510116577	1.1069705486297607	0.1733435094356537	2.2594823837280273	1.0130486488342285	0.557957112789154	0.36232298612594604	1.1791789531707764	1.365718126296997	1.6558897495269775	2.6418819427490234	0.0	0.0	1.2347424030303955	0.09345071017742157	0.0	1.7323079109191895	0.06123896688222885	0.0	0.9485577940940857	0.0	0.0	0.0	0.0	1.211129903793335	0.6621109247207642	1.680063247680664	1.4524005651474	0.0	0.05987466499209404	0.7767927050590515	0.0	0.0	0.9759268164634705	1.170159101486206	1.7674930095672607	0.597580075263977	1.0601322650909424	0.0	0.25997933745384216	0.671536386013031	0.0	0.0	1.4544349908828735	0.0	0.0	1.3197089433670044	1.2379859685897827	2.2603185176849365
0.0	0.0	0.0	0.0	0.7531310319900513	0.0	1.9523173570632935	1.9097362756729126	0.0	0.481747031211853	0.8433380722999573	0.0	0.0	0.02960541471838951	0.0	1.8637639284133911	0.8886616230010986	0.3293329179286957	2.1658082008361816	0.9434180855751038	0.3617953062057495	0.139795184135437	1.2218283414840698	1.4921249151229858	1.9784502983093262	3.0019125938415527	0.0	0.0	1.0293023586273193	0.0	0.0	2.329955577850342	0.029879432171583176	0.023257872089743614	1.168509840965271	0.0	0.0	0.0	0.0	1.5340083837509155	0.6700233221054077	1.6286537647247314	1.4589624404907227	0.0	0.3812774419784546	0.6208195686340332	0.0	0.0	1.081795573234558	1.194385051727295	1.848417043685913	0.2711166739463806	1.6733454465866089	0.0	0.09068591147661209	0.36875006556510925	0.0	0.01916547678411007	1.9321951866149902	0.0	0.27780911326408386	0.9451905488967896	1.1169029474258423	2.3935601711273193
0.0	0.0	0.0	0.0	0.8677360415458679	0.0	2.433844566345215	1.9253331422805786	0.0	0.14799576997756958	0.955946147441864	0.0	0.0	0.0	0.0	1.4178298711776733	0.9335659742355347	0.15085738897323608	2.9400274753570557	0.8333601951599121	0.5411221385002136	0.0011525574373081326	1.1886519193649292	1.618813157081604	1.7675474882125854	3.093336820602417	0.0	0.0	0.9963669776916504	0.0	0.0	1.1845803260803223	0.0	0.0	0.8998199105262756	0.0	0.0	0.0	0.0	1.4403660297393799	0.6370457410812378	1.2338063716888428	1.4723682403564453	0.0	0.0	0.8097725510597229	0.0	0.0	1.2880808115005493	1.4401761293411255	1.6074273586273193	0.712506890296936	0.9002242088317871	0.0	0.35984307527542114	0.36823949217796326	0.0	0.0	1.5632123947143555	0.0	0.0	1.1859185695648193	0.5789883136749268	2.2518346309661865
0.025424456223845482	0.0	0.0	0.0	1.0571998357772827	0.0	2.3145861625671387	1.9174827337265015	0.11352598667144775	0.3297716975212097	0.9286311268806458	0.0	0.0	0.11461824178695679	0.0	1.4823296070098877	0.9364312887191772	0.3553096354007721	2.3246657848358154	0.9596028923988342	0.5801551938056946	0.4390687942504883	1.4697442054748535	1.2930619716644287	2.197208881378174	3.077439785003662	0.0	0.0	0.6400856375694275	0.1912759393453598	0.0	2.047624111175537	0.0	0.0	0.8599879741668701	0.0	0.0	0.0	0.0	1.3237154483795166	0.655145525932312	1.0548468828201294	1.4979972839355469	0.0	0.46387869119644165	0.38366079330444336	0.0	0.0	1.3135055303573608	1.472710132598877	1.6150147914886475	0.7733005881309509	1.6791749000549316	0.0	0.006020447239279747	0.24339565634727478	0.0	0.0	2.0662498474121094	0.0	0.0	1.2618765830993652	1.3615626096725464	1.9988268613815308
0.0	0.0	0.0	0.0	1.0817888975143433	0.0	2.4522340297698975	1.9683862924575806	0.17844146490097046	0.35328152775764465	0.780158281326294	0.0	0.0	0.0	0.0	1.433630108833313	0.9705992341041565	0.23777809739112854	2.045954704284668	0.8077943325042725	0.32154542207717896	0.4348987936973572	1.3302205801010132	1.7715446949005127	1.7075365781784058	3.0201449394226074	0.0	0.0	0.8342514038085938	0.02621012181043625	0.0	1.990134358406067	0.0	0.0	1.1337007284164429	0.0	0.0	0.0	0.0	1.3776882886886597	0.45085227489471436	1.5313624143600464	1.0086935758590698	0.0	0.2629043757915497	0.7620366215705872	0.0	0.0	0.9154353737831116	1.1482360363006592	1.726481318473816	0.33502325415611267	1.685780644416809	0.0	0.0	0.29058837890625	0.0	0.0	1.5917370319366455	0.0	0.0	0.980019748210907	1.2134897708892822	1.9218289852142334
0.0	0.0	0.0	0.0	0.9994994401931763	0.0	2.6158535480499268	2.061379909515381	0.42040449380874634	0.2316395491361618	0.8195682168006897	0.0	0.0	0.08310522139072418	0.0	1.8586883544921875	1.0831193923950195	0.0	2.173760414123535	0.33904218673706055	0.13911333680152893	0.3226575255393982	1.5917415618896484	1.8281821012496948	1.619410753250122	3.2197859287261963	0.0	0.0	0.7490723133087158	0.0	0.0	2.20743727684021	0.5868539214134216	0.0	1.0954883098602295	0.0	0.303757905960083	0.0	0.0	1.3151031732559204	0.6670066118240356	1.2097028493881226	0.8961300849914551	0.0	0.670341432094574	0.5305612683296204	0.0	0.0	0.9807273745536804	1.7075788974761963	1.9210487604141235	0.3643837869167328	1.4921493530273438	0.0	0.0	0.43381521105766296	0.0	0.3651212155818939	1.4257354736328125	0.0	0.4313656687736511	1.6045397520065308	1.37900972366333	2.4695630073547363
0.0	0.0	0.16884379088878632	0.0	0.8622235059738159	0.0	1.9465841054916382	1.6205682754516602	0.06483165919780731	0.32682958245277405	1.677963376045227	0.0	0.0	0.42535343766212463	0.2526138126850128	1.2251607179641724	1.304724097251892	0.900341272354126	2.9322361946105957	1.192152976989746	0.8591872453689575	0.18224743008613586	1.2224782705307007	1.5839680433273315	2.339134454727173	2.576519727706909	0.0	0.0	1.193543791770935	0.5411330461502075	0.0	1.9266202449798584	0.0	0.06817246973514557	0.5911737084388733	0.0	0.0	0.0	0.0	1.4593082666397095	0.7079278826713562	1.559917688369751	1.6648615598678589	0.0	0.3952818810939789	0.8791375160217285	0.0	0.0	1.1263794898986816	0.9773734211921692	1.7968776226043701	0.25022831559181213	1.872581124305725	0.0	0.16144223511219025	0.29047560691833496	0.0	0.0	1.7893465757369995	0.0	0.0	1.243666410446167	0.982626736164093	1.9750752449035645
0.0	0.0	0.0	0.0	1.2364603281021118	0.0	2.670797348022461	2.0620625019073486	0.03624328225851059	0.325094997882843	0.8654921054840088	0.0	0.0	0.0	0.1550418883562088	1.3929274082183838	0.9628124833106995	0.3870401084423065	2.278594970703125	1.0980027914047241	0.5300908088684082	1.2822587490081787	1.1299479007720947	1.3221609592437744	1.6418668031692505	2.851900815963745	0.0	0.0	0.9784079194068909	0.0	0.0	1.3923362493515015	0.0	0.0	1.4216694831848145	0.0	0.3545435667037964	0.0	0.0	1.2687876224517822	0.6261628270149231	1.5914106369018555	1.3777660131454468	0.0	0.0	0.9504275321960449	0.09584417939186096	0.0	1.1565848588943481	1.4750425815582275	2.0701382160186768	0.8638715147972107	1.144304633140564	0.0	0.25149908661842346	0.6024996042251587	0.0	0.0	1.4528563022613525	0.0	0.0	1.0082368850708008	0.6804071664810181	1.7599550485610962
0.0	0.0	0.0	0.0	0.9246127009391785	0.0	1.9982671737670898	1.423789143562317	0.23506060242652893	0.16160881519317627	0.8245104551315308	0.0	0.0	0.0	0.0	1.0283007621765137	1.2552744150161743	0.0	1.8375344276428223	0.6806395053863525	0.3966731131076813	0.0	0.8657399415969849	1.57390558719635	1.215040922164917	3.534827709197998	0.0	0.0	0.8638548851013184	0.0	0.0	1.2055729627609253	0.0	0.0	0.9492485523223877	0.0	0.0	0.0	0.0	1.6167316436767578	0.5583484172821045	0.8779988288879395	1.4032868146896362	0.0	0.043569739907979965	0.5483918786048889	0.0	0.0	1.1576367616653442	1.8018678426742554	1.7622544765472412	0.5694813132286072	0.989855945110321	0.0	0.16296172142028809	0.11664767563343048	0.0	0.0	1.6452161073684692	0.0	0.0	1.107857346534729	0.4389609694480896	0.8445194363594055
0.0	0.0	0.0	0.0	1.254464030265808	0.0	2.604313611984253	1.8782224655151367	0.3909243643283844	0.03656011447310448	0.9443760514259338	0.021593689918518066	0.0	0.0	0.012672936543822289	1.0383726358413696	1.075083613395691	0.0	2.187587022781372	1.033461570739746	0.6490151286125183	0.0	1.4383450746536255	1.5935485363006592	2.0364744663238525	3.2136356830596924	0.0	0.0	1.1333701610565186	0.0	0.0	1.6393438577651978	0.0	0.0	1.0789430141448975	0.0	0.0	0.0	0.0	1.6139672994613647	0.6821293830871582	1.4460408687591553	1.3895915746688843	0.0	0.08832835406064987	0.46890753507614136	0.0	0.0	1.3026134967803955	1.4668766260147095	1.6586977243423462	0.5210545659065247	1.1983541250228882	0.0	0.22115588188171387	0.3268470764160156	0.0	0.0	1.5952140092849731	0.0	0.31950098276138306	1.0362557172775269	0.7328740358352661	2.13614821434021
0.0	0.0	0.0	0.0	0.606238603591919	0.0	2.1357171535491943	1.6842111349105835	0.234810009598732	0.40271297097206116	0.6306577920913696	0.0	0.0	0.05619674175977707	0.0	1.4233201742172241	1.2093299627304077	0.0	1.671451210975647	0.5855110883712769	0.38812723755836487	0.0	0.7587947249412537	1.7451220750808716	1.3403228521347046	3.352830171585083	0.0	0.0	1.0128880739212036	0.0	0.0	1.2552573680877686	0.0	0.0	0.7054188251495361	0.0	0.0	0.0	0.0	1.55153226852417	0.5890524387359619	1.058501124382019	1.5308016538619995	0.0	0.13161273300647736	0.42787405848503113	0.0	0.0	1.0877563953399658	1.8319276571273804	1.4992988109588623	0.4439504146575928	1.1559019088745117	0.0	0.18518950045108795	0.06132236495614052	0.0	0.03538648784160614	1.654880404472351	0.0	0.0	1.550387978553772	0.7326212525367737	1.556473731994629
0.0	0.0	0.0	0.0	1.2965482473373413	0.0	2.2790791988372803	2.0963869094848633	0.12021809071302414	0.1726112812757492	1.2410452365875244	0.0	0.0	0.2805590033531189	0.0	1.9858760833740234	0.7702033519744873	0.12935274839401245	2.214090585708618	1.0681508779525757	0.5092882513999939	1.345780849456787	1.3689532279968262	1.3323185443878174	1.760244369506836	2.410463333129883	0.0	0.0	0.97878497838974	0.4233061671257019	0.0	2.011209726333618	0.1561126708984375	0.0	1.0310837030410767	0.0	0.16371718049049377	0.0	0.0	1.3719100952148438	0.5730224847793579	1.5021997690200806	1.1412343978881836	0.0	0.15448683500289917	0.7853809595108032	0.0	0.0	1.015702724456787	1.021282434463501	2.0234296321868896	0.5259209275245667	1.0673408508300781	0.0	0.19934798777103424	0.6698271632194519	0.0	0.0	1.6645408868789673	0.0	0.34799596667289734	1.418996810913086	1.2735289335250854	2.6413581371307373
0.0	0.0	0.0	0.0	1.1450212001800537	0.0	2.2129828929901123	1.5633403062820435	0.1902904361486435	0.196279376745224	0.8349888324737549	0.0	0.0	0.183515727519989	0.0	1.4926196336746216	1.329638123512268	0.25180312991142273	1.9478418827056885	1.032300353050232	0.5805211663246155	0.3473008871078491	1.1050224304199219	1.7765096426010132	1.6568264961242676	3.3390464782714844	0.0	0.0	1.3551474809646606	0.0	0.0	1.4503436088562012	0.0	0.0	1.0954066514968872	0.0	0.08744969218969345	0.0	0.0	1.7097220420837402	0.5665765404701233	1.5934770107269287	1.7475605010986328	0.0	0.17458048462867737	0.5582451820373535	0.0	0.0	1.1206872463226318	1.5476570129394531	1.4415607452392578	0.2886945903301239	1.9788199663162231	0.0	0.07016386091709137	0.2694810926914215	0.0	0.0	1.647292137145996	0.0	0.0	1.4043071269989014	0.6866456866264343	1.289402723312378
0.0	0.0	0.0	0.0	0.7859318852424622	0.0	2.498180389404297	1.7962772846221924	0.21831414103507996	0.31785833835601807	0.8418615460395813	0.0	0.0	0.0	0.0	1.9421261548995972	0.8673165440559387	0.0	1.764055848121643	0.9243144392967224	0.3569847643375397	0.370412141084671	1.0070573091506958	1.5185836553573608	1.0483757257461548	2.941477060317993	0.0	0.0	0.7266473174095154	0.2661673426628113	0.0	1.4428058862686157	0.14323487877845764	0.0	1.2449889183044434	0.0	0.0	0.0	0.0	1.2892500162124634	0.8951396346092224	1.522627830505371	1.311949372291565	0.0	0.17545567452907562	1.098302960395813	0.0	0.0	1.2011799812316895	1.4205272197723389	2.78934383392334	0.5835493803024292	0.8881959915161133	0.0	0.0	0.5491790175437927	0.0	0.0	1.6116398572921753	0.0	0.4326813220977783	1.3416804075241089	1.2903536558151245	2.107424736022949
0.0	0.0	0.0	0.0	0.6769816279411316	0.0	2.5325522422790527	1.7217543125152588	0.140849307179451	0.4514535963535309	0.857947826385498	0.0	0.0	0.008924484252929688	0.0	1.817295789718628	1.428096890449524	0.0	1.7139643430709839	0.8093404173851013	0.3136884868144989	0.1155133917927742	1.1052659749984741	1.7280495166778564	0.8818262815475464	3.370260715484619	0.0	0.0	1.3690688610076904	0.0	0.0	1.3498085737228394	0.09092114120721817	0.0	0.9418661594390869	0.0	0.0	0.0	0.0	1.6298056840896606	0.6437258124351501	1.442211627960205	1.3211519718170166	0.0	0.0766255110502243	0.5633472204208374	0.0	0.0	1.093257188796997	1.7368865013122559	1.5490989685058594	0.38435661792755127	1.226327657699585	0.0	0.08102307468652725	0.39036595821380615	0.0	0.0	1.8302419185638428	0.0	0.0	1.5088659524917603	1.0658379793167114	1.6263405084609985
0.0	0.0	0.17896392941474915	0.0	0.9475879073143005	0.0	2.298581838607788	1.9281195402145386	0.16288307309150696	0.16424375772476196	0.8557050228118896	0.0	0.0	0.16689030826091766	0.0	1.5187379121780396	1.07235848903656	0.0	2.228100538253784	0.7985007762908936	0.35566940903663635	0.4697335660457611	1.3498313426971436	1.1728427410125732	1.4582405090332031	3.4895551204681396	0.0	0.0	0.8627724647521973	0.5248506665229797	0.0	1.8414016962051392	0.0	0.04923326149582863	1.0251811742782593	0.0	0.0	0.0	0.0	1.5375081300735474	0.6026408672332764	1.6348366737365723	1.105208396911621	0.0	0.1598501354455948	0.640332818031311	0.0	0.0	1.023472785949707	1.1294043064117432	1.8936516046524048	1.1825361251831055	1.2640894651412964	0.0	0.038656655699014664	0.2357224076986313	0.0	0.0	1.8490278720855713	0.0	0.013090958818793297	0.9522157311439514	1.2210806608200073	2.080271005630493
0.0	0.0	0.0	0.0	0.27203458547592163	0.0	1.758565902709961	1.7053725719451904	0.251769095659256	0.18220601975917816	0.6638148427009583	0.0	0.0	0.15286977589130402	0.0	1.7224867343902588	0.9405543208122253	0.0	1.6683825254440308	0.606042742729187	0.37147098779678345	0.2301449328660965	0.7106075882911682	1.6252808570861816	1.1306264400482178	3.1961398124694824	0.0	0.0	0.6539444923400879	0.30161675810813904	0.0	2.3339500427246094	0.03065597638487816	0.0	1.0628830194473267	0.0	0.0	0.0	0.0	1.369204044342041	0.5030767321586609	1.0762802362442017	1.0088125467300415	0.0	0.5289353728294373	0.6080691814422607	0.0	0.0	1.0646835565567017	1.5575995445251465	1.4201016426086426	0.12052521854639053	1.1162580251693726	0.0	0.05973901227116585	0.39484214782714844	0.0	0.09304949641227722	1.815591812133789	0.0	0.0	1.609777569770813	1.124365210533142	2.1864209175109863
0.0	0.0	0.0	0.0	0.43866416811943054	0.0	2.3029205799102783	1.739931344985962	0.2174336165189743	0.18058623373508453	0.8802317380905151	0.0	0.0	0.1117100939154625	0.0	1.3104304075241089	1.313772201538086	0.0	2.1037886142730713	1.1457678079605103	0.6779683828353882	0.0	1.3023849725723267	1.6940512657165527	1.749201774597168	3.5261213779449463	0.0	0.0	0.9519219994544983	0.0	0.0	1.3222407102584839	0.0	0.0	0.8678937554359436	0.0	0.0	0.0	0.0	1.5971871614456177	0.47684744000434875	1.1416126489639282	1.486738681793213	0.0	0.0935857966542244	0.527012825012207	0.0	0.0	1.1500167846679688	1.3399962186813354	1.4906740188598633	0.7650626301765442	1.3235160112380981	0.0	0.12252470850944519	0.35777080059051514	0.0	0.0	1.7212324142456055	0.0	0.0	1.5818748474121094	0.5192647576332092	1.477615237236023
0.0	0.0	0.0	0.0	0.8885282278060913	0.0	2.079742193222046	1.6185473203659058	0.2524770200252533	0.06381219625473022	1.129264235496521	0.0	0.0	0.07274114340543747	0.111073799431324	1.2059869766235352	1.2407076358795166	0.44211018085479736	2.2132506370544434	1.16533362865448	0.6142073273658752	0.006888041738420725	1.458897352218628	1.6923644542694092	1.7135884761810303	3.0387790203094482	0.0	0.0	1.1238877773284912	0.021037304773926735	0.0	1.8281556367874146	0.0	0.0	0.6568079590797424	0.0	0.0	0.0	0.0	1.579988718032837	0.6668061017990112	1.3050192594528198	1.497395634651184	0.0	0.1443135291337967	0.7968006134033203	0.0	0.0	1.0509462356567383	1.5251176357269287	1.5851738452911377	0.2623481750488281	1.5957542657852173	0.0	0.0803779661655426	0.46522557735443115	0.0	0.0	1.5724595785140991	0.0	0.0	1.4029223918914795	0.7040952444076538	2.472899913787842
0.0	0.0	0.0	0.0	0.8382072448730469	0.0	2.3211586475372314	2.0026652812957764	0.0	0.48353415727615356	1.1611204147338867	0.0	0.0	0.01651892624795437	0.130991593003273	1.2138711214065552	1.141295313835144	0.4453052580356598	2.5183358192443848	1.208521842956543	0.6596492528915405	0.0026330198161303997	1.1262893676757812	1.9424608945846558	2.2544214725494385	3.0048933029174805	0.0	0.0	1.2474051713943481	0.0	0.0	1.659711480140686	0.0	0.0	0.7221970558166504	0.0	0.0	0.0	0.0	1.5246167182922363	0.8031927943229675	1.5392889976501465	1.598676085472107	0.0	0.10152857005596161	0.46365925669670105	0.0	0.0	1.2099905014038086	1.3968011140823364	1.5076864957809448	0.24379956722259521	1.6774803400039673	0.0	0.01116206031292677	0.22181186079978943	0.0	0.0	1.6812999248504639	0.0	0.0	1.1072410345077515	0.9243560433387756	1.858627438545227
0.0	0.0	0.0	0.0	1.0332597494125366	0.0	2.1522769927978516	2.030740261077881	0.2372652143239975	0.0	1.3506227731704712	0.0	0.0	0.19550958275794983	0.0	1.503546953201294	1.043130874633789	0.7523542046546936	2.3619158267974854	1.154020071029663	0.47186028957366943	0.619996964931488	0.7097074389457703	1.6245795488357544	2.3796818256378174	2.6163647174835205	0.0	0.0	0.9224527478218079	0.5335835814476013	0.005067870952188969	2.19454026222229	0.0	0.2603325843811035	0.8329585790634155	0.0	0.12885285913944244	0.0	0.0	1.5971729755401611	0.5488534569740295	1.2819536924362183	1.2704615592956543	0.0	0.2700117528438568	0.650108814239502	0.0	0.0	0.8719799518585205	0.8366296887397766	1.9877040386199951	0.41382893919944763	2.2039682865142822	0.0	0.008276067674160004	0.5684854388237	0.0	0.0	1.8422495126724243	0.0	0.0	0.8233091235160828	1.5676509141921997	2.127349376678467
0.0	0.0	0.0	0.0	0.8337266445159912	0.0	2.3774478435516357	1.971785306930542	0.1262005865573883	0.22442179918289185	0.61693274974823	0.0	0.0	0.0	0.0	1.4231284856796265	0.969673216342926	0.0	1.9037466049194336	0.7346550822257996	0.45982980728149414	0.2155401110649109	1.1320185661315918	1.3349015712738037	1.3122001886367798	3.334043264389038	0.0	0.0	0.9466334581375122	0.0	0.0	1.425107479095459	0.0	0.0	1.0232974290847778	0.0	0.0	0.0	0.0	1.4611645936965942	0.6419749855995178	1.5809820890426636	1.19544517993927	0.0	0.05532699450850487	0.5785631537437439	0.0	0.0	1.0522781610488892	1.3683701753616333	1.889102816581726	0.6499546766281128	0.9971652626991272	0.0	0.005623535718768835	0.38979092240333557	0.0	0.0	1.5523086786270142	0.0	0.0	1.0280232429504395	0.985540509223938	1.6920822858810425
0.0	0.0	0.0	0.0	1.0092101097106934	0.0	2.299921751022339	1.7017905712127686	0.08647631108760834	0.16540853679180145	1.0694997310638428	0.0	0.0	0.0	0.34313535690307617	1.724086880683899	1.0626819133758545	0.5566228628158569	2.6193902492523193	1.3544201850891113	0.7156544327735901	0.1901211142539978	1.364792823791504	1.6010798215866089	1.9720051288604736	3.1329383850097656	0.0	0.0	1.1364502906799316	0.07120998203754425	0.0	1.7624785900115967	0.0	0.0	0.847811758518219	0.0	0.0	0.0	0.0	1.6490271091461182	0.6917915344238281	1.4125444889068604	1.5262922048568726	0.0	0.1282861977815628	0.7029418349266052	0.003706902964040637	0.0	1.3571361303329468	1.0918776988983154	1.5704542398452759	0.5153970122337341	2.137005090713501	0.0	0.0	0.3812830448150635	0.0	0.0	1.5082422494888306	0.0	0.0	0.921730101108551	0.7868499159812927	2.068415641784668
0.0	0.0	0.0	0.0	0.8405529856681824	0.0	2.121629476547241	1.6427775621414185	0.38471052050590515	0.20493195950984955	1.1843132972717285	0.0	0.0	0.26856619119644165	0.0653822273015976	1.312094807624817	0.9010703563690186	0.5929393768310547	2.673959255218506	1.1521353721618652	0.5362518429756165	0.028945188969373703	1.396845817565918	1.7701127529144287	2.2495341300964355	2.9166054725646973	0.0	0.0	1.2477930784225464	0.10388444364070892	0.0	1.5678377151489258	0.6635276675224304	0.041081201285123825	1.140151023864746	0.0	0.0	0.0	0.0	1.4743993282318115	0.792927086353302	1.1020294427871704	1.993819236755371	0.0	0.148751363158226	0.5323410630226135	0.0	0.0	1.3090003728866577	1.2616223096847534	1.5654937028884888	0.1891191303730011	2.0677406787872314	0.0	0.08241766691207886	0.27918174862861633	0.0	0.0	1.9224311113357544	0.0	0.031099626794457436	1.538909912109375	1.1728461980819702	1.799164056777954
0.0	0.0	0.0	0.0	0.7905002236366272	0.0	2.116098642349243	1.543188452720642	0.3187676966190338	0.27396881580352783	0.6416200399398804	0.0	0.0	0.0	0.0	1.4759509563446045	1.1276692152023315	0.0	1.7748439311981201	0.3977811634540558	0.3993206024169922	0.0	0.9746862649917603	1.7544835805892944	0.6209148168563843	3.3880717754364014	0.0	0.0	0.6548711061477661	0.0	0.0	0.7685631513595581	0.0	0.0	1.2471973896026611	0.0	0.0	0.0	0.0	1.438469409942627	0.8153408169746399	0.6927738785743713	1.049184799194336	0.0	0.0	0.5969088077545166	0.0	0.0	1.2097221612930298	1.6889183521270752	1.5870524644851685	0.311865895986557	0.24587653577327728	0.0	0.19461171329021454	0.24494875967502594	0.0	0.014790600165724754	1.2592538595199585	0.0	0.0	1.4482651948928833	0.8874523639678955	1.0966606140136719
0.0	0.0	0.0	0.0	0.7153074741363525	0.0	2.3559556007385254	1.8641282320022583	0.09710004925727844	0.27514412999153137	1.2602458000183105	0.0	0.0	0.46376490592956543	0.0	1.4969807863235474	1.0764166116714478	0.7595916986465454	2.4768922328948975	1.3550388813018799	0.833052396774292	0.54096919298172	1.4848037958145142	1.5075125694274902	1.8750463724136353	2.682732582092285	0.0	0.0	0.8228662014007568	0.7611191868782043	0.0	2.0288524627685547	0.0	0.10495782643556595	0.8358267545700073	0.0	0.04644286632537842	0.0	0.0	1.449881672859192	0.6459461450576782	0.9665809869766235	1.601873517036438	0.0	0.12377332150936127	0.4938148260116577	0.0	0.0	1.2335416078567505	1.2558043003082275	1.8089921474456787	0.41777145862579346	1.5061657428741455	0.0	0.11488015204668045	0.3244374394416809	0.0	0.0	1.8929907083511353	0.0	0.0	1.2968415021896362	1.340281367301941	2.3200690746307373
0.0	0.0	0.0	0.0	0.8204613327980042	0.0	2.5336434841156006	2.510382890701294	0.10997772216796875	0.2112555205821991	0.982758641242981	0.0	0.0	0.09528795629739761	0.0	1.6643621921539307	0.7030491232872009	0.0	2.0085816383361816	0.6989993453025818	0.3879770338535309	0.6079278588294983	1.3727627992630005	1.7118394374847412	1.2440235614776611	3.4677910804748535	0.0	0.0	0.7210875153541565	0.0	0.0	2.054764986038208	0.38690799474716187	0.0	1.3605210781097412	0.0	0.0	0.0	0.0	1.4143861532211304	0.5859929323196411	1.486878514289856	1.1308284997940063	0.0	0.10223144292831421	0.6842164397239685	0.0	0.0	1.195896029472351	1.4511778354644775	2.3300812244415283	0.7918398976325989	1.0680819749832153	0.0	0.1364692598581314	0.41279011964797974	0.0	0.0	1.6352614164352417	0.0	0.0	1.2002438306808472	1.1822216510772705	2.226236343383789
0.0	0.0	0.0	0.0	0.6017416715621948	0.0	2.3337693214416504	1.523795485496521	0.04884856939315796	0.6086438298225403	1.2293504476547241	0.0	0.0	0.12645231187343597	0.0	1.5102810859680176	0.9210620522499084	0.0	2.1821913719177246	0.8643136620521545	0.29925090074539185	0.010699767619371414	1.2686644792556763	1.4586554765701294	1.4817304611206055	3.2218801975250244	0.0	0.0	0.9785805344581604	0.0	0.0	1.4258469343185425	0.0	0.0	0.964371919631958	0.0	0.0	0.0	0.0	1.9771064519882202	0.8152523040771484	1.1113241910934448	1.3332270383834839	0.0	0.17872674763202667	0.4798113703727722	0.0	0.0	1.4064621925354004	1.322969913482666	1.7347725629806519	0.5846495032310486	1.5886965990066528	0.0	0.020411845296621323	0.0	0.0	0.1643294095993042	2.1925103664398193	0.0	0.4545876383781433	1.089469075202942	1.3669461011886597	1.5761953592300415
0.0	0.0	0.0	0.0	0.9602093696594238	0.0	2.4999749660491943	1.8538213968276978	0.2365410476922989	0.24555234611034393	0.7761958241462708	0.0	0.0	0.0	0.0	1.7406624555587769	1.0387917757034302	0.11888238787651062	1.7998285293579102	0.8616392612457275	0.5099250674247742	0.010951734147965908	1.1126996278762817	1.5955919027328491	1.7696149349212646	3.0780246257781982	0.0	0.0	1.1512038707733154	0.0	0.0	1.5939116477966309	0.0	0.0	0.963573694229126	0.0	0.007641894277185202	0.0	0.0	1.4063574075698853	0.5435886979103088	1.588849663734436	1.2108418941497803	0.0	0.06431186944246292	0.9183032512664795	0.0	0.0	1.0562061071395874	1.491452693939209	1.6974215507507324	0.595869243144989	1.2273679971694946	0.0	0.10127514600753784	0.4741387963294983	0.0	0.0	1.3925180435180664	0.0	0.0	1.2354333400726318	0.9407603144645691	2.058166980743408
0.0	0.0	0.0	0.0	0.7432801723480225	0.0	2.318028688430786	1.4700814485549927	0.2150382548570633	0.3093391954898834	1.1043956279754639	0.0	0.0	0.22900345921516418	0.0	1.4166213274002075	1.2224714756011963	0.0	2.1447086334228516	1.375511884689331	0.8628434538841248	0.0	0.8458936214447021	1.7211138010025024	1.978285789489746	2.813912868499756	0.0	0.0	1.1848210096359253	0.008055232465267181	0.0	1.5186525583267212	0.0	0.15095287561416626	1.0715774297714233	0.0	0.0	0.0	0.0	1.7014813423156738	0.8049183487892151	1.477737307548523	1.7769510746002197	0.0	0.24032261967658997	0.6947154402732849	0.0	0.0	1.5757603645324707	1.4849385023117065	1.8304928541183472	0.7809985280036926	1.441784381866455	0.0	0.2415277361869812	0.28953224420547485	0.0	0.03921261057257652	2.0883638858795166	0.0	0.6597641706466675	0.9657483696937561	1.1227413415908813	1.8869447708129883
0.0	0.0	0.0	0.0	0.898993730545044	0.0	1.9008411169052124	1.8767714500427246	0.2818978428840637	0.43158578872680664	0.6075290441513062	0.0	0.0	0.0	0.1265539973974228	1.4050261974334717	1.0750261545181274	0.0	2.0149037837982178	0.5905073881149292	0.35372310876846313	0.47673115134239197	1.4174875020980835	1.2544480562210083	1.7551437616348267	3.3246915340423584	0.0	0.0	0.9898367524147034	0.0	0.0	1.5220119953155518	0.0	0.0	0.8868725895881653	0.0	0.0	0.0	0.0	1.323642373085022	0.6410593390464783	1.6980912685394287	1.1555007696151733	0.0	0.20699693262577057	0.4924733638763428	0.0	0.0	1.0910025835037231	1.7110947370529175	1.5287091732025146	0.5536723136901855	1.532088279724121	0.0	0.0	0.3586277663707733	0.0	0.0	1.3719987869262695	0.0	0.0	1.2091985940933228	1.132173776626587	2.147409677505493
0.0	0.0	0.0	0.0	0.9387351870536804	0.0	2.1889710426330566	1.5415914058685303	0.32529518008232117	0.08158718049526215	0.48297664523124695	0.0	0.0	0.0	0.12389075011014938	1.6160012483596802	1.1861435174942017	0.0	1.8932808637619019	0.5862084031105042	0.33983293175697327	0.24134331941604614	1.210357666015625	1.5156397819519043	1.3088088035583496	3.5233089923858643	0.0	0.0	0.7060122489929199	0.0	0.0	1.525659441947937	0.030762698501348495	0.0	1.0861642360687256	0.0	0.0	0.0	0.0	1.3951637744903564	0.4584059715270996	1.2413657903671265	1.0913150310516357	0.0	0.2608588635921478	0.6704861521720886	0.0	0.0	0.7850251793861389	1.5649436712265015	1.4231358766555786	0.5279460549354553	0.9882698655128479	0.0	0.019023891538381577	0.6462153792381287	0.0	0.0	1.251049518585205	0.0	0.0	1.346215009689331	0.9208177328109741	1.980002522468567
0.0	0.0	0.0	0.0	0.8618513345718384	0.0	2.4321930408477783	1.9764738082885742	0.2387867569923401	0.407456636428833	0.6742756962776184	0.0	0.0	0.022425223141908646	0.0	1.675877332687378	1.0130219459533691	0.0	1.8563164472579956	0.7586815357208252	0.26974502205848694	0.3970194160938263	1.3953819274902344	1.422108769416809	1.475378155708313	3.2189009189605713	0.0	0.0	0.8195366263389587	0.0	0.0	1.8054168224334717	0.0	0.0	1.450303077697754	0.0	0.0	0.0	0.0	1.4024184942245483	0.5987593531608582	1.5500812530517578	1.1486064195632935	0.0	0.12279395014047623	0.6626610159873962	0.0	0.0	1.0702221393585205	1.7914161682128906	1.651564121246338	0.7943474650382996	0.9871922731399536	0.0	6.061547537683509e-05	0.32962003350257874	0.0	0.0	1.540177345275879	0.0	0.15866698324680328	0.9359723925590515	1.0372434854507446	2.1955854892730713
0.0	0.0	0.0	0.0	0.7399408221244812	0.0	2.5695464611053467	2.0639827251434326	0.19319602847099304	0.2748868465423584	0.7564259171485901	0.0	0.0	0.0	0.0	1.2835825681686401	0.9739329218864441	0.0	2.067350149154663	0.7149651646614075	0.3036017119884491	0.2851627767086029	1.1033574342727661	1.351779580116272	1.4763402938842773	3.1894891262054443	0.0	0.0	0.8339913487434387	0.0	0.0	1.5869513750076294	0.0	0.0	1.2445247173309326	0.0	0.0	0.0	0.0	1.425218939781189	0.620583713054657	1.5575804710388184	1.0577372312545776	0.0	0.04906243830919266	0.847244918346405	0.0	0.0	1.0622562170028687	1.4148796796798706	1.947956919670105	0.9351077079772949	1.1481068134307861	0.0	0.023935727775096893	0.4251944124698639	0.0	0.0	1.40873384475708	0.0	0.0	0.8881357908248901	1.0156108140945435	1.8501135110855103
0.0	0.0	0.0	0.0	0.8661254048347473	0.0	2.3331782817840576	1.8038384914398193	0.2460673749446869	0.07296596467494965	0.9729523658752441	0.0	0.0	0.0	0.17263434827327728	0.9369317293167114	1.2854331731796265	0.41334712505340576	2.18981671333313	0.9282200932502747	0.6505471467971802	0.0	0.980390191078186	1.6776593923568726	2.011795997619629	3.2493269443511963	0.0	0.0	0.9671882390975952	0.0	0.0	1.88922917842865	0.0	0.0	0.6367403268814087	0.0	0.0	0.0	0.0	1.3963301181793213	0.6563997268676758	1.5176427364349365	1.4241564273834229	0.0	0.11603008210659027	0.5054764747619629	0.0	0.0	1.2787089347839355	1.682154655456543	1.3740355968475342	0.5987497568130493	1.6561806201934814	0.0	0.1348593384027481	0.22196927666664124	0.0	0.0	1.5767195224761963	0.0	0.0	1.1905745267868042	0.594252347946167	1.9497119188308716
0.0	0.0	0.0	0.0	0.6143468618392944	0.0	2.171651840209961	1.7626076936721802	0.0	0.38261863589286804	0.8581618666648865	0.0	0.0	0.0	0.0	1.6783276796340942	0.6179101467132568	0.0	2.102942705154419	1.0447667837142944	0.20536981523036957	0.6194319128990173	1.254585862159729	1.5049875974655151	1.649227261543274	2.6419808864593506	0.0	0.0	0.9983665943145752	0.3235873281955719	0.0	2.3472321033477783	0.0	0.005694566760212183	0.9854801893234253	0.0	0.0	0.0	0.0	1.5193357467651367	0.6297016143798828	1.41718327999115	1.174242377281189	0.0	0.11635266244411469	0.5225724577903748	0.0	0.0	1.0956027507781982	1.1514605283737183	1.8057339191436768	0.4568231403827667	1.3540681600570679	0.0	0.0	0.3000345230102539	0.0	0.03654388710856438	2.030862331390381	0.0	0.24400277435779572	0.8676310181617737	1.8100838661193848	2.2828705310821533
0.0	0.0	0.0	0.0	0.9210056066513062	0.0	2.2939932346343994	1.7880996465682983	0.15041671693325043	0.19657376408576965	1.1172266006469727	0.0	0.0	0.0	0.0	1.5207997560501099	0.9907934665679932	0.0	2.128751754760742	0.8973641395568848	0.569647490978241	0.0	1.3122729063034058	1.8170840740203857	1.4031271934509277	3.077723979949951	0.0	0.0	0.9294395446777344	0.0	0.0	1.6286873817443848	0.2146393060684204	0.0	0.9453837275505066	0.0	0.0	0.0	0.0	1.3709701299667358	0.9303963780403137	1.2854487895965576	1.553647756576538	0.0	0.1748889982700348	0.5220211148262024	0.0	0.0	1.505983591079712	1.453966736793518	1.6088670492172241	0.17640434205532074	0.7490504384040833	0.0	0.27254486083984375	0.2936575710773468	0.0	0.02609744295477867	1.839034080505371	0.0	0.05092368274927139	1.2823307514190674	1.037519097328186	1.8581759929656982
0.06693997234106064	0.0	0.0	0.0	0.9970278143882751	0.0	2.273982048034668	1.732548475265503	0.220039501786232	0.10941317677497864	0.7853605151176453	0.0	0.0	0.0	0.0	1.48170804977417	1.0428439378738403	0.0	1.9702116250991821	0.7274928689002991	0.5935748219490051	0.5311906337738037	1.234839916229248	1.4168180227279663	1.3490675687789917	3.30092716217041	0.0	0.0	0.9291563630104065	0.0	0.0	1.492485523223877	0.01805124804377556	0.0	0.8434156775474548	0.0	0.0	0.0	0.0	1.4148955345153809	0.6636842489242554	1.7821104526519775	1.2362300157546997	0.0	0.1557849943637848	0.4375636875629425	0.0	0.0	1.0716503858566284	1.6887096166610718	1.6003758907318115	0.6296462416648865	1.2124388217926025	0.0	0.05806834250688553	0.4097420275211334	0.0	0.0	1.3559637069702148	0.0	0.0	1.1637706756591797	0.8407276272773743	1.8896251916885376
0.0	0.0	0.0	0.0	0.4549671411514282	0.0	2.5275661945343018	1.8069331645965576	0.1327923983335495	0.5059555768966675	0.6583077907562256	0.0	0.0	0.12962332367897034	0.0	1.7992262840270996	0.8750911355018616	0.0	1.8374159336090088	0.6474167108535767	0.43041330575942993	0.22017471492290497	0.9075409173965454	1.8405038118362427	1.302613377571106	2.8980932235717773	0.0	0.0	0.9609646201133728	0.11962494254112244	0.0	1.990831971168518	0.1361432522535324	0.0	0.9044656157493591	0.0	0.10635818541049957	0.0	0.0	1.368876576423645	0.36861133575439453	1.5174548625946045	1.1677312850952148	0.0	0.06030755862593651	0.7402415871620178	0.0	0.0	0.861720860004425	1.4525567293167114	1.7992241382598877	0.8084442019462585	0.9306104183197021	0.0	0.1730785071849823	0.6626233458518982	0.0	0.0	1.563108205795288	0.0	0.06818173080682755	1.229710578918457	1.7228612899780273	2.1450178623199463
0.0	0.0	0.0	0.0	1.0671262741088867	0.0	2.5634446144104004	2.242671012878418	0.0	0.16367682814598083	1.4019004106521606	0.0	0.0	0.2472110539674759	0.17067107558250427	1.1999260187149048	0.7008039951324463	1.0511454343795776	2.5500872135162354	1.0252509117126465	0.4036743938922882	0.41076743602752686	1.2007287740707397	1.1979988813400269	2.0969533920288086	2.726006507873535	0.0	0.0	0.8315750360488892	0.15944324433803558	0.007004405837506056	1.9756687879562378	0.0	0.08995568752288818	1.2355310916900635	0.0	0.0	0.0	0.0	1.2850892543792725	0.8408054709434509	1.366098403930664	1.774697184562683	0.0	0.14182113111019135	0.5040868520736694	0.1267094910144806	0.0	1.1679898500442505	1.0748255252838135	1.813260555267334	1.256939172744751	2.243058681488037	0.0	0.0	0.2519868314266205	0.0	0.0	2.020840883255005	0.0	0.0	0.7316094636917114	1.0472686290740967	2.0295932292938232
0.0	0.0	0.0	0.0	0.894621729850769	0.0	2.0745034217834473	1.824320673942566	0.1350988745689392	0.10972597450017929	0.8223108053207397	0.0	0.0	0.06717231869697571	0.0	2.083169460296631	1.128320336341858	0.5696409344673157	1.8573166131973267	0.9563486576080322	0.4919748902320862	0.23848265409469604	0.9544662237167358	1.4394466876983643	1.5623654127120972	3.037393569946289	0.0	0.0	0.7502319812774658	0.1814570277929306	0.0	2.237022876739502	0.0	0.0	1.1255031824111938	0.0	0.15790127217769623	0.0	0.0	1.545702338218689	0.4366505444049835	1.2241146564483643	1.185075044631958	0.0	0.15672871470451355	0.8099662661552429	0.0	0.0	1.2826203107833862	1.2730587720870972	1.813098669052124	0.23638659715652466	1.5339210033416748	0.0	0.0005642693722620606	0.6278620362281799	0.0	0.0	1.5460315942764282	0.0	0.0	1.0137417316436768	1.0272773504257202	1.9332926273345947
0.04347599297761917	0.0	0.0	0.0	0.5426469445228577	0.0	2.282668113708496	1.6474095582962036	0.10946755111217499	0.4454726278781891	1.0285648107528687	0.0	0.0	0.0	0.0	1.3883311748504639	1.1528263092041016	0.0	2.1680476665496826	0.8455663919448853	0.5110985636711121	0.0	0.8745434284210205	1.7502275705337524	1.441692590713501	3.4659783840179443	0.0	0.0	1.0561366081237793	0.0	0.0	1.638052225112915	0.0	0.0	0.9921544790267944	0.0	0.0	0.0	0.0	1.441096544265747	0.5881133079528809	1.4382234811782837	1.3273046016693115	0.0	0.1939501017332077	0.5871849656105042	0.0	0.0	1.3223586082458496	1.3874293565750122	1.5254765748977661	0.5861469507217407	1.406069278717041	0.0	0.07571562379598618	0.24934618175029755	0.0	0.0	1.835572361946106	0.0	0.2567809820175171	1.1122604608535767	1.0513653755187988	1.422426700592041
0.0	0.0	0.0	0.0	0.8281524777412415	0.0	2.3905391693115234	1.693801999092102	0.182113379240036	0.3400929570198059	1.0162416696548462	0.0	0.0	0.0	0.0	1.278767466545105	1.2419177293777466	0.0	1.8769391775131226	0.5972651839256287	0.5289396047592163	0.10751107335090637	1.2706762552261353	2.0238211154937744	1.3532252311706543	3.4372541904449463	0.0	0.0	1.0728845596313477	0.0	0.0	0.9107359647750854	0.0	0.0	0.7572045922279358	0.0	0.0	0.0	0.0	1.4644180536270142	0.5864410400390625	1.3331856727600098	1.2895457744598389	0.0	0.11285535991191864	0.7146230936050415	0.0	0.0	1.1335099935531616	1.7154521942138672	1.2511531114578247	0.5421015024185181	1.1207342147827148	0.0	0.12023556977510452	0.2028740793466568	0.0	0.0	1.643095850944519	0.0	0.0	1.4812262058258057	0.7682554125785828	1.6246496438980103
0.0	0.0	0.1542569398880005	0.0	1.3856624364852905	0.0	2.130288600921631	1.9203962087631226	0.18365271389484406	0.0	1.1518607139587402	0.0	0.0	0.21662501990795135	0.5838710069656372	1.2708255052566528	1.454026699066162	1.0230425596237183	2.6832785606384277	1.1788153648376465	0.6551971435546875	0.5759844779968262	1.3149186372756958	1.6215394735336304	3.0037426948547363	2.6898016929626465	0.0	0.0	1.1346231698989868	0.3615618050098419	0.004169851541519165	1.7083007097244263	0.0	0.3390901982784271	1.0515776872634888	0.0	0.05088932067155838	0.0	0.0	1.4626888036727905	0.6361829042434692	1.384609341621399	1.8389818668365479	0.0	0.4059979021549225	0.7454475164413452	0.14245803654193878	0.0	0.9036881327629089	1.1083617210388184	1.6128145456314087	0.44780153036117554	1.813295602798462	0.0	0.020825976505875587	0.3921731114387512	0.0	0.0	1.4496630430221558	0.0	0.0	0.7615996599197388	1.3439019918441772	1.9511680603027344
0.0	0.0	0.0	0.0	0.9469023942947388	0.0	2.221822738647461	1.718299150466919	0.5291162133216858	0.0	0.9140816926956177	0.16041694581508636	0.0	0.16911236941814423	0.25707343220710754	1.4845561981201172	1.3291209936141968	0.20568643510341644	2.002232551574707	0.9617846012115479	0.6743103861808777	0.0	1.0481038093566895	1.6154253482818604	1.906532883644104	3.1927826404571533	0.0	0.0	0.8276955485343933	0.5332584381103516	0.0	1.9414188861846924	0.0	0.0	0.9055833220481873	0.0	0.06475500017404556	0.0	0.0	1.4488883018493652	0.5876836776733398	1.5089153051376343	1.163981318473816	0.0	0.19975851476192474	0.5834377408027649	0.08725173026323318	0.0	1.0151411294937134	1.6362489461898804	1.5849741697311401	0.3869796395301819	1.091003656387329	0.0	0.1578264981508255	0.6183618903160095	0.0	0.0	1.2631436586380005	0.0	0.0	1.2843295335769653	0.700245201587677	2.402764320373535
0.0	0.0	0.0	0.0	0.7418201565742493	0.0	2.1964504718780518	1.8797434568405151	0.13809150457382202	0.46275702118873596	0.8953368663787842	0.0	0.0	0.0	0.09191013872623444	1.3132176399230957	1.0536476373672485	0.0	2.088740348815918	0.765290379524231	0.46271494030952454	0.0	1.1049963235855103	1.617828369140625	1.5709768533706665	3.4089765548706055	0.0	0.0	0.8929173350334167	0.0	0.0	1.3461915254592896	0.0	0.0	1.055871605873108	0.0	0.0	0.0	0.0	1.3706666231155396	0.6277269124984741	1.4826364517211914	1.4116158485412598	0.0	0.04756390303373337	0.4617385268211365	0.0	0.0	1.18632173538208	1.620169997215271	1.7589657306671143	0.8480821847915649	0.8398942947387695	0.0	0.07251792401075363	0.29180237650871277	0.0	0.0	1.3961273431777954	0.0	0.0	1.2184760570526123	0.831610918045044	1.9333745241165161
0.0	0.0	0.0	0.0	1.0052731037139893	0.0	2.3229644298553467	1.7667714357376099	0.0	0.1527285873889923	1.1773340702056885	0.0	0.0	0.11610803008079529	0.16965772211551666	1.159468412399292	1.0196963548660278	0.9724825620651245	2.4260032176971436	1.2093331813812256	0.6529603004455566	0.093484066426754	1.225085973739624	1.5932034254074097	2.4914510250091553	2.8109803199768066	0.0	0.0	0.9931002855300903	0.32548338174819946	0.0	1.788630485534668	0.1256651133298874	0.0	0.6090717911720276	0.0	0.0	0.0	0.0	1.534041166305542	0.7056500911712646	1.5055862665176392	1.5678108930587769	0.0	0.03854001313447952	0.6133261322975159	0.0	0.0	1.3155648708343506	1.0649558305740356	1.4820739030838013	0.3221525251865387	2.2386105060577393	0.0	0.08980818092823029	0.12921352684497833	0.0	0.0	1.651856541633606	0.0	0.18052665889263153	1.4778398275375366	0.7739728689193726	2.2502453327178955
0.0	0.0	0.0	0.0	0.9453108906745911	0.0	2.177687168121338	1.6360007524490356	0.1212306097149849	0.017220551148056984	0.9389012455940247	0.0	0.0	0.10200334340333939	0.0	1.222033977508545	1.1273329257965088	0.0	2.169379711151123	0.9861342310905457	0.47916102409362793	0.0	1.243709921836853	1.4176136255264282	1.8649755716323853	3.3139379024505615	0.0	0.0	0.4895912706851959	0.0	0.0	1.6615415811538696	0.0	0.0	1.0656434297561646	0.0	0.0	0.0	0.0	1.3996820449829102	0.818442702293396	1.1964720487594604	1.7626200914382935	0.0	0.29158124327659607	0.5063561201095581	0.0	0.0	1.2503859996795654	1.8272613286972046	1.7697142362594604	0.7564067244529724	1.0665366649627686	0.0	0.19480696320533752	0.1455320119857788	0.0	0.0	1.8006387948989868	0.0	0.0	1.6601191759109497	0.9435227513313293	1.8022370338439941
0.0	0.0	0.0	0.0	0.6413913369178772	0.0	2.497800588607788	2.3183236122131348	0.0	0.43683284521102905	0.8782728910446167	0.0	0.0	0.0	0.0	1.4588141441345215	0.9962522387504578	0.0	1.8099490404129028	1.0800375938415527	0.30282384157180786	0.5997937917709351	1.1403363943099976	1.4697635173797607	1.1534651517868042	3.227555751800537	0.0	0.0	0.8779324889183044	0.08435002714395523	0.0	2.1852500438690186	0.0	0.04011930525302887	1.3207086324691772	0.0	0.10180316120386124	0.0	0.0	1.4355740547180176	0.7658094167709351	1.7211480140686035	1.1224651336669922	0.0	0.11714957654476166	1.0463305711746216	0.0	0.0	0.9553733468055725	1.5347319841384888	2.3730685710906982	0.6173332333564758	1.42988920211792	0.0	0.09417589753866196	0.49026212096214294	0.0	0.0	1.7406891584396362	0.0	0.11385933309793472	1.0658138990402222	1.1106798648834229	2.1326045989990234
0.0	0.0	0.0	0.0	0.9585167169570923	0.0	2.06391978263855	1.7634186744689941	0.07043954730033875	0.21032533049583435	1.2104198932647705	0.0	0.0	0.0	0.21404971182346344	0.9673837423324585	1.0963736772537231	0.8616589903831482	2.4484035968780518	1.2906588315963745	0.5866692066192627	0.05499625951051712	1.3744646310806274	1.6865119934082031	2.1227123737335205	3.0181243419647217	0.0	0.0	1.1470098495483398	0.0	0.0	1.5024117231369019	0.0	0.0	0.5545981526374817	0.0	0.10012741386890411	0.0	0.0	1.5732632875442505	0.6602749824523926	1.736833095550537	1.421501874923706	0.0	0.15527302026748657	0.7267244458198547	0.0	0.0	1.2722867727279663	1.2092361450195312	1.3772896528244019	0.29774972796440125	1.3841599225997925	0.0	0.11806698143482208	0.23863273859024048	0.0	0.0	1.6863991022109985	0.0	0.0	0.9772512316703796	0.8352205157279968	1.853706955909729
0.0	0.0	0.0	0.0	0.9921190142631531	0.0	2.2197563648223877	1.9855365753173828	0.238361194729805	0.2778159976005554	1.0071948766708374	0.0	0.0	0.0	0.0987149104475975	1.7866052389144897	1.0261774063110352	0.09248235821723938	1.9260199069976807	0.755916953086853	0.6035627722740173	0.26433393359184265	1.159810185432434	1.6612966060638428	1.647286295890808	3.193998336791992	0.0	0.0	0.8002718091011047	0.005251093301922083	0.0	2.0738027095794678	0.0	0.0	1.0443305969238281	0.0	0.15298770368099213	0.0	0.0	1.419784665107727	0.6364239454269409	1.5576086044311523	1.1614221334457397	0.0	0.17425291240215302	0.7183434367179871	0.0	0.0	1.1691253185272217	1.6389468908309937	1.791137456893921	0.4512481391429901	1.424282431602478	0.0	0.2056909054517746	0.4627022445201874	0.0	0.0	1.4280768632888794	0.0	0.0	1.5489163398742676	0.7119334936141968	2.2137269973754883
0.0	0.0	0.38351768255233765	0.0	1.4338264465332031	0.0	2.120974540710449	2.0460212230682373	0.09161942452192307	0.0	1.0972856283187866	0.0	0.0	0.15982595086097717	0.0	1.3364980220794678	0.9478045701980591	0.036288898438215256	2.5687496662139893	0.9310999512672424	0.5191585421562195	0.44767388701438904	1.2344474792480469	1.1701531410217285	1.6348930597305298	2.554887056350708	0.0	0.0	0.9614894390106201	0.10405513644218445	0.0	1.7959580421447754	0.0	0.0	1.3730684518814087	0.0	0.0	0.0	0.0	1.357170820236206	0.8005557656288147	1.39663827419281	1.241028904914856	0.0	0.1917756348848343	0.6307727694511414	0.0	0.0	1.2985570430755615	1.6359233856201172	1.985707402229309	0.6732122302055359	1.1671254634857178	0.0	0.14610004425048828	0.5373592376708984	0.0	0.0	1.6920139789581299	0.0	0.0	0.9757049679756165	0.8431385159492493	2.3516461849212646
0.0	0.0	0.0	0.0	0.5543127655982971	0.0	1.8842284679412842	1.5407756567001343	0.41251811385154724	0.18635062873363495	0.825818657875061	0.0	0.0	0.0	0.0	1.381260871887207	1.296352744102478	0.04504626244306564	1.8031728267669678	0.6960369348526001	0.5813597440719604	0.0	0.8139953017234802	2.0029568672180176	1.5074846744537354	3.657808780670166	0.0	0.0	1.1195491552352905	0.0	0.0	1.2212692499160767	0.0	0.0	0.785473644733429	0.0	0.0	0.0	0.0	1.6665773391723633	0.5646353363990784	1.2524633407592773	1.5807386636734009	0.0	0.11405554413795471	0.5917094349861145	0.0	0.0	1.2700046300888062	1.9435771703720093	1.5415685176849365	0.3102741837501526	1.07398521900177	0.0	0.2565406560897827	0.30119678378105164	0.0	0.0	1.3130499124526978	0.0	0.0	1.6132333278656006	0.6826813817024231	1.7937142848968506
0.0	0.0	0.0	0.0	1.2004482746124268	0.0	1.989391565322876	1.8886966705322266	0.09851227700710297	0.2744186520576477	0.9862262010574341	0.0	0.0	0.10926538705825806	0.0	1.5330793857574463	1.2891801595687866	0.09609545022249222	2.2777657508850098	0.7800061702728271	0.5989390015602112	0.6654767990112305	1.1310092210769653	1.603999376296997	2.0503122806549072	2.719815492630005	0.0	0.0	0.8443098068237305	0.15723848342895508	0.0	2.525298833847046	0.0	0.0	1.3616631031036377	0.0	0.0	0.0	0.0	1.3289052248001099	0.6397891044616699	1.3502295017242432	1.2485485076904297	0.0	0.4295348823070526	0.6747915148735046	0.0	0.0	1.1324946880340576	1.6507567167282104	1.6653374433517456	0.3545639216899872	1.426421880722046	0.0	0.0	0.4333067238330841	0.0	0.03951634094119072	1.73976731300354	0.0	0.08116213232278824	1.3565417528152466	1.1581569910049438	2.2875804901123047
0.0	0.0	0.0	0.0	1.2425185441970825	0.0	2.3563432693481445	1.7522493600845337	0.0	0.03999750316143036	1.3399125337600708	0.0	0.0	0.0	0.15341684222221375	1.0358047485351562	1.0655723810195923	0.5354613661766052	2.5570101737976074	1.2564761638641357	0.6569092273712158	0.0	1.1641275882720947	1.4649443626403809	2.625532627105713	2.9997384548187256	0.0	0.0	1.0483275651931763	0.0	0.0	1.7337729930877686	0.0	0.0	0.6822049617767334	0.0	0.0	0.0	0.0	1.5045102834701538	0.9059628248214722	1.527578592300415	1.6402238607406616	0.0	0.041868388652801514	0.597044050693512	0.0	0.0	1.321539282798767	1.174764633178711	1.3470083475112915	0.39287954568862915	1.5572911500930786	0.0	0.1811472475528717	0.1452934741973877	0.0	0.019210252910852432	1.6193240880966187	0.0	0.7816369533538818	0.8716544508934021	0.7456516623497009	1.9926425218582153
0.0	0.0	0.0	0.0	0.6099159121513367	0.0	1.9947383403778076	1.8044825792312622	0.29026055335998535	0.24834862351417542	0.7821982502937317	0.0	0.0	0.023060623556375504	0.0	1.7225370407104492	1.1641770601272583	0.0	1.9997414350509644	0.8365326523780823	0.5948776602745056	0.1636471003293991	1.0972009897232056	1.7132424116134644	1.5003726482391357	3.1295478343963623	0.0	0.0	0.8723799586296082	0.2123188078403473	0.0	1.977481484413147	0.28882908821105957	0.0	0.8173072338104248	0.0	0.15715964138507843	0.0	0.0	1.3884358406066895	0.7148212194442749	1.5510663986206055	1.2683221101760864	0.0	0.2900412380695343	0.40131187438964844	0.0	0.0	1.2397793531417847	1.7329823970794678	1.694851279258728	0.31672048568725586	1.481420636177063	0.0	0.16574786603450775	0.3977822959423065	0.0	0.036343950778245926	1.6252487897872925	0.0	0.0	1.173958659172058	0.994102418422699	2.1144349575042725
0.0	0.0	0.0	0.0	0.5280247926712036	0.0	2.4729361534118652	1.9838637113571167	0.28219640254974365	0.16640111804008484	1.0579832792282104	0.0	0.0	0.24227042496204376	0.0	1.8506786823272705	0.8324191570281982	0.0	2.1100666522979736	0.6668183207511902	0.4445880949497223	0.08111024647951126	1.0791035890579224	1.5509966611862183	1.2511988878250122	2.7205159664154053	0.0	0.0	1.0345066785812378	0.19046038389205933	0.0	2.0321381092071533	0.23556113243103027	0.04006953909993172	1.268409252166748	0.0	0.0	0.0	0.0	1.6963032484054565	0.7081050276756287	1.5060433149337769	1.0894339084625244	0.0	0.07759833335876465	0.6004501581192017	0.0	0.0	1.0307931900024414	1.434394359588623	2.103104829788208	0.27276188135147095	1.2937499284744263	0.0	0.08420734852552414	0.844972550868988	0.0	0.0	1.7357847690582275	0.0	0.0	1.242047667503357	1.2741308212280273	2.016533136367798
0.0	0.0	0.0	0.0	1.0610870122909546	0.0	1.95246422290802	1.665732979774475	0.2562011182308197	0.10937874764204025	0.8290733098983765	0.0	0.0	0.0	0.21105831861495972	1.246048927307129	1.289077639579773	0.0	2.0154805183410645	1.0386279821395874	0.6444514393806458	0.40396109223365784	0.8939893245697021	1.6790882349014282	1.8921003341674805	3.2025153636932373	0.0	0.0	0.7497150301933289	0.0	0.0	1.367161512374878	0.0	0.0	0.7736297249794006	0.0	0.0	0.0	0.0	1.2915676832199097	0.6784754991531372	1.47360098361969	1.3442797660827637	0.0	0.09398519992828369	0.6568379998207092	0.0	0.0	1.3225219249725342	1.684119701385498	1.7216132879257202	0.4288290739059448	0.8183297514915466	0.0	0.1934460997581482	0.29359593987464905	0.0	0.0	1.3703458309173584	0.0	0.0	1.10666823387146	0.6012566685676575	1.949489712715149
0.0	0.0	0.0	0.0	0.9845038652420044	0.0	2.2595996856689453	1.9928654432296753	0.03038199432194233	0.4815617501735687	1.0029871463775635	0.0	0.0	0.0	0.0	1.359490990638733	0.8467836380004883	0.41832977533340454	2.3194055557250977	0.9223730564117432	0.4573201835155487	0.17584356665611267	1.1515333652496338	1.7656433582305908	1.6733717918395996	2.9007415771484375	0.0	0.0	1.0595180988311768	0.0	0.0	1.7451297044754028	0.0	0.0	0.8933229446411133	0.0	0.0	0.0	0.0	1.5663822889328003	0.7124744057655334	1.4892810583114624	1.5806372165679932	0.0	0.0	0.7823949456214905	0.0	0.0	1.3821676969528198	1.2320903539657593	1.8015899658203125	0.13041791319847107	1.6911790370941162	0.0	0.0	0.3269234299659729	0.0	0.0	1.7759816646575928	0.0	0.14681454002857208	0.9191722869873047	0.9848904609680176	2.059013605117798
0.0	0.0	0.0	0.0	0.5290026664733887	0.0	2.7944045066833496	1.8293864727020264	0.16051270067691803	0.34748393297195435	1.00031316280365	0.0	0.0	0.6843703389167786	0.0	1.3319238424301147	1.2516824007034302	0.0	2.097094774246216	1.4067302942276	0.612191915512085	0.14551597833633423	1.1717439889907837	2.030553102493286	1.2534072399139404	3.219022035598755	0.0	0.0	1.1431171894073486	0.0	0.0	1.1943210363388062	0.0	0.20055162906646729	1.3885880708694458	0.0	0.0	0.0	0.0	1.4519234895706177	0.758510947227478	1.347510814666748	1.6990610361099243	0.0	0.0	0.5722321271896362	0.0	0.0	1.2878307104110718	1.745248556137085	1.7235455513000488	0.9068495631217957	0.7397575378417969	0.0	0.22215087711811066	0.24596168100833893	0.0	0.0	2.1312482357025146	0.0	0.8904021978378296	1.3887500762939453	0.8007643222808838	1.411871314048767
0.0	0.0	0.0	0.0	0.8993586301803589	0.0	1.9646731615066528	1.6984046697616577	0.0	0.2919330596923828	1.1016755104064941	0.0	0.0	0.06593382358551025	0.21315564215183258	1.1195416450500488	1.0141589641571045	0.7009435892105103	2.672374963760376	1.0765068531036377	0.5720133781433105	0.1915665715932846	1.2295113801956177	1.4926964044570923	2.1035263538360596	3.0575761795043945	0.0	0.0	1.2613414525985718	0.0	0.0	1.9546276330947876	0.0	0.0057213203981518745	0.6763538718223572	0.0	0.0	0.0	0.0	1.5212141275405884	0.7476006150245667	1.8038026094436646	1.4729875326156616	0.0	0.03918929025530815	0.40017440915107727	0.0	0.0	1.3997948169708252	1.2533296346664429	1.4324086904525757	0.39958590269088745	1.630581259727478	0.0	0.08495400846004486	0.2525639832019806	0.0	0.0	1.6883273124694824	0.0	0.11478303372859955	0.9911857843399048	0.90982586145401	1.9818753004074097
0.0	0.0	0.0	0.0	0.7840406894683838	0.0	2.3652050495147705	1.989589810371399	0.18779152631759644	0.5645151734352112	0.9364989995956421	0.0	0.0	0.0035764495842158794	0.0	1.9086885452270508	1.0628269910812378	0.0	2.223714590072632	0.9688481092453003	0.4321947395801544	0.2749478220939636	1.2806313037872314	1.6843194961547852	1.3570139408111572	2.9610254764556885	0.0	0.0	1.1608978509902954	0.29397499561309814	0.0	1.8455721139907837	0.0	0.0	1.0742337703704834	0.0	0.0	0.0	0.0	1.6934123039245605	0.5569189190864563	1.5948009490966797	1.2402820587158203	0.0	0.03904114291071892	0.6632118225097656	0.0	0.0	1.3631819486618042	1.4398298263549805	2.0545787811279297	0.545932412147522	1.0133899450302124	0.0	0.09737925976514816	0.4357318878173828	0.0	0.0	1.6382890939712524	0.0	0.4806864261627197	1.1627391576766968	1.351879358291626	2.1103250980377197
0.0	0.0	0.0	0.0	0.870261013507843	0.0	2.1917943954467773	1.7595208883285522	0.14823563396930695	0.23359918594360352	1.0288642644882202	0.0	0.0	0.2567567229270935	0.006754890084266663	1.0748240947723389	1.0784313678741455	0.5141241550445557	2.409968137741089	1.431932806968689	0.5987526178359985	0.055998485535383224	0.9182701110839844	1.4586125612258911	1.903159260749817	3.028674840927124	0.0	0.0	1.1036555767059326	0.015781432390213013	0.0	1.823085069656372	0.0	0.0	0.8342856764793396	0.0	0.11875750869512558	0.0	0.0	1.451861023902893	0.7031620740890503	1.8424557447433472	1.3789737224578857	0.0	0.14824363589286804	0.6711591482162476	0.0	0.0	1.5181431770324707	1.3493021726608276	1.4018954038619995	0.3247181177139282	1.5712565183639526	0.0	0.01972191594541073	0.2889460027217865	0.0	0.0	1.8680939674377441	0.0	0.0	1.0669090747833252	0.7979283928871155	2.109772205352783
0.0	0.0	0.0	0.0	0.7957989573478699	0.0	2.095512866973877	1.8895270824432373	0.10966562479734421	0.41727733612060547	0.8220570087432861	0.0	0.0	0.0	0.059810638427734375	1.377736210823059	1.1922303438186646	0.0	2.060922384262085	0.7522256374359131	0.3579425513744354	0.19537103176116943	0.7872129082679749	1.3915115594863892	1.4993549585342407	3.0867226123809814	0.0	0.0	0.910907506942749	0.044171638786792755	0.0	1.940176010131836	0.0	0.0	1.2070809602737427	0.0	0.0	0.0	0.0	1.3441364765167236	0.49969589710235596	1.668388843536377	1.1036673784255981	0.0	0.13935065269470215	0.7335478067398071	0.0	0.0	1.09123694896698	1.3393187522888184	1.6585142612457275	0.5989673137664795	1.3472973108291626	0.0	0.0	0.4650847911834717	0.0	0.0	1.6552752256393433	0.0	0.0	0.9111645221710205	1.062254548072815	2.012596845626831
0.0	0.0	0.0	0.0	0.7778840661048889	0.0	2.5254087448120117	1.855654001235962	0.1166204884648323	0.11792086809873581	0.9750401377677917	0.0	0.0	0.06934347003698349	0.03560994192957878	1.5849143266677856	1.5967684984207153	0.09192835539579391	2.2198688983917236	0.9643005132675171	0.6619606614112854	0.09508633613586426	1.171607494354248	1.662109375	2.0442941188812256	2.766077756881714	0.0	0.0	0.9716693162918091	0.051715027540922165	0.0	1.869308352470398	0.007683767005801201	0.0	0.7539092898368835	0.0	0.1435658484697342	0.0	0.0	1.5826165676116943	0.728235125541687	1.1570088863372803	1.5194298028945923	0.0	0.0555085688829422	0.6088733673095703	0.0	0.0	1.312981128692627	1.3677220344543457	1.9810086488723755	0.20286713540554047	1.5053086280822754	0.0	0.07897502183914185	0.4364280700683594	0.0	0.0	1.5364480018615723	0.0	0.48429906368255615	1.093602180480957	0.8396609425544739	2.467823028564453
0.0	0.0	0.0	0.0	1.0927340984344482	0.0	2.2618167400360107	1.7640186548233032	0.0955834686756134	0.5056224465370178	1.085272192955017	0.0	0.0	0.0	0.1867309957742691	1.040040373802185	1.1240748167037964	0.6743552684783936	2.553241014480591	1.406678557395935	0.7391177415847778	0.15484938025474548	1.3997946977615356	1.4489428997039795	2.0466651916503906	3.024500846862793	0.0	0.0	1.1238654851913452	0.010182132013142109	0.0	1.8741986751556396	0.0	0.0	0.5715975165367126	0.0	0.0	0.0	0.0	1.5074777603149414	0.6346330642700195	1.6424363851547241	1.5381823778152466	0.0	0.0020062595140188932	0.7377460598945618	0.0	0.0	1.3819676637649536	1.1974622011184692	1.2717227935791016	0.28093668818473816	1.7491775751113892	0.0	0.05402030795812607	0.29541993141174316	0.0	0.0	1.6570968627929688	0.0	1.0512677431106567	0.9456073641777039	0.9202920794487	1.970681071281433
0.0	0.0	0.06790609657764435	0.0	1.1091046333312988	0.0	2.2150461673736572	1.715407371520996	0.20477409660816193	0.13978278636932373	1.0127133131027222	0.0	0.0	0.003473081160336733	0.0058324942365288734	1.4929373264312744	1.2374441623687744	0.15348473191261292	2.369351863861084	1.3011282682418823	0.5049974322319031	0.34691160917282104	1.5252902507781982	1.5016149282455444	1.9275383949279785	2.588381052017212	0.0	0.0	1.0939054489135742	0.2297314703464508	0.0	2.0025882720947266	0.0	0.03964541107416153	1.1822768449783325	0.0	0.0	0.0	0.0	1.5830057859420776	0.6424812078475952	1.2056078910827637	1.2738780975341797	0.0	0.1439480036497116	1.0942174196243286	0.0	0.0	1.1506938934326172	1.3677653074264526	1.8509567975997925	0.2666815519332886	1.5489463806152344	0.0	0.019742609933018684	0.35740092396736145	0.0	0.0	1.8088523149490356	0.0	0.42671430110931396	1.1132851839065552	1.2768981456756592	1.7562483549118042
0.0	0.0	0.0	0.0	1.001503348350525	0.0	2.2939021587371826	1.7844409942626953	0.2654379606246948	0.154194176197052	1.5166075229644775	0.0	0.0	0.36745139956474304	0.2187315970659256	1.1865501403808594	1.166834831237793	0.8812034130096436	2.5870048999786377	1.4109572172164917	0.844935417175293	0.6717028021812439	1.5824298858642578	1.6535531282424927	2.554353952407837	2.7245125770568848	0.0	0.0	1.294541597366333	0.34719181060791016	0.0	2.1495256423950195	0.0	0.21097280085086823	0.739646852016449	0.0	0.20519430935382843	0.0	0.0	1.6789804697036743	0.7521459460258484	1.7205867767333984	1.5302748680114746	0.0	0.12379740923643112	0.7320802211761475	0.0	0.0	1.4938393831253052	1.08950936794281	1.5443806648254395	0.47638940811157227	2.1462254524230957	0.0	0.06067525967955589	0.3068176805973053	0.0	0.0	1.6496531963348389	0.0	0.0	1.2345155477523804	1.1232136487960815	1.9774750471115112
0.0	0.0	0.0	0.0	0.8405739068984985	0.0	2.1214096546173096	1.8097347021102905	0.0	0.1246904581785202	1.1080235242843628	0.0	0.0	0.0	0.0	1.4371272325515747	0.8390501737594604	0.2815327048301697	2.4931728839874268	0.9562413692474365	0.5713016390800476	0.11940322071313858	1.1574091911315918	1.1837881803512573	1.910195231437683	2.9412269592285156	0.0	0.0	0.9832212328910828	0.02785291150212288	0.0	2.2709569931030273	0.08617668598890305	0.19169063866138458	0.9974008798599243	0.0	0.0	0.0	0.0	1.5776854753494263	0.7414649724960327	1.5993969440460205	1.5448139905929565	0.0	0.13218440115451813	0.534868597984314	0.0	0.0	1.5323972702026367	1.341871976852417	1.82123601436615	0.45499780774116516	1.6775245666503906	0.0	0.1549132764339447	0.20187720656394958	0.0	0.0	1.9516428709030151	0.0	0.09119608998298645	1.0414350032806396	1.217686653137207	1.8911465406417847
0.0	0.0	0.0	0.0	1.2111904621124268	0.0	2.2311348915100098	2.1482956409454346	0.21115201711654663	0.24847322702407837	1.044487714767456	0.0	0.0	0.0	0.0	1.718993067741394	1.0963317155838013	0.10308436304330826	2.1364352703094482	0.5204029083251953	0.29732125997543335	0.9500950574874878	0.8708024024963379	1.5401015281677246	1.7960129976272583	3.0760176181793213	0.0	0.0	0.6028863191604614	0.5400012731552124	0.0	2.215822219848633	0.0	0.0	1.059415578842163	0.0	0.13338199257850647	0.0	0.0	1.2394788265228271	0.6599757075309753	1.386743426322937	1.3885722160339355	0.0	0.3794562816619873	0.536937952041626	0.0	0.0	1.0546659231185913	1.3626983165740967	1.5993682146072388	0.6183666586875916	1.5695804357528687	0.0	0.0	0.5085960030555725	0.0	0.0	1.4798043966293335	0.0	0.0	0.9587922692298889	1.0091809034347534	2.082627058029175
0.0	0.0	0.0	0.0	1.089321255683899	0.0	2.140227794647217	1.9021170139312744	0.0	0.2759094834327698	1.3273322582244873	0.0	0.0	0.04366639256477356	0.15793773531913757	0.9868314266204834	0.847964346408844	0.6543266177177429	2.780552864074707	1.3606103658676147	0.6734011769294739	0.6074622869491577	1.198764681816101	1.3792898654937744	2.1156342029571533	2.8195455074310303	0.0	0.0	1.0141767263412476	0.34192875027656555	0.0	1.4221271276474	0.0	0.0	1.1977185010910034	0.0	0.0	0.0	0.0	1.1944613456726074	0.8063774108886719	1.4224129915237427	1.4094858169555664	0.0	0.10039307922124863	0.6455028057098389	0.0	0.0	1.1568633317947388	1.0163211822509766	1.4944308996200562	1.2864482402801514	1.7630959749221802	0.0	0.016434304416179657	0.18881824612617493	0.0	0.0	1.8491801023483276	0.0	0.0	0.6222462058067322	1.030665636062622	1.4776544570922852
0.0	0.0	0.0	0.0	0.7148078083992004	0.0	2.2181618213653564	1.385564923286438	0.26469576358795166	0.20990613102912903	0.7882547378540039	0.31326258182525635	0.0	0.3173888921737671	0.0	1.6903624534606934	1.0712262392044067	0.0	2.1735808849334717	1.0031609535217285	0.5869441628456116	0.2503061890602112	1.164807677268982	1.452959418296814	1.6706339120864868	2.7178540229797363	0.0	0.0	0.6164520978927612	0.06475161761045456	0.0	1.9551374912261963	0.24145881831645966	0.0	1.0595049858093262	0.0	0.0041037737391889095	0.0	0.0	1.4470597505569458	0.6664440035820007	0.8912593722343445	1.414025902748108	0.0	0.3458501994609833	0.7533749938011169	0.0	0.0	1.2803996801376343	1.351712942123413	1.6963938474655151	0.6592016220092773	1.0411568880081177	0.0	0.3184729516506195	0.22292745113372803	0.0	0.0	1.6970323324203491	0.0	0.04210687801241875	1.8571654558181763	1.2757859230041504	2.0910725593566895
0.0	0.0	0.0	0.0	1.1192495822906494	0.0	2.160519599914551	1.7516227960586548	0.21989983320236206	0.16720080375671387	1.1904587745666504	0.0	0.0	0.2532541751861572	0.3579444885253906	1.2647442817687988	1.1250523328781128	0.5464264154434204	2.558079481124878	1.1905498504638672	0.6302470564842224	0.6249980926513672	1.1955738067626953	1.6098687648773193	2.69205641746521	2.7649245262145996	0.0	0.0	1.1747393608093262	0.0	0.0	1.573439598083496	0.0	0.33756223320961	1.143042802810669	0.0	0.0	0.0	0.0	1.5897977352142334	0.550947904586792	1.3632670640945435	2.053079605102539	0.0	0.47420236468315125	0.6619331240653992	0.0	0.0	1.1979597806930542	1.0925933122634888	1.6245652437210083	0.6920351386070251	2.430509567260742	0.0	0.23050127923488617	0.24368928372859955	0.010799719952046871	0.0	2.1351239681243896	0.0	0.0	0.7167847156524658	1.2780818939208984	1.77488112449646
0.0	0.0	0.0	0.0	0.9440514445304871	0.0	1.9109538793563843	1.9520412683486938	0.2321562021970749	0.169526606798172	1.1206401586532593	0.0	0.0	0.3762551248073578	0.34806352853775024	1.2925232648849487	1.3372775316238403	0.8081195950508118	2.6698977947235107	1.4420514106750488	0.770734429359436	0.2611352801322937	1.0914167165756226	1.555275559425354	2.2520034313201904	2.942192792892456	0.0	0.0	0.9360676407814026	0.5461389422416687	0.0	1.873861312866211	0.0	0.0	1.1101291179656982	0.0	0.0	0.0	0.0	1.4697819948196411	0.5065964460372925	1.1845576763153076	1.6656193733215332	0.0	0.10169550776481628	0.7858318090438843	0.09729407727718353	0.0	1.2025359869003296	1.0599414110183716	1.59247624874115	1.0916523933410645	1.7076747417449951	0.0	0.06349905580282211	0.4783387780189514	0.0	0.0	1.8089141845703125	0.0	0.0	0.8771810531616211	0.744680643081665	1.8481253385543823
0.0	0.0	0.0	0.0	1.1767302751541138	0.0	2.1123979091644287	1.721157431602478	0.17292259633541107	0.09421943128108978	1.0375903844833374	0.0	0.0	0.0	0.16011759638786316	1.1799328327178955	1.3942461013793945	0.6252306699752808	2.5552215576171875	1.2437489032745361	0.685429573059082	0.26353415846824646	1.1905640363693237	1.6606271266937256	2.186541795730591	3.499472141265869	0.0	0.0	0.911413848400116	0.0	0.0	2.1601431369781494	0.0	0.0	0.7073957920074463	0.0	0.0	0.0	0.0	1.538703441619873	0.5180538296699524	1.475290060043335	1.333317518234253	0.0	0.035355694591999054	0.7333060503005981	0.0	0.0	1.2048680782318115	1.0514975786209106	1.3722385168075562	0.20303140580654144	1.7141865491867065	0.0	0.15170010924339294	0.29232436418533325	0.0	0.0	1.5973483324050903	0.0	0.0	1.4084811210632324	1.006200909614563	1.8758102655410767
0.0	0.0	0.0	0.0	0.9051095247268677	0.0	2.2769603729248047	1.6708097457885742	0.0	0.22013293206691742	1.1589622497558594	0.0	0.0	0.0	0.013119209557771683	0.9615919589996338	0.9753462076187134	0.4453437924385071	2.5104737281799316	1.140991449356079	0.5575629472732544	0.1265019327402115	1.1225804090499878	1.4477639198303223	1.978421688079834	3.039597511291504	0.0	0.0	1.0613850355148315	0.0	0.0	1.7706871032714844	0.0	0.0	0.6702075004577637	0.0	0.0	0.0	0.0	1.6159350872039795	0.7176727652549744	1.578363299369812	1.645119071006775	0.0	0.09197140485048294	0.475606232881546	0.0	0.0	1.3303173780441284	1.3448495864868164	1.355444073677063	0.27747842669487	1.6533852815628052	0.0	0.08640216290950775	0.182668074965477	0.0	0.0	1.8010978698730469	0.0	0.0	0.9796574711799622	0.9376218914985657	1.7290046215057373
0.0	0.0	0.0	0.0	0.9231693744659424	0.0	2.0302202701568604	2.0434324741363525	0.4644699692726135	0.03626181557774544	0.9962796568870544	0.0	0.0	0.33202308416366577	0.0	1.5006625652313232	1.0125701427459717	0.21082976460456848	2.3482606410980225	1.0555280447006226	0.6849172115325928	0.6798897385597229	1.4736042022705078	1.2646394968032837	1.9885003566741943	2.9079883098602295	0.0	0.0	0.7805513739585876	0.5475528240203857	0.0	2.2634377479553223	0.2407739907503128	0.0	1.0461782217025757	0.0	0.1391160786151886	0.0	0.0	1.4759272336959839	0.4675907492637634	1.4200743436813354	1.3161578178405762	0.0	0.3037126064300537	0.6381316781044006	0.0	0.0	0.9950624108314514	1.1975398063659668	1.7875466346740723	0.15209028124809265	1.821552038192749	0.0	0.04370936378836632	0.550219714641571	0.0	0.0	1.7970272302627563	0.0	0.0	1.6760762929916382	1.0417078733444214	2.103217601776123
0.0	0.0	0.0	0.0	1.0755599737167358	0.0	2.079699993133545	1.7529069185256958	0.0	0.03398597985506058	1.233574628829956	0.0	0.0	0.24973070621490479	0.19657975435256958	1.066648244857788	1.236210584640503	1.0313720703125	2.886476755142212	1.454407811164856	0.7500106692314148	0.35425010323524475	1.3006250858306885	1.4762815237045288	2.663670539855957	2.702824592590332	0.0	0.0	1.1070736646652222	0.5293427109718323	0.0	2.3490521907806396	0.0	0.1305137425661087	0.5414751172065735	0.0	0.0	0.0	0.0	1.499309778213501	0.6937530040740967	1.6270922422409058	1.6649245023727417	0.0	0.4976964592933655	0.45114266872406006	0.03678981959819794	0.0	1.0741029977798462	0.8554391264915466	1.4448214769363403	0.46660372614860535	1.7009897232055664	0.0	0.047862935811281204	0.29337042570114136	0.0	0.0	2.0089070796966553	0.0	0.0	0.6710259318351746	1.0594087839126587	2.4028232097625732
0.0	0.0	0.0	0.0	0.8137429356575012	0.0	1.9622929096221924	1.480022668838501	0.2892894744873047	0.1958981454372406	0.8212451934814453	0.0	0.0	0.0	0.0	1.4971808195114136	1.323981761932373	0.0	1.6317206621170044	0.9362095594406128	0.5170823335647583	0.37525543570518494	0.7681924700737	1.8818165063858032	1.366144061088562	3.461357831954956	0.0	0.0	0.5413026213645935	0.0	0.0	1.7064626216888428	0.0	0.0	0.8003085851669312	0.0	0.0	0.0	0.0	1.4403077363967896	0.41048869490623474	1.0940583944320679	1.4249509572982788	0.0	0.2713128626346588	0.6867656111717224	0.0	0.0	1.1198341846466064	1.4535026550292969	1.6272739171981812	0.45992693305015564	1.1382496356964111	0.0	0.16791467368602753	0.25573334097862244	0.0	0.0	1.5651267766952515	0.0	0.0	1.338947057723999	0.8600578904151917	1.3406356573104858
0.0	0.0	0.6880802512168884	0.0	0.7239307761192322	0.0	2.3860161304473877	2.0115816593170166	0.42287418246269226	0.05600811541080475	1.445414423942566	0.0	0.0	0.41340601444244385	0.0	1.8321644067764282	1.401896595954895	0.0	1.870012640953064	1.075800895690918	0.7616707682609558	0.16177405416965485	1.467400312423706	1.8294228315353394	1.4593278169631958	2.565934658050537	0.0	0.0	0.5995261073112488	0.0	0.0	1.5445423126220703	0.12663374841213226	0.0	1.2705514430999756	0.0	0.0	0.0	0.0	1.341741919517517	0.9616314172744751	1.0461745262145996	1.322397232055664	0.0	0.39666253328323364	0.6643657684326172	0.0	0.0	1.153806209564209	1.8341611623764038	2.0700011253356934	1.0169262886047363	1.2941995859146118	0.0	0.38033220171928406	0.8540809750556946	0.0	0.0	1.8151719570159912	0.0	0.0	1.5714105367660522	0.7691988945007324	1.9829697608947754
0.0	0.0	0.0	0.0	0.9452342987060547	0.0	2.378842353820801	1.90803861618042	0.0	0.2984693944454193	1.4909093379974365	0.0	0.0	0.06945596635341644	0.039406098425388336	1.05057692527771	1.0899561643600464	0.6088486909866333	2.492380380630493	1.16204833984375	0.7567352652549744	0.16188743710517883	1.2945655584335327	1.3916616439819336	2.562798261642456	2.9148125648498535	0.0	0.0	0.9275447130203247	0.0	0.0	2.045032024383545	0.0	0.26463958621025085	0.70103520154953	0.0	0.0	0.0	0.0	1.7548631429672241	0.7659450173377991	1.5186409950256348	1.4012665748596191	0.0	0.10074935853481293	0.4151172935962677	0.0	0.0	1.4394168853759766	1.3339552879333496	1.6275721788406372	0.6414089798927307	2.162623167037964	0.0	0.10303723067045212	0.0	0.0	0.0	1.9250959157943726	0.0	0.3385038375854492	0.8817697763442993	1.2398567199707031	1.7310426235198975
0.0	0.0	0.0	0.0	0.9281556606292725	0.0	2.156986951828003	2.187077760696411	0.14373083412647247	0.1967965066432953	1.2661073207855225	0.0	0.0	0.29555797576904297	0.31749656796455383	1.3165247440338135	0.9747625589370728	0.7168493270874023	2.6226930618286133	1.1061429977416992	0.5819845795631409	0.27841880917549133	1.155352234840393	1.8784936666488647	2.5370373725891113	2.6808438301086426	0.0	0.0	1.057072639465332	0.4181359112262726	0.0	2.458979606628418	0.0	0.19639374315738678	0.900076687335968	0.0	0.06740030646324158	0.0	0.0	1.7042220830917358	0.7896992564201355	1.4817509651184082	1.4723312854766846	0.0	0.15909746289253235	0.5816726684570312	0.0	0.0	1.0147792100906372	1.0975492000579834	1.7570101022720337	0.5345045924186707	1.7386277914047241	0.0	0.04716899245977402	0.4653041660785675	0.0	0.0	1.5748409032821655	0.0	0.0	0.8672553896903992	1.1177353858947754	2.2042293548583984
0.0	0.0	0.0	0.0	0.9826028347015381	0.0	2.4062907695770264	1.7356585264205933	0.12870001792907715	0.4405359923839569	0.6456905603408813	0.0	0.0	0.723011314868927	0.0	1.8819363117218018	1.1521435976028442	0.0	2.0588223934173584	1.0462455749511719	0.4661557078361511	0.16007694602012634	1.0263985395431519	1.8300540447235107	1.534579873085022	3.18346905708313	0.0	0.0	0.9544229507446289	0.08446527272462845	0.0	2.3643386363983154	0.23646175861358643	0.6790637373924255	1.2202022075653076	0.0	0.0	0.0	0.0	1.4321937561035156	0.6185470819473267	1.2133140563964844	1.2043689489364624	0.0	0.17085175216197968	0.6460905075073242	0.0	0.0	1.0334837436676025	1.8725471496582031	1.9479914903640747	0.7726641297340393	1.183142900466919	0.0	0.28967466950416565	0.28047269582748413	0.0	0.21203243732452393	1.9221489429473877	0.0	0.6936423778533936	1.1075555086135864	1.812506914138794	2.459986686706543
0.0	0.0	0.0	0.0	1.0710779428482056	0.0	2.3166165351867676	1.8285856246948242	0.057813286781311035	0.2922993302345276	1.049902319908142	0.0	0.0	0.0	0.0	1.2072958946228027	1.121849536895752	0.5016288757324219	2.5726382732391357	1.1121339797973633	0.5180776715278625	0.023482423275709152	1.0393624305725098	1.6310032606124878	1.9303175210952759	3.1256277561187744	0.0	0.0	1.2909667491912842	0.0	0.0	1.7575231790542603	0.0	0.0	0.9632746577262878	0.0	0.0	0.0	0.0	1.6125435829162598	0.6921457648277283	1.6102668046951294	1.455905795097351	0.0	0.0	0.6773926019668579	0.0	0.0	1.4747827053070068	1.3936384916305542	1.6569350957870483	0.35581550002098083	1.6898528337478638	0.0	0.04065319523215294	0.28090742230415344	0.0	0.0	1.765613079071045	0.0	0.4150862395763397	0.8524692058563232	0.9780505299568176	1.9863677024841309
0.0	0.0	0.0	0.0	1.0240544080734253	0.0	2.194885015487671	1.976719617843628	0.09601390361785889	0.14952608942985535	1.163332223892212	0.0	0.0	0.11348031461238861	0.1254890263080597	1.4799572229385376	1.1927615404129028	0.31887081265449524	2.499885320663452	1.1029773950576782	0.6348261833190918	0.07944294065237045	1.095579743385315	1.555550217628479	1.9659457206726074	3.143446683883667	0.0	0.0	1.135556697845459	0.0	0.0	2.1255078315734863	0.0	0.0	0.9745066165924072	0.0	0.09984512627124786	0.0	0.0	1.6504430770874023	0.7479877471923828	1.2471139430999756	1.541183590888977	0.0	0.15929687023162842	0.6339796781539917	0.0	0.0	1.1632275581359863	1.5839245319366455	1.7188587188720703	0.26407334208488464	1.6023199558258057	0.0	0.14369796216487885	0.32363569736480713	0.0	0.0	1.667992115020752	0.0	0.0	1.4910565614700317	0.8191671371459961	2.21484112739563
0.0	0.0	0.0	0.0	0.9325448870658875	0.0	2.344503402709961	1.9293198585510254	0.25103846192359924	0.3120715618133545	0.7730336785316467	0.0	0.0	0.0	0.0	1.355603575706482	1.0834296941757202	0.27488258481025696	2.1679139137268066	0.6597399711608887	0.3535859286785126	0.13150064647197723	1.2666435241699219	1.4761773347854614	2.459014892578125	3.3054749965667725	0.0	0.0	0.9146459698677063	0.030002020299434662	0.0431087426841259	1.7063210010528564	0.0	0.10247128456830978	1.0504647493362427	0.0	0.01570943184196949	0.0	0.0	1.4526896476745605	0.7617214322090149	1.3952527046203613	1.2794862985610962	0.0	0.1741536557674408	0.5222119688987732	0.0	0.0	1.1835253238677979	1.5817277431488037	1.605320692062378	0.43969789147377014	1.4389045238494873	0.0	0.009297455660998821	0.4010527431964874	0.0	0.0	1.315109133720398	0.0	0.0	1.3253873586654663	0.832955002784729	2.3037641048431396
0.0	0.0	0.0	0.0	0.7458620667457581	0.0	2.0979726314544678	1.7669825553894043	0.008332627825438976	0.2877844572067261	1.06247878074646	0.0	0.0	0.13753880560398102	0.037741731852293015	1.4422980546951294	1.0641250610351562	0.309680700302124	2.4947783946990967	1.1281758546829224	0.4981628656387329	0.0	1.19472336769104	1.7122609615325928	2.3751726150512695	3.079359769821167	0.0	0.0	1.1396117210388184	0.0	0.0	2.113450765609741	0.0	0.13782598078250885	0.8271365761756897	0.0	0.0	0.0	0.0	1.5183566808700562	0.6173820495605469	1.472517728805542	1.5738412141799927	0.0	0.15196506679058075	0.6944600343704224	0.0	0.0	1.0616544485092163	1.3158912658691406	1.4973758459091187	0.2001098245382309	1.898827075958252	0.0	0.09275121241807938	0.25934094190597534	0.0	0.0	1.8767954111099243	0.0	0.0	1.3101500272750854	1.0829919576644897	1.8467696905136108
0.0	0.0	0.0	0.0	1.0950144529342651	0.0	2.466629981994629	1.5753071308135986	0.38837164640426636	0.02905724197626114	1.0528538227081299	0.1315477192401886	0.0	0.0	0.034900322556495667	1.8769307136535645	1.0674936771392822	0.0	2.1599788665771484	0.4145362079143524	0.31989458203315735	0.35948649048805237	1.4283095598220825	1.7709741592407227	1.8722012042999268	3.454336643218994	0.0	0.0	0.9914122223854065	0.11179246753454208	0.0	1.558047890663147	0.39299097657203674	0.13690400123596191	1.2393590211868286	0.0	0.0	0.0	0.0	1.604382872581482	0.9259164929389954	1.5275367498397827	1.2554733753204346	0.0	0.7432119250297546	0.5846635103225708	0.0	0.0	0.947871208190918	1.7023439407348633	2.0999653339385986	0.47984933853149414	1.698972225189209	0.0	0.19725070893764496	0.4488762319087982	0.0	0.1449374109506607	1.6841487884521484	0.0	0.47231733798980713	1.3683513402938843	1.434533715248108	2.280954599380493
0.0	0.0	0.0	0.0	0.37319186329841614	0.0	2.546257972717285	1.5349295139312744	0.14403657615184784	0.25953948497772217	1.1060791015625	0.0	0.0	0.12659141421318054	0.0	1.351493239402771	1.2470587491989136	0.0	1.9591350555419922	0.9751152992248535	0.5004540681838989	0.005986914969980717	1.3793772459030151	1.9443118572235107	1.3207403421401978	3.0588552951812744	0.0	0.1169382631778717	1.09573495388031	0.0	0.0	1.9400795698165894	0.0	0.0	0.7954450249671936	0.0	0.0	0.0	0.0	1.477892279624939	0.5960361957550049	1.4982153177261353	1.31480073928833	0.0	0.18758219480514526	0.6361148357391357	0.0	0.0	1.0872715711593628	1.9842844009399414	1.7808001041412354	0.24680344760417938	1.1324926614761353	0.0	0.32654380798339844	0.33306434750556946	0.0	0.0	2.0263381004333496	0.0	0.0	1.6619235277175903	1.0805630683898926	1.891725778579712
0.0	0.0	0.0	0.0	0.9779881238937378	0.0	2.286982297897339	2.136239528656006	0.0	0.24652470648288727	1.1306272745132446	0.0	0.0	0.0	0.0	1.2534668445587158	0.7450549006462097	0.13148704171180725	2.494255542755127	0.9190818667411804	0.47574761509895325	0.6340139508247375	1.23404061794281	1.6818286180496216	1.777457356452942	2.8693931102752686	0.0	0.0	1.0744774341583252	0.23608675599098206	0.0	2.094395875930786	0.0	0.08773665130138397	1.224211573600769	0.0	0.0	0.0	0.0	1.394670009613037	0.9162312746047974	1.8338868618011475	1.2112672328948975	0.0	0.0377698577940464	0.6062566041946411	0.0	0.0	1.2536416053771973	1.4564560651779175	1.7978339195251465	0.4828004539012909	1.3220199346542358	0.0	0.13119478523731232	0.27708715200424194	0.0	0.0	1.6477572917938232	0.0	0.0	0.9702704548835754	0.9299403429031372	2.0204918384552
0.0	0.0	0.0	0.0	1.0498764514923096	0.0	1.9977585077285767	1.6154097318649292	0.13509006798267365	0.0	1.2282477617263794	0.0	0.0	0.07571804523468018	0.010734261944890022	1.2380871772766113	1.1388204097747803	0.8237438201904297	2.51629376411438	1.0262550115585327	0.6289070248603821	0.41975322365760803	0.9622395038604736	1.604698657989502	2.118359088897705	3.050189971923828	0.0	0.12347587943077087	1.124542236328125	0.2198018580675125	0.0	1.9394402503967285	0.09768086671829224	0.0	0.6458072066307068	0.0	0.0	0.0	0.0	1.6212894916534424	0.7416755557060242	1.318812608718872	1.579908847808838	0.0	0.24276110529899597	0.4743248224258423	0.0	0.0	1.2661406993865967	1.5179356336593628	1.496391773223877	0.22623740136623383	1.9621788263320923	0.0	0.18581144511699677	0.38282057642936707	0.0	0.02972767874598503	1.6648881435394287	0.0	0.0	1.2217092514038086	0.6826469898223877	2.3315021991729736
0.0	0.0	0.0	0.0	1.0053857564926147	0.0	2.1725010871887207	2.0126919746398926	0.0	0.698514461517334	0.7946370840072632	0.0	0.0	0.08049264550209045	0.0	2.0711686611175537	1.0431098937988281	0.0	1.9594706296920776	0.9879007935523987	0.25135716795921326	0.5189155340194702	1.2068554162979126	1.3069132566452026	1.1508426666259766	2.8278117179870605	0.0	0.0	1.194614052772522	0.27154284715652466	0.0	1.918125033378601	0.0	0.0	1.3536992073059082	0.0	0.0	0.0	0.0	1.5166192054748535	0.4828585088253021	1.5721744298934937	1.3328107595443726	0.0	0.13099607825279236	0.8131029009819031	0.0	0.0	1.0433740615844727	0.8771026730537415	2.05720853805542	0.7474866509437561	1.3362497091293335	0.0	0.0	0.2834804356098175	0.0	0.0	2.1228744983673096	0.0	0.0	1.240048885345459	1.3339829444885254	1.693238377571106
0.0	0.0	0.0	0.0	1.081695318222046	0.0	2.283803701400757	1.622463345527649	0.01217222772538662	0.306488960981369	1.0958995819091797	0.0	0.0	0.0	0.06308428943157196	1.0593717098236084	0.9589153528213501	0.1762307584285736	2.4329326152801514	1.247281789779663	0.5640015006065369	0.0	1.1357311010360718	1.6698719263076782	2.1068265438079834	3.057522773742676	0.0	0.0	0.9806168675422668	0.0	0.0	2.006089448928833	0.0	0.0	0.5795938968658447	0.0	0.0	0.0	0.0	1.4546620845794678	0.7488570213317871	1.580905556678772	1.6701076030731201	0.0	0.10676155239343643	0.5465759634971619	0.0	0.0	1.4268791675567627	1.44701087474823	1.4958385229110718	0.26510196924209595	1.6422770023345947	0.0	0.06984981149435043	0.15756621956825256	0.0	0.0	1.7622839212417603	0.0	0.6729927659034729	0.994789183139801	0.7955201268196106	1.9110376834869385
0.0	0.0	0.0	0.0	1.089641809463501	0.0	2.195376396179199	1.8639088869094849	0.0	0.19546060264110565	0.9789706468582153	0.0	0.0	0.12574240565299988	0.0	1.3207728862762451	0.789527416229248	0.05858943983912468	2.81400728225708	1.0600944757461548	0.3949517607688904	0.4126850664615631	1.3054567575454712	0.8979901075363159	1.5694454908370972	2.4051265716552734	0.0	0.0	0.8110352754592896	0.3069247901439667	0.0	2.028862237930298	0.0	0.11698608100414276	1.4188272953033447	0.0	0.0	0.0	0.0	1.3804383277893066	0.7782658934593201	1.5064598321914673	1.3596912622451782	0.0	0.0	0.6335433721542358	0.0	0.0	1.1756633520126343	1.0798720121383667	1.9531512260437012	1.3222419023513794	1.1767759323120117	0.0	0.09773210436105728	0.18059305846691132	0.0	0.0	1.8719943761825562	0.0	0.04631079360842705	1.0328872203826904	1.2820796966552734	2.22238826751709
0.0	0.0	0.033906929194927216	0.0	0.9907082915306091	0.0	2.052184581756592	1.9649864435195923	0.0	0.41573548316955566	1.0871024131774902	0.0	0.0	0.21883045136928558	0.0	1.3412007093429565	0.8765304684638977	0.5830428600311279	2.757779359817505	1.3560397624969482	0.7158415913581848	0.16180923581123352	1.1680068969726562	1.4509093761444092	2.1523377895355225	2.4021356105804443	0.0	0.0	0.9483075737953186	0.38305413722991943	0.162261500954628	2.407313823699951	0.0	0.3689253330230713	1.3510308265686035	0.0	0.16602174937725067	0.0	0.0	1.4105396270751953	0.48967689275741577	1.3839867115020752	1.320068597793579	0.0	0.1324795037508011	0.7681120038032532	0.13257981836795807	0.0	1.0647082328796387	1.0206098556518555	1.7942672967910767	0.24459309875965118	1.6647748947143555	0.0	0.05997157469391823	0.47408783435821533	0.0	0.0	1.765598177909851	0.0	0.14396658539772034	0.7131360173225403	1.5298302173614502	2.0734386444091797
0.0	0.0	0.0	0.0	1.0861464738845825	0.0	2.173480987548828	1.5258342027664185	0.4316459596157074	0.3852592408657074	0.846190869808197	0.10585065186023712	0.0	0.0	0.06427738815546036	1.116054654121399	1.2408703565597534	0.0	1.8480030298233032	0.6718080639839172	0.7590101361274719	0.0	0.7768285274505615	1.8052209615707397	1.1785866022109985	3.5422744750976562	0.0	0.37428799271583557	0.6349902749061584	0.0	0.0	1.1376276016235352	0.0	0.0	0.8828197121620178	0.0	0.0	0.0	0.0	1.2589040994644165	0.48097679018974304	0.9820250868797302	1.4552361965179443	0.0	0.14181187748908997	0.5318861603736877	0.0	0.0	1.0898586511611938	1.816939115524292	1.6564372777938843	0.35518598556518555	1.069890022277832	0.0	0.38709479570388794	0.3969930112361908	0.0	0.0	1.3858466148376465	0.0	0.0	1.6785587072372437	0.5956226587295532	1.3728903532028198
0.0	0.0	0.0	0.0	0.7144153714179993	0.0	2.5454914569854736	2.1704304218292236	0.3581913411617279	0.2941904366016388	0.8318080306053162	0.0	0.0	0.0	0.0	1.273848056793213	1.1084951162338257	0.0	1.7545661926269531	0.6231890320777893	0.6067677140235901	0.0	1.2885819673538208	1.7347099781036377	1.1170523166656494	3.4210503101348877	0.0	0.0	0.9702207446098328	0.0	0.0	1.3952274322509766	0.04683201387524605	0.0	1.1540541648864746	0.0	0.0	0.0	0.0	1.5763683319091797	0.6128035187721252	1.491951823234558	1.1830490827560425	0.0	0.12244302779436111	0.4380047023296356	0.0	0.0	1.3062487840652466	1.6409273147583008	1.7986931800842285	0.663220226764679	0.9147723317146301	0.0	0.09019587934017181	0.31022533774375916	0.0	0.0	1.6156020164489746	0.0	0.2963351607322693	1.1772667169570923	0.9060779809951782	1.423091173171997
0.0	0.0	0.0	0.0	1.301811933517456	0.0	2.2790136337280273	2.1008574962615967	0.2166202813386917	0.11536769568920135	1.009358525276184	0.0	0.0	0.0	0.06654488295316696	1.748796820640564	1.4609256982803345	0.8072406649589539	2.4874396324157715	0.917575478553772	0.5162904262542725	0.6167975664138794	1.2935795783996582	1.5509401559829712	1.926498293876648	2.708414077758789	0.0	0.0	1.0435031652450562	0.4647930860519409	0.0	2.2988545894622803	0.0	0.0	0.6677891612052917	0.0	0.12492409348487854	0.0	0.0	1.3905587196350098	0.5759745836257935	1.642001986503601	1.3239587545394897	0.0	0.18623578548431396	0.7873182892799377	0.0	0.0	1.1065760850906372	1.4627010822296143	1.7519768476486206	0.308565229177475	1.7453432083129883	0.0	0.0	0.6764891147613525	0.0	0.00883564818650484	1.7944918870925903	0.0	0.0	1.1701557636260986	1.0333397388458252	2.1426870822906494
0.0	0.0	0.0	0.0	0.7615872025489807	0.0	2.234482765197754	1.8005964756011963	0.0	0.30029696226119995	1.133764624595642	0.0	0.0	0.0	0.0931050032377243	1.099448800086975	1.1621112823486328	0.2742108106613159	2.4855873584747314	1.139471173286438	0.6955615878105164	0.0	1.1773661375045776	1.633739948272705	2.1551778316497803	3.0672755241394043	0.0	0.0	1.1649279594421387	0.0	0.0	1.864355444908142	0.0	0.006019806955009699	0.6600439548492432	0.06993614882230759	0.0	0.0	0.0	1.7278579473495483	0.7794390916824341	1.6370279788970947	1.4664109945297241	0.0	0.12915591895580292	0.4384143352508545	0.0	0.0	1.1848798990249634	1.4926563501358032	1.3199254274368286	0.31780707836151123	1.8725165128707886	0.0	0.05032114312052727	0.27450522780418396	0.0	0.11031366884708405	1.7692089080810547	0.0	0.0	1.0433458089828491	0.9835180640220642	1.784263014793396
0.0	0.0	0.0	0.0	0.964730978012085	0.0	2.552692413330078	2.0065977573394775	0.16620679199695587	0.2885655462741852	0.8627768754959106	0.0	0.0	0.0	0.0	1.5822080373764038	1.0434564352035522	0.0	2.2100419998168945	0.6601601243019104	0.18442842364311218	0.6485004425048828	1.323146939277649	1.3883212804794312	1.2005215883255005	3.4912610054016113	0.0	0.0	0.975913405418396	0.2773207426071167	0.0	1.4718220233917236	0.0	0.0	1.5715516805648804	0.0	0.0	0.0	0.0	1.4800775051116943	0.7271068096160889	1.5436056852340698	1.214163899421692	0.0	0.0403875894844532	0.6850408315658569	0.0	0.0	1.1071534156799316	1.4514384269714355	2.061049222946167	0.9201038479804993	1.5069644451141357	0.0	0.0	0.47004395723342896	0.0	0.0	1.5530381202697754	0.0	0.0	1.0884519815444946	1.2107393741607666	1.6415461301803589
0.0	0.0	0.0	0.0	0.9517730474472046	0.0	2.2731945514678955	1.9565448760986328	0.024487679824233055	0.5163432359695435	1.1652584075927734	0.0	0.0	0.14773708581924438	0.0	1.9363560676574707	0.9717394709587097	0.04814409837126732	2.4685521125793457	0.8380008935928345	0.6137832999229431	0.644206702709198	1.360962986946106	1.7142891883850098	1.4960066080093384	2.9552674293518066	0.0	0.0	0.7600628137588501	0.09796100109815598	0.0	1.9464492797851562	0.0	0.0	0.861361026763916	0.0	0.0	0.0	0.0	1.5653637647628784	0.6631672978401184	1.647660255432129	1.302493929862976	0.0	0.2661932110786438	0.5529040694236755	0.0	0.0	1.1402827501296997	1.5064477920532227	1.7789881229400635	0.7312855124473572	1.0325413942337036	0.0	0.194901242852211	0.36281612515449524	0.0	0.0	1.8769365549087524	0.0	0.0923495888710022	1.4418389797210693	0.932657778263092	2.099897861480713
0.0	0.0	0.0	0.0	0.8779587149620056	0.0	1.7387614250183105	2.2070915699005127	0.0	0.11172197759151459	1.4401881694793701	0.0	0.0	0.14590580761432648	0.0	1.3858122825622559	1.0727158784866333	0.4313231110572815	2.782323122024536	1.0793883800506592	0.5508560538291931	1.3525253534317017	1.1527976989746094	1.59310781955719	2.3406381607055664	2.799008846282959	0.0	0.0	1.0662877559661865	0.3546240031719208	0.008821909315884113	2.34907865524292	0.0	0.5655038356781006	1.3383679389953613	0.0	0.0	0.0	0.0	1.474449872970581	0.8314773440361023	1.5906826257705688	1.2586615085601807	0.0	0.1580907702445984	0.46135956048965454	0.0	0.0	1.1862658262252808	0.9531868100166321	1.7883737087249756	0.5587167739868164	1.311071515083313	0.0	0.00030834742938168347	0.3895004987716675	0.0	0.0	1.9153163433074951	0.0	0.0	0.8068655729293823	1.4941121339797974	2.2610714435577393
0.0	0.0	0.0	0.0	0.8048164248466492	0.0	2.403669834136963	1.8036236763000488	0.18620777130126953	0.09537696838378906	0.6852748394012451	0.0	0.0	0.0	0.0	1.5330499410629272	1.272266149520874	0.0	1.7260979413986206	0.6302106976509094	0.4686230421066284	0.0	1.0726277828216553	1.651746153831482	1.245288610458374	3.2381553649902344	0.0	0.0	1.1111880540847778	0.0	0.0	1.323901891708374	0.0	0.0	0.8017389178276062	0.0	0.0	0.0	0.0	1.7682609558105469	0.46244290471076965	1.6040070056915283	1.2785944938659668	0.0	0.1254686564207077	0.6435148119926453	0.0	0.0	1.05857253074646	1.5621358156204224	1.7146352529525757	0.4923456311225891	1.1135075092315674	0.0	0.14228692650794983	0.43287593126296997	0.0	0.0	1.315635085105896	0.0	0.0	1.1381522417068481	0.8918741941452026	1.8409035205841064
0.0	0.0	0.0	0.0	0.952788233757019	0.0	2.491905927658081	1.871603012084961	0.07586919516324997	0.0	0.6316326260566711	0.0	0.0	0.0	0.0	1.4074212312698364	1.023833990097046	0.0	2.152273416519165	0.6674523949623108	0.3485470414161682	0.24509918689727783	1.0901176929473877	1.1620577573776245	1.9669082164764404	3.813246488571167	0.0	0.0	0.6559057235717773	0.10883045196533203	0.0	2.133906602859497	0.0	0.148687943816185	0.9970511794090271	0.0	0.0	0.0	0.0	1.3626271486282349	0.5207227468490601	1.4284062385559082	1.242261528968811	0.0	0.12883484363555908	0.6541508436203003	0.0	0.0	0.9863892793655396	1.596990942955017	1.8306725025177002	0.4164066016674042	0.8158639073371887	0.0	0.12412957102060318	0.5674411058425903	0.0	0.015741951763629913	1.5594466924667358	0.0	0.0	1.2525500059127808	0.9426844120025635	2.3085293769836426
0.0	0.0	0.0	0.0	0.779682457447052	0.0	2.717888116836548	2.2478461265563965	0.0	0.13179638981819153	0.5875920057296753	0.0	0.0	0.2454807162284851	0.009158524684607983	1.7448490858078003	1.2054623365402222	0.3730275332927704	2.1026594638824463	1.019073247909546	0.5019312500953674	0.37254762649536133	1.1710150241851807	1.4600563049316406	1.4698959589004517	2.576320171356201	0.0	0.0	1.2921168804168701	0.03393283486366272	0.0	1.7133827209472656	0.0	0.0	0.782287061214447	0.0	0.0	0.0	0.0	1.4051735401153564	0.44473716616630554	1.4884026050567627	1.2833268642425537	0.0	0.0	0.991491973400116	0.0	0.0	0.7050424814224243	1.1068642139434814	1.8930584192276	0.3083356022834778	1.032456636428833	0.0	0.34076207876205444	0.8341853618621826	0.0	0.0	1.496841311454773	0.0	0.0	1.127907395362854	1.0007692575454712	2.3365495204925537
0.0	0.0	0.0	0.0	1.0790618658065796	0.0	2.4874868392944336	1.8815289735794067	0.0	0.09514770656824112	0.9531201720237732	0.0	0.0	0.0	0.09227559715509415	1.0977630615234375	1.00701904296875	0.035621050745248795	2.165520191192627	0.9518702626228333	0.4013651907444	0.24769212305545807	1.3466544151306152	1.4084587097167969	1.9076985120773315	3.1001620292663574	0.0	0.0	1.1240493059158325	0.0	0.0	1.4554699659347534	0.0	0.14981840550899506	0.7857794165611267	0.0	0.0	0.0	0.0	1.3423744440078735	0.7335489988327026	1.566785454750061	1.3071626424789429	0.0	0.0	0.5290395021438599	0.0	0.0	1.012012243270874	1.2835367918014526	1.9466241598129272	0.4662291705608368	1.2468135356903076	0.0	0.004919617436826229	0.3314327001571655	0.0	0.0	1.5862795114517212	0.0	0.0	0.9304210543632507	1.0331523418426514	1.7908952236175537
0.0	0.0	0.14470402896404266	0.0	0.7990544438362122	0.0	2.2317726612091064	2.2260735034942627	0.0	0.3456686735153198	0.9523231983184814	0.0	0.0	0.4351769685745239	0.0066322754137218	1.640463948249817	0.8769791126251221	0.676767110824585	2.5354835987091064	0.9671937227249146	0.5499941110610962	0.6978011727333069	1.2636843919754028	1.5573842525482178	2.2415149211883545	2.4600882530212402	0.0	0.0	0.9610276818275452	0.48319634795188904	0.1952039748430252	1.8591300249099731	0.0	0.17701232433319092	1.2762627601623535	0.0	0.0	0.0	0.0	1.0088720321655273	0.7243136167526245	1.6646699905395508	1.355194330215454	0.0	0.28373026847839355	0.5846709609031677	0.0	0.0	0.9942432045936584	1.0711780786514282	2.0272433757781982	2.2496137619018555	1.7538433074951172	0.0	0.12143328040838242	0.5586390495300293	0.0	0.0	1.9334006309509277	0.0	1.0936957597732544	1.096745491027832	1.5315271615982056	2.5583384037017822
0.0	0.0	0.0	0.0	0.8377286195755005	0.0	2.1459364891052246	1.7629902362823486	0.17563995718955994	0.14943724870681763	0.942286491394043	0.0	0.0	0.0	0.012023529969155788	1.2002136707305908	1.0714561939239502	0.0	2.1371078491210938	0.8541231155395508	0.4342130720615387	0.0	1.149685263633728	1.533982753753662	1.6516443490982056	3.437730550765991	0.0	0.0	0.8087598085403442	0.0	0.0	1.50188410282135	0.0	0.0	1.196205735206604	0.0	0.0	0.0	0.0	1.5103009939193726	0.6538729667663574	1.293416142463684	1.4802908897399902	0.0	0.21834911406040192	0.4040507376194	0.0	0.0	1.3910256624221802	1.574072241783142	1.2978216409683228	0.6752797961235046	1.20736825466156	0.0	0.08894804120063782	0.10047773271799088	0.0	0.056317392736673355	1.5472267866134644	0.0	0.0	1.0566333532333374	0.7033107876777649	1.637068748474121
0.0	0.0	0.0	0.0	0.874790370464325	0.0	2.258573532104492	2.0943875312805176	0.07800665497779846	0.23329244554042816	1.131305456161499	0.0	0.0	0.04227891191840172	0.010566714219748974	1.175266146659851	0.7478827238082886	0.8176725506782532	2.503997325897217	0.9598138332366943	0.5192100405693054	0.5935056209564209	1.2775212526321411	1.3782752752304077	2.433593511581421	2.701836585998535	0.0	0.0	1.4251588582992554	0.0	0.0	1.9152066707611084	0.0	0.0	1.1853196620941162	0.0	0.0	0.0	0.0	1.6371678113937378	0.5964592695236206	1.4854204654693604	1.622126579284668	0.0	0.575911819934845	0.6157543659210205	0.0	0.0	1.1449666023254395	1.1291207075119019	1.903017520904541	0.5310724973678589	2.1806130409240723	0.0	0.0	0.25652876496315	0.0	0.0	1.8634010553359985	0.0	0.0	0.6314077973365784	1.3492820262908936	1.4387221336364746
0.0	0.0	0.0	0.0	1.2801436185836792	0.0	2.3969829082489014	1.8703515529632568	0.0	0.17323793470859528	1.1621534824371338	0.0	0.0	0.21879462897777557	0.19869588315486908	1.3280432224273682	1.2906179428100586	0.9169567227363586	2.7216572761535645	1.6758410930633545	0.6898723840713501	0.7392427325248718	1.4152292013168335	1.302376389503479	2.206853151321411	2.5551459789276123	0.0	0.0	1.0893869400024414	0.3060099184513092	0.36612752079963684	1.6476719379425049	0.0	0.3923127353191376	0.7444116473197937	0.0	0.0	0.0	0.018847301602363586	1.3834458589553833	0.7947537899017334	1.44016695022583	1.7015106678009033	0.0	0.06684307008981705	0.7196552157402039	0.0	0.0	1.1406527757644653	1.1021575927734375	1.9235851764678955	0.5006348490715027	1.6467162370681763	0.0	0.0414106659591198	0.38155385851860046	0.0	0.0	1.7537699937820435	0.0	0.0	0.9705084562301636	1.215651512145996	1.5974725484848022
0.0	0.0	0.0	0.0	0.6340278387069702	0.0	2.2740180492401123	2.092750072479248	0.22209042310714722	0.3348509669303894	0.9025467038154602	0.0	0.0	0.0	0.0	1.6471881866455078	0.9326739311218262	0.036227621138095856	2.1029815673828125	0.6076949834823608	0.3335053324699402	0.40461865067481995	1.2013782262802124	1.6052807569503784	1.3379117250442505	3.1681909561157227	0.0	0.0	1.1619739532470703	0.0	0.0	1.4556914567947388	0.0	0.0	1.0411021709442139	0.0	0.1813257932662964	0.0	0.0	1.4451103210449219	0.6965571641921997	1.7085310220718384	1.2456763982772827	0.0	0.0	0.8438448309898376	0.0	0.0	0.9227660298347473	1.6782082319259644	1.8842146396636963	0.5213860273361206	0.8988624811172485	0.0	0.03457709774374962	0.6476271748542786	0.0	0.0	1.4023828506469727	0.0	0.0	1.3409446477890015	1.0981897115707397	2.0211117267608643
0.0	0.0	0.0	0.0	1.0177252292633057	0.0	2.246901035308838	2.1651594638824463	0.0	0.12730702757835388	1.266061782836914	0.0	0.0	0.08812709152698517	0.3468742072582245	1.470062494277954	1.0791102647781372	1.2520197629928589	2.8486328125	1.2622554302215576	0.7391631603240967	1.0843533277511597	1.8121689558029175	1.3327594995498657	2.5640368461608887	2.625977039337158	0.0	0.0	1.4747380018234253	0.24422672390937805	0.0	1.8855531215667725	0.0	0.0	0.753246545791626	0.0	0.07205063849687576	0.0	0.0	1.673215627670288	0.615493893623352	1.5321818590164185	1.4976918697357178	0.0	0.10395939648151398	0.911992073059082	0.0	0.0	0.892731249332428	0.953725278377533	1.480721354484558	0.0	2.222835063934326	0.0	0.0	0.4824441373348236	0.0	0.0	1.6222585439682007	0.0	0.0	0.7500062584877014	1.0580147504806519	1.8048781156539917
0.0	0.0	0.0	0.0	1.5064029693603516	0.0	2.2078449726104736	1.9010403156280518	0.0	0.23216715455055237	1.1907093524932861	0.0	0.0	0.23548054695129395	0.05655713006854057	1.8694230318069458	0.9273905754089355	0.8636382222175598	2.7109529972076416	1.2823941707611084	0.8223327398300171	1.024086594581604	1.1608322858810425	1.3977279663085938	2.1732287406921387	2.8009514808654785	0.0	0.0	0.9901245832443237	0.9979727268218994	0.0	2.3295154571533203	0.0	0.0	0.7872686982154846	0.0	0.0	0.0	0.0	1.2936198711395264	0.5739319324493408	1.4831950664520264	1.33800208568573	0.0	0.019730204716324806	0.8699032664299011	0.0	0.0	1.0687247514724731	0.8056859374046326	1.745801329612732	0.5392860174179077	1.5369811058044434	0.0	0.1408323496580124	0.4267967641353607	0.0	0.0	1.9905147552490234	0.0	0.0	1.1091585159301758	1.4065011739730835	2.4516360759735107
0.0	0.0	0.0	0.0	0.820415198802948	0.0	2.2879698276519775	2.062706470489502	0.19427280128002167	0.36570900678634644	0.7477020621299744	0.0	0.0	0.0	0.0	1.8814029693603516	1.1468592882156372	0.09144336730241776	1.9899789094924927	0.5907393097877502	0.38617515563964844	0.7279363870620728	1.3128244876861572	1.7817310094833374	1.5707403421401978	3.2636516094207764	0.0	0.0	0.7995271682739258	0.0	0.0	2.1388096809387207	0.0	0.0	1.0597158670425415	0.0	0.059252578765153885	0.0	0.0	1.3735300302505493	0.5689094662666321	1.7018013000488281	1.1352530717849731	0.0	0.3693713843822479	0.4999244213104248	0.0	0.0	1.1560765504837036	1.6066715717315674	1.6780073642730713	0.42962464690208435	1.3544511795043945	0.0	0.0763556957244873	0.41739192605018616	0.0	0.0	1.4833632707595825	0.0	0.0	1.5518252849578857	0.8798211216926575	2.223125457763672
0.0	0.0	0.0	0.0	1.0166255235671997	0.0	2.5869760513305664	1.634342074394226	0.00798034481704235	0.2427416294813156	1.030076265335083	0.0	0.0	0.43595972657203674	0.0	1.4342658519744873	1.1119098663330078	0.0	1.8632785081863403	0.7909384369850159	0.41250067949295044	0.33016079664230347	1.2826181650161743	1.8521437644958496	1.473281979560852	2.853168487548828	0.0	0.0	1.1511600017547607	0.0	0.0	1.4745228290557861	0.0	0.1757938414812088	1.1161375045776367	0.0	0.0	0.0	0.0	1.6668727397918701	0.6113346815109253	1.4361344575881958	1.380115270614624	0.0	0.05217447876930237	0.868682861328125	0.0	0.0	0.9563167691230774	1.4088307619094849	1.8566802740097046	0.4508308172225952	1.8530958890914917	0.0	0.07636045664548874	0.3092263638973236	0.0	0.0	1.7588543891906738	0.0	0.30563923716545105	1.1871613264083862	1.086979627609253	2.0499229431152344
0.0	0.0	0.0	0.0	0.8956553339958191	0.0	2.3603081703186035	1.7939112186431885	0.28608110547065735	0.18968304991722107	0.8488730788230896	0.0	0.0	0.0	0.005175421945750713	1.6338034868240356	1.1642310619354248	0.0	1.9890553951263428	0.6954480409622192	0.44187304377555847	0.16994841396808624	1.1172420978546143	1.4202556610107422	1.2008038759231567	3.1766786575317383	0.0	0.0	0.9397726058959961	0.0	0.0	1.4950733184814453	0.0	0.0	1.1987420320510864	0.0	0.0	0.0	0.0	1.380279302597046	0.6221508979797363	1.2774981260299683	1.243976354598999	0.0	0.0004903741646558046	0.48495981097221375	0.0	0.0	1.2105048894882202	1.6920706033706665	1.60993230342865	0.6692816615104675	1.0558443069458008	0.0	0.09631990641355515	0.4069780707359314	0.0	0.0	1.4082175493240356	0.0	0.0	1.0904028415679932	1.0715818405151367	1.5035476684570312
0.0	0.0	0.0	0.0	1.1515593528747559	0.0	2.152791738510132	1.9391374588012695	0.3827979564666748	0.0	1.1651971340179443	0.0	0.0	0.10548823326826096	0.2489248365163803	1.1968998908996582	1.1287490129470825	0.6611576676368713	2.516716241836548	0.98981773853302	0.6504674553871155	0.0	1.0830827951431274	1.90157151222229	2.499331474304199	2.968839406967163	0.0	0.0	1.1153554916381836	0.13194966316223145	0.0	2.196502685546875	0.19870895147323608	0.09614774584770203	0.7138212323188782	0.0	0.049823012202978134	0.0	0.0	1.4046958684921265	0.6845078468322754	1.3310158252716064	1.7594754695892334	0.0	0.299202561378479	0.5575410723686218	0.0	0.0	1.2328153848648071	1.4148491621017456	1.3986999988555908	0.21710936725139618	1.6833144426345825	0.0	0.05082043632864952	0.2840215861797333	0.0	0.0	1.439354419708252	0.0	0.0	1.1057398319244385	0.7460575699806213	1.9738531112670898
0.0	0.0	0.0	0.0	0.7073159217834473	0.0	2.208592176437378	1.9160290956497192	0.196010559797287	0.235580176115036	0.7542758584022522	0.0	0.0	0.023129601031541824	0.0	1.6495723724365234	0.9822516441345215	0.0	2.3127429485321045	0.5478585958480835	0.43290191888809204	0.23793645203113556	1.109052062034607	1.54888916015625	2.0479748249053955	3.138054847717285	0.0	0.0	0.9508265852928162	0.05563660338521004	0.0	2.114029884338379	0.3478550314903259	0.0	1.0521674156188965	0.0	0.0	0.0	0.0	1.4325226545333862	0.696050226688385	1.3454622030258179	1.226240634918213	0.0	0.1984236240386963	0.7680936455726624	0.0	0.0	0.8843796849250793	1.593151330947876	1.613951325416565	0.310985803604126	1.4151943922042847	0.0	0.08331255614757538	0.5316728353500366	0.0	0.0	1.514525055885315	0.0	0.0870065689086914	1.5677287578582764	1.0486130714416504	2.4405531883239746
0.0	0.0	0.0	0.0	0.967100977897644	0.0	2.404305934906006	2.224738597869873	0.0	0.28191515803337097	0.9173415899276733	0.0	0.0	0.06842183321714401	0.05597447231411934	1.501465082168579	0.9874376654624939	0.5439454913139343	2.5021557807922363	1.006630778312683	0.5219601988792419	0.442292183637619	1.47806715965271	1.3472208976745605	1.4801923036575317	2.7030394077301025	0.0	0.0	1.0571991205215454	0.3174542188644409	0.0	2.5713050365448	0.0	0.0	0.866558849811554	0.0	0.0	0.0	0.0	1.7467222213745117	0.6374523639678955	1.4519238471984863	1.137964129447937	0.0	0.1446494460105896	0.8493162393569946	0.0	0.0	0.9970802664756775	0.8450384736061096	1.9484745264053345	0.3099827468395233	2.1021087169647217	0.0	0.0	0.6246297955513	0.0	0.0	1.643825888633728	0.0	0.06957913935184479	1.0541900396347046	1.3061362504959106	2.1894774436950684
0.0	0.0	0.0	0.0	0.6698033213615417	0.0	2.434525966644287	1.7039841413497925	0.07500874996185303	0.29441535472869873	0.8075891733169556	0.0	0.0	0.0	0.0	1.0466303825378418	0.9907012581825256	0.0	2.0774753093719482	0.7164095640182495	0.449446439743042	0.0	1.0315684080123901	1.4413909912109375	1.2017929553985596	3.424698829650879	0.0	0.13686005771160126	0.9262394309043884	0.0	0.0	0.8364095091819763	0.0	0.0	0.9050894975662231	0.0	0.0	0.0	0.0	1.466761827468872	0.7410528659820557	1.1747410297393799	1.4788058996200562	0.0	0.07698375731706619	0.5680310726165771	0.0	0.0	1.418235421180725	1.8374685049057007	1.6518747806549072	0.8643051981925964	1.0436135530471802	0.0	0.16179229319095612	0.0	0.0	0.0	1.5647729635238647	0.0	0.0	1.0312076807022095	0.7613178491592407	1.1502454280853271
0.0	0.0	0.09021373838186264	0.0	0.835901141166687	0.0	2.4790022373199463	1.9192299842834473	0.24711908400058746	0.14048807322978973	0.834709107875824	0.0	0.0	0.0	0.0	1.3058446645736694	0.97386234998703	0.0	2.1832568645477295	0.838687539100647	0.3967401385307312	0.32055842876434326	1.0949844121932983	1.3229962587356567	1.3348474502563477	3.059239625930786	0.0	0.0	0.9227461218833923	0.29837357997894287	0.0	2.2086188793182373	0.0	0.0	0.9062504768371582	0.0	0.0	0.0	0.0	1.4613873958587646	0.6274592876434326	1.9689996242523193	1.0456680059432983	0.0	0.12692378461360931	0.7070390582084656	0.0	0.0	1.0151547193527222	1.6600871086120605	1.6070213317871094	0.9008966088294983	1.1802319288253784	0.0	0.03939320519566536	0.36159583926200867	0.0	0.0	1.360923171043396	0.0	0.0	0.9915897250175476	0.9811341166496277	2.2210874557495117
0.0	0.0	0.0	0.0	0.48233652114868164	0.0	2.634049415588379	1.803499460220337	0.14727121591567993	0.38481393456459045	0.7955613136291504	0.0	0.0	0.0	0.0	1.3110425472259521	1.1615731716156006	0.0	1.9738330841064453	0.7656934261322021	0.5919672250747681	0.19392329454421997	1.1110433340072632	1.6492838859558105	2.016869068145752	3.361884593963623	0.0	0.0	1.0081855058670044	0.0	0.0	0.8810795545578003	0.0	0.30697301030158997	0.8377485275268555	0.0	0.0	0.0	0.0	1.3381460905075073	0.6831628084182739	1.3875192403793335	1.3184651136398315	0.0	0.19234520196914673	0.5656867623329163	0.0	0.0	1.238646388053894	1.8432892560958862	1.5540794134140015	0.46774154901504517	1.1178034543991089	0.0	0.1783972680568695	0.3225037157535553	0.0	0.0	1.788435697555542	0.0	0.28027886152267456	1.3521159887313843	1.1053276062011719	1.7600446939468384
0.0	0.0	0.0	0.0	0.8497418761253357	0.0	2.22044038772583	1.777496099472046	0.23464491963386536	0.06387927383184433	0.7759296298027039	0.0	0.0	0.0	0.11617062985897064	1.0929296016693115	1.3019136190414429	0.0	2.047393321990967	0.8917527794837952	0.4971793591976166	0.0	0.875919759273529	1.5176231861114502	1.8020235300064087	3.36953067779541	0.0	0.0	0.8823469281196594	0.0	0.0	1.5713516473770142	0.0	0.0	0.7226754426956177	0.0	0.0	0.0	0.0	1.3575726747512817	0.6249542236328125	1.4674612283706665	1.4377342462539673	0.0	0.11668138951063156	0.4363791346549988	0.0	0.0	1.2462894916534424	1.6539063453674316	1.4245809316635132	0.42918163537979126	1.1524821519851685	0.0	0.09453227370977402	0.3118101954460144	0.0	0.04420800879597664	1.4963334798812866	0.0	0.0	1.1443058252334595	0.7034210562705994	1.999543309211731
0.0	0.0	0.0	0.0	0.8709250688552856	0.0	2.194871425628662	1.874596118927002	0.30738309025764465	0.22151924669742584	0.9915719032287598	0.0	0.0	0.0	0.0	1.1429988145828247	1.3329248428344727	0.2648888826370239	1.9921700954437256	1.0796931982040405	0.5946184992790222	0.0	0.7689636945724487	1.6386734247207642	1.9221736192703247	3.4814462661743164	0.0	0.0	0.9584664106369019	0.09494441002607346	0.0	2.049618721008301	0.0	0.11125043779611588	0.7717580795288086	0.0	0.0	0.0	0.0	1.4104540348052979	0.5096085071563721	1.77641761302948	1.3633646965026855	0.0	0.13158302009105682	0.6497141718864441	0.0	0.0	1.4336912631988525	1.6469744443893433	1.4181232452392578	0.3645623028278351	1.695034384727478	0.0	0.18452441692352295	0.2036355435848236	0.0	0.0	1.5978481769561768	0.0	0.2531868815422058	1.1320867538452148	0.5824222564697266	1.7785660028457642
0.0	0.0	0.0	0.0	0.8935540318489075	0.0	2.467566728591919	2.019624710083008	0.1808519810438156	0.062378883361816406	0.7501834630966187	0.0	0.0	0.0	0.10824791342020035	1.4555912017822266	1.1576955318450928	0.43805748224258423	2.032846450805664	0.933007538318634	0.48908957839012146	0.40275463461875916	1.3188785314559937	1.3500707149505615	1.8450373411178589	3.1936614513397217	0.0	0.09998559951782227	1.0939617156982422	0.0	0.0	1.7607587575912476	0.0	0.0	0.9539650678634644	0.0	0.0	0.0	0.0	1.4678549766540527	0.5397920608520508	1.6463723182678223	1.3486065864562988	0.0	0.04981881007552147	0.5091384053230286	0.0	0.0	1.078814148902893	1.481023907661438	1.4491888284683228	0.4296009838581085	1.6086007356643677	0.0	0.031096268445253372	0.4638838768005371	0.0	0.0	1.4019685983657837	0.0	0.0	1.1873704195022583	0.6879598498344421	1.5358830690383911
0.0	0.0	0.0	0.0	0.7678102254867554	0.0	2.479006290435791	2.0739686489105225	0.27247583866119385	0.3860282897949219	0.7262502312660217	0.0	0.0	0.0	0.0	1.9214277267456055	1.1800397634506226	0.0	1.8624069690704346	0.7654160857200623	0.3532741367816925	0.6315181255340576	1.5228997468948364	1.6325669288635254	1.4850865602493286	3.107483148574829	0.0	0.0	1.0785980224609375	0.14006638526916504	0.0	2.256204605102539	0.1249469444155693	0.0	1.1496140956878662	0.0	0.1255626678466797	0.0	0.0	1.7267305850982666	0.43581029772758484	1.5763808488845825	1.1092100143432617	0.0	0.0	0.9042723774909973	0.0	0.0	0.9029229283332825	1.1359528303146362	2.07600474357605	0.00021718036441598088	1.331055760383606	0.0	0.048511605709791183	0.5487420558929443	0.0	0.0	1.531825304031372	0.0	0.23238173127174377	1.3594197034835815	1.0088059902191162	2.5053658485412598
0.0	0.0	0.0	0.0	1.037527322769165	0.0	2.367196798324585	2.1235358715057373	0.0	0.0	1.5989742279052734	0.0	0.0	0.39579832553863525	0.2968910038471222	1.0214905738830566	1.138859748840332	1.182108998298645	2.9131858348846436	1.4182121753692627	0.8744363784790039	0.11995366215705872	1.288717269897461	1.5664606094360352	2.6819608211517334	2.933820962905884	0.0	0.0	0.9746341705322266	0.3715658187866211	0.0	2.287834644317627	0.0	0.24250935018062592	1.2528330087661743	0.0	0.07616516947746277	0.0	0.0	1.5557150840759277	0.8729379177093506	1.513262152671814	1.8554880619049072	0.0	0.6174273490905762	0.5450910329818726	0.0	0.0	1.2238210439682007	0.9339146614074707	1.72532320022583	0.5075641870498657	1.7675412893295288	0.0	0.18435227870941162	0.0656643733382225	0.0	0.0	1.8636572360992432	0.0	0.0	0.5518342852592468	1.0374304056167603	2.2751567363739014
0.0	0.0	0.0	0.0	1.303565263748169	0.0	2.32430362701416	2.515878438949585	0.0	0.15186631679534912	1.1162712574005127	0.0	0.0	0.07011506706476212	0.0	1.493525505065918	1.1204293966293335	0.5714619755744934	2.9978678226470947	0.9955180287361145	0.4486422538757324	0.6376028060913086	0.9256434440612793	0.8467827439308167	2.118913412094116	2.4641449451446533	0.0	0.0	0.7970789670944214	0.5645394921302795	0.0	2.7165029048919678	0.0	0.0	1.4625545740127563	0.0	0.15153391659259796	0.0	0.0	1.2650892734527588	0.5514928698539734	1.395074725151062	1.025624394416809	0.0	0.06745854765176773	0.9539409279823303	0.0	0.0	1.0271888971328735	1.0429152250289917	2.1905510425567627	0.656833827495575	1.4921462535858154	0.0	0.08983193337917328	0.7417421936988831	0.0	0.0	1.7766159772872925	0.0	0.5141976475715637	0.5947698354721069	0.9823282957077026	2.120297431945801
0.0	0.0	0.0	0.0	0.49207285046577454	0.0	2.265991449356079	1.9021652936935425	0.3142901659011841	0.1660686731338501	0.9295956492424011	0.0	0.0	0.3033674657344818	0.0	1.7354435920715332	1.3454164266586304	0.0	2.0355353355407715	0.9703052639961243	0.6605747938156128	0.2390216886997223	0.7844632863998413	1.9605659246444702	1.5572948455810547	2.8757407665252686	0.0	0.0	0.9166807532310486	0.043771542608737946	0.0	1.6123299598693848	0.0	0.0	0.7385802865028381	0.0	0.0	0.0	0.0	1.3959598541259766	0.6007621884346008	1.2436680793762207	1.405977487564087	0.0	0.023494156077504158	0.6226140260696411	0.0	0.0	1.1312010288238525	1.5332525968551636	1.6160380840301514	0.5274189114570618	0.9179956316947937	0.0	0.19797004759311676	0.4141330420970917	0.0	0.0	1.5753153562545776	0.0	0.0	1.378962516784668	0.8704462647438049	1.9949322938919067
0.0	0.0	0.0	0.0	1.0833898782730103	0.0	1.9393138885498047	1.6789305210113525	0.5010409951210022	0.002248105825856328	0.9700489044189453	0.09480792284011841	0.0	0.0	0.036659322679042816	1.3535419702529907	1.477758765220642	0.0	2.1605019569396973	0.6561484336853027	0.641845166683197	0.0	0.8442358374595642	1.9213049411773682	1.6992765665054321	3.4402570724487305	0.0	0.0	0.7923001050949097	0.0	0.0	1.4210149049758911	0.0	0.0	1.0287941694259644	0.0	0.0	0.0	0.0	1.5320833921432495	0.7594214081764221	1.023319125175476	1.539015769958496	0.0	0.1893181949853897	0.5689510703086853	0.0	0.0	1.2979971170425415	1.6680320501327515	1.4655499458312988	0.2711675465106964	1.4958823919296265	0.0	0.35132896900177	0.3543662428855896	0.0	0.0	1.498380184173584	0.0	0.0	1.4745603799819946	0.7727581858634949	1.9945882558822632
0.0	0.0	0.0	0.0	0.6872707009315491	0.0	1.9216948747634888	1.896262288093567	0.0	0.3345422148704529	1.3076268434524536	0.0	0.0	0.13838575780391693	0.0874168649315834	1.391438603401184	0.9158439040184021	0.8017798662185669	2.7917609214782715	1.4379879236221313	0.695257842540741	0.12769265472888947	1.420074224472046	1.551051139831543	2.332324504852295	2.6492156982421875	0.0	0.0	1.1620702743530273	0.2295723408460617	0.0	1.906834363937378	0.0	0.0410727895796299	1.2078715562820435	0.0	0.0	0.0	0.0	1.3864694833755493	0.7518887519836426	1.5510179996490479	1.6448923349380493	0.0	0.3255106210708618	0.5843325853347778	0.0	0.0	1.2537260055541992	1.1442649364471436	1.6103590726852417	0.6230432391166687	1.8475799560546875	0.0	0.0021064062602818012	0.11344858258962631	0.0	0.0	1.8600423336029053	0.0	0.07378195226192474	0.959749162197113	1.2564444541931152	2.085175037384033
0.0	0.01563999615609646	0.0	0.0	0.9258734583854675	0.0	2.5853006839752197	2.3143699169158936	0.26439616084098816	0.2754485607147217	0.7197272181510925	0.0	0.0	0.0	0.0	1.6919397115707397	1.0222498178482056	0.0	2.044628858566284	0.7093638777732849	0.48040831089019775	0.31071269512176514	1.7993485927581787	1.6568892002105713	1.4372520446777344	3.299696922302246	0.0	0.0	0.9757376313209534	0.0	0.0	1.4695775508880615	0.0	0.0	1.245408296585083	0.0	0.116081602871418	0.0	0.0	1.4292155504226685	0.7651776671409607	1.2571818828582764	1.0431166887283325	0.0	0.06757894158363342	0.6262142062187195	0.0	0.0	1.2927969694137573	1.4593875408172607	1.9853144884109497	0.38196396827697754	1.2637248039245605	0.0	0.04181608557701111	0.37693411111831665	0.0	0.0	1.3600577116012573	0.0	0.0	1.1499855518341064	1.2123427391052246	2.072484016418457
0.0	0.0	0.0	0.0	1.0055476427078247	0.0	2.298415184020996	1.8176301717758179	0.036476824432611465	0.4374538064002991	0.8655847907066345	0.0	0.0	0.0	0.0	1.4375886917114258	0.9472936391830444	0.19261233508586884	2.1438403129577637	1.057638168334961	0.4680599272251129	0.0	1.160855770111084	1.6156045198440552	1.7491353750228882	2.933652639389038	0.0	0.0	1.052581787109375	0.0	0.0	1.871232509613037	0.0	0.0	1.226796269416809	0.0	0.0	0.0	0.0	1.4664558172225952	0.7091987729072571	1.5058796405792236	1.359876036643982	0.0	0.064518041908741	0.6846458315849304	0.0	0.0	1.322256088256836	1.2573657035827637	1.4562218189239502	1.0334371328353882	1.6522414684295654	0.0	0.0	0.14755798876285553	0.0	0.0	1.8382256031036377	0.0	0.0	1.2847517728805542	1.1695846319198608	1.6058238744735718
0.0	0.0	0.0	0.0	0.4991832673549652	0.0	2.301910877227783	1.7899513244628906	0.31956470012664795	0.44943609833717346	1.034083604812622	0.0	0.0	0.0	0.0	1.432266116142273	0.8947577476501465	0.0	2.2619547843933105	1.0403757095336914	0.4590872824192047	0.11442442983388901	1.2330726385116577	1.3168376684188843	1.605359435081482	3.107564926147461	0.0	0.0	1.0205612182617188	0.0	0.0	1.823856234550476	0.0	0.0	1.0565581321716309	0.0	0.0	0.0	0.0	1.6546984910964966	0.5049436092376709	1.2927743196487427	1.4620718955993652	0.0	0.113307885825634	0.6194533705711365	0.0	0.0	1.3403379917144775	1.4163399934768677	1.7269940376281738	1.0640344619750977	1.3202506303787231	0.0	0.2358751893043518	0.1033308133482933	0.0	0.0	1.8990744352340698	0.0	0.08513740450143814	1.1470715999603271	1.1112308502197266	1.8242626190185547
0.0	0.0	0.021509863436222076	0.0	0.9673992991447449	0.0	2.2006185054779053	1.8706471920013428	0.06968331336975098	0.0	1.0428005456924438	0.0	0.0	0.0	0.008798142895102501	1.2371058464050293	1.3269761800765991	0.44625914096832275	2.2130417823791504	1.3893226385116577	0.6758443713188171	0.06214066594839096	1.2291733026504517	1.5056347846984863	2.086392641067505	2.9192211627960205	0.0	0.0	1.0755940675735474	0.0	0.0	1.8676868677139282	0.0	0.22816193103790283	1.1180346012115479	0.0	0.03352539241313934	0.0	0.0	1.5791105031967163	0.6772520542144775	1.5750786066055298	1.5536773204803467	0.0	0.04030763357877731	0.9412373900413513	0.005931866820901632	0.0	1.037919521331787	1.1085489988327026	1.8446248769760132	0.1458374559879303	1.4937673807144165	0.0	0.17022058367729187	0.40483057498931885	0.0	0.0	1.6562987565994263	0.0	0.0	1.0719250440597534	0.7571024298667908	2.0168468952178955
0.0	0.0	0.0	0.0	0.9034224152565002	0.0	2.136547327041626	1.7153599262237549	0.07526544481515884	0.2707553505897522	1.3112869262695312	0.0	0.0	0.3097086250782013	0.1785091906785965	1.5173090696334839	0.9404700994491577	0.028105972334742546	2.077636241912842	0.8830254673957825	0.5260554552078247	0.006851826794445515	1.2492141723632812	1.8567107915878296	1.673640251159668	3.1059048175811768	0.0	0.0	1.1957067251205444	0.0	0.0	1.8021972179412842	0.0	0.0	0.8096128106117249	0.0	0.0	0.0	0.0	1.5379406213760376	0.7316852807998657	1.498838186264038	1.5874353647232056	0.0	0.09057436883449554	0.7621077299118042	0.0	0.0	1.1150305271148682	1.4209177494049072	1.5035027265548706	0.3158274292945862	1.6028773784637451	0.0	0.18505191802978516	0.4633261561393738	0.0	0.0	1.7969601154327393	0.0	0.0	1.7230007648468018	1.2471808195114136	1.9173288345336914
0.0	0.0	0.0	0.0	0.836785614490509	0.0	2.3814401626586914	1.943468689918518	0.21109811961650848	0.25207018852233887	0.6945180296897888	0.0	0.0	0.0	0.0	1.765318751335144	1.102439045906067	0.0	1.9462722539901733	0.6620399355888367	0.29965531826019287	0.25939133763313293	0.9047601222991943	1.46319580078125	1.2146788835525513	3.2798924446105957	0.0	0.0	0.9936219453811646	0.0	0.0	1.8759082555770874	0.0	0.0	1.1517521142959595	0.0	0.0	0.0	0.0	1.387208104133606	0.5239012837409973	1.6596795320510864	1.1428115367889404	0.0	0.07499952614307404	0.5695597529411316	0.0	0.0	0.9578819870948792	1.4371435642242432	1.8279039859771729	0.3666045069694519	0.8528519868850708	0.0	0.14529210329055786	0.42640241980552673	0.0	0.0	1.5475300550460815	0.0	0.0	1.2080726623535156	1.1372064352035522	2.007300853729248
0.0	0.0	0.0	0.0	0.5345773696899414	0.0	2.454296112060547	2.0201542377471924	0.1940430998802185	0.354759156703949	0.8737586140632629	0.0	0.0	0.35238391160964966	0.0	1.8104946613311768	0.9489548206329346	0.0	1.990363597869873	0.7644606828689575	0.5194662809371948	1.4460598230361938	1.29159414768219	1.8418142795562744	1.2456868886947632	2.8865160942077637	0.0	0.0	0.7086723446846008	0.5660468339920044	0.0	2.4998600482940674	0.3483196496963501	0.04722591117024422	0.9553515911102295	0.0	0.06401282548904419	0.0	0.0	1.32927668094635	0.6291944980621338	1.5136767625808716	1.3672127723693848	0.0	0.012116019614040852	0.6225715279579163	0.0	0.0	1.1918689012527466	1.6163796186447144	2.2218141555786133	0.5998814702033997	1.1087998151779175	0.0	0.06155833974480629	0.4307641386985779	0.0	0.0	1.8860905170440674	0.0	0.20665237307548523	1.1343433856964111	0.8716143369674683	2.344369649887085
0.0	0.0	0.0	0.0	0.7189817428588867	0.0	2.370227813720703	1.97053861618042	0.24760816991329193	0.27191162109375	1.0944230556488037	0.0	0.0	0.08672790229320526	0.0	1.1376583576202393	1.1400092840194702	0.3075195550918579	2.012993812561035	0.812727689743042	0.706779956817627	0.0	0.9432103633880615	1.5871047973632812	1.4746545553207397	3.388833522796631	0.0	0.0	1.0173536539077759	0.0	0.0	1.3212008476257324	0.0	0.0	0.9195086359977722	0.0	0.0	0.0	0.0	1.5838583707809448	0.7191306948661804	1.5354584455490112	1.5014537572860718	0.0	0.03456125035881996	0.4568764269351959	0.0	0.0	1.5025538206100464	1.7468616962432861	1.5846302509307861	0.7684182524681091	1.0719091892242432	0.0	0.17871201038360596	0.15182344615459442	0.0	0.0	1.604246973991394	0.0	0.0	0.9119694828987122	0.6523649096488953	1.433853030204773
0.0	0.0	0.0	0.0	1.122470736503601	0.0	2.313847541809082	2.5323948860168457	0.02076662704348564	0.39766010642051697	1.1243866682052612	0.0	0.0	0.0	0.04323562607169151	1.6878091096878052	1.0779234170913696	0.48279640078544617	2.2612321376800537	0.9792343378067017	0.3188675045967102	0.9819634556770325	1.8052235841751099	1.555863380432129	2.306774854660034	2.7167773246765137	0.0	0.0	1.1250065565109253	0.04481716454029083	0.0	1.9181331396102905	0.0	0.01956072822213173	1.3045707941055298	0.0	0.20884568989276886	0.0	0.0	1.3410749435424805	0.7042482495307922	1.5816785097122192	1.4036210775375366	0.0	0.09866472333669662	0.8595336079597473	0.0	0.0	0.8518882393836975	1.2844823598861694	1.7509123086929321	0.4034750759601593	1.7794084548950195	0.0	0.04359963536262512	0.36449652910232544	0.0	0.0	1.7840486764907837	0.0	0.040492746978998184	1.4061967134475708	1.1181923151016235	2.274773359298706
0.0	0.0	0.0	0.0	1.2231991291046143	0.0	2.4099411964416504	1.8288077116012573	0.4126095175743103	0.19059252738952637	1.3992252349853516	0.0	0.0	0.20240718126296997	0.12233144044876099	1.5863149166107178	1.1717174053192139	0.6846049427986145	2.8410942554473877	0.9269993305206299	0.6731629967689514	0.22375723719596863	1.0905125141143799	1.4542967081069946	2.1458537578582764	2.704124927520752	0.0	0.0	0.7624937295913696	0.5582322478294373	0.0	2.028737783432007	0.0	0.08628974854946136	0.9325619339942932	0.0	0.06443403661251068	0.0	0.0	1.2996562719345093	0.7574717998504639	1.776957631111145	1.4600818157196045	0.0	0.15659746527671814	0.5993222594261169	0.0	0.0	1.378612995147705	1.2464065551757812	1.7558679580688477	0.7895944118499756	1.773472785949707	0.0	0.07971195876598358	0.17290599644184113	0.0	0.0	1.743554949760437	0.0	0.0	0.9367415904998779	1.256463885307312	2.113992929458618
0.0	0.0	0.0	0.0	0.8847508430480957	0.0	1.9741071462631226	1.997016191482544	0.0	0.22633005678653717	1.2345390319824219	0.0	0.0	0.3143831193447113	0.3331644535064697	1.3428840637207031	1.203851342201233	0.9494541883468628	3.053089141845703	1.313655138015747	0.9308632016181946	0.6884852647781372	0.8745207786560059	1.3037806749343872	2.811180830001831	2.2624318599700928	0.0	0.0	1.257452130317688	0.9094602465629578	0.0	1.769399642944336	0.0	0.2736641764640808	0.6883798241615295	0.0	0.04460877925157547	0.0	0.0	1.1678664684295654	0.5746554136276245	1.2252397537231445	1.8407405614852905	0.0	0.5984309315681458	0.8978139162063599	0.16102994978427887	0.0	1.0653175115585327	0.8962785005569458	1.8240793943405151	0.5360797047615051	1.5592950582504272	0.0	0.07650841027498245	0.6113784313201904	0.0	0.0	1.9196985960006714	0.1219857931137085	0.0	0.6499739289283752	1.242441177368164	2.2045419216156006
0.0	0.0	0.0	0.0	0.7554272413253784	0.0	2.0026121139526367	1.670936942100525	0.17962680757045746	0.1571136862039566	1.2781418561935425	0.0	0.0	0.29376348853111267	0.05115487799048424	1.1037921905517578	1.1453248262405396	0.7555797696113586	2.5587594509124756	1.32542085647583	0.7562956213951111	0.11212743818759918	0.9509877562522888	1.6715562343597412	2.3517541885375977	2.89717435836792	0.0	0.0	1.113364577293396	0.35198095440864563	0.0	1.612629771232605	0.30999985337257385	0.21057170629501343	0.6429964303970337	0.0	0.0	0.0	0.0	1.5627354383468628	0.7782709002494812	1.3664302825927734	1.8032795190811157	0.0	0.20677576959133148	0.5294256210327148	0.0	0.0	1.3005459308624268	1.4005471467971802	1.3921784162521362	0.26178503036499023	1.9646378755569458	0.0	0.16198307275772095	0.1428481787443161	0.0	0.0	1.8207348585128784	0.0	0.0	1.2188690900802612	0.7904917001724243	2.060070276260376
0.0	0.0	0.0	0.0	1.0129075050354004	0.0	1.8664087057113647	2.235564947128296	0.03596028685569763	0.02269141376018524	1.062705397605896	0.0	0.0	0.40183016657829285	0.3260413706302643	1.2652597427368164	1.175155520439148	1.0535492897033691	2.612079620361328	1.160345196723938	0.6449901461601257	0.3988501727581024	1.284048318862915	1.4562612771987915	2.0306801795959473	3.040109395980835	0.0	0.0	0.9185022115707397	0.889138400554657	0.0	1.957822322845459	0.0	0.0	1.149804711341858	0.0	0.0	0.0	0.0	1.382931113243103	0.6914160251617432	1.1800339221954346	1.5322587490081787	0.0	0.3557398319244385	0.4512054920196533	0.14236845076084137	0.0	0.8093119859695435	0.7442299723625183	1.4761019945144653	0.5444062352180481	1.5314464569091797	0.0	0.1457754522562027	0.6679462790489197	0.0	0.0	1.9510544538497925	0.0	0.35173848271369934	1.0984526872634888	0.9341940879821777	2.1972358226776123
0.0	0.0	0.0	0.0	0.9662872552871704	0.0	2.127772569656372	1.727832555770874	0.11101223528385162	0.23524443805217743	1.2373117208480835	0.0	0.0	0.00011826723493868485	0.1485472321510315	1.2759220600128174	0.9707281589508057	0.6057536005973816	2.5577316284179688	1.1666547060012817	0.6925123929977417	0.0	1.2534172534942627	1.5614005327224731	2.384972333908081	3.006519317626953	0.0	0.0	1.0914406776428223	0.0	0.0	1.9041073322296143	0.0	0.0	0.7006555795669556	0.0	0.0	0.0	0.0	1.5672868490219116	0.7383177876472473	1.498721718788147	1.606897234916687	0.0	0.05576594918966293	0.4878118336200714	0.0	0.0	1.4134949445724487	1.3462450504302979	1.274240255355835	0.3722268342971802	1.8751959800720215	0.0	0.0153076546266675	0.14062637090682983	0.0	0.0	1.8253618478775024	0.0	0.0	1.0755856037139893	0.7912167906761169	1.8581874370574951
0.0	0.0	0.06251777708530426	0.0	0.8599005341529846	0.0	1.7533509731292725	1.7681471109390259	0.0	0.049356814473867416	1.3001797199249268	0.0	0.0	0.393888920545578	0.23996548354625702	1.0166373252868652	1.0269755125045776	0.9237546324729919	2.6871485710144043	1.3912734985351562	0.7665504217147827	0.1603577733039856	1.12460458278656	1.4777500629425049	3.208913803100586	3.0334420204162598	0.0	0.0	0.9989275932312012	0.9870275259017944	0.0049118841998279095	1.9902147054672241	0.14270590245723724	0.5576852560043335	0.49526575207710266	0.0	0.13616248965263367	0.0	0.0	1.6093131303787231	0.504710853099823	1.2584635019302368	1.8383697271347046	0.0	0.517652690410614	0.698969841003418	0.0	0.0	0.7749499678611755	0.9439429640769958	1.4411269426345825	0.23743046820163727	1.6398286819458008	0.0	0.21254289150238037	0.40020403265953064	0.0	0.0	1.9270093441009521	0.0	0.0	0.981634259223938	1.3322588205337524	2.215383768081665
0.0	0.0	0.0	0.0	0.578053891658783	0.0	1.925662875175476	1.7274649143218994	0.1799236685037613	0.384522408246994	0.8743712902069092	0.0	0.0	0.046725936233997345	0.0	1.327518343925476	1.177990198135376	0.10543687641620636	2.2991225719451904	1.2344424724578857	0.6065796613693237	0.15347041189670563	1.0291857719421387	1.739427924156189	1.595997929573059	2.9572551250457764	0.0	0.0	0.9637483358383179	0.26181021332740784	0.0	2.4135477542877197	0.025880062952637672	0.05980132892727852	0.8594661951065063	0.0	0.0	0.0	0.0	1.273085594177246	0.756780743598938	1.762599229812622	1.2298998832702637	0.0	0.15846052765846252	0.46203646063804626	0.0	0.0	1.2357240915298462	1.2478480339050293	1.6759796142578125	1.090673804283142	1.192201852798462	0.0	0.17186960577964783	0.33766257762908936	0.0	0.1481063812971115	2.1125338077545166	0.0	0.26308485865592957	0.6661297082901001	1.5796921253204346	2.2426090240478516
0.0	0.0	0.0	0.0	0.7919865250587463	0.0	2.2766571044921875	2.0523483753204346	0.47756296396255493	0.20722231268882751	0.9362937211990356	0.0	0.0	0.01603541523218155	0.0	1.6186808347702026	1.0379043817520142	0.44027549028396606	1.9145948886871338	0.5325646996498108	0.5518878698348999	0.14297281205654144	1.186697006225586	1.6012282371520996	2.237450122833252	3.5519866943359375	0.0	0.0	0.6935988068580627	0.05746173858642578	0.0	2.4756741523742676	0.0	0.0	1.3229705095291138	0.0	0.0	0.0	0.0	1.5996419191360474	0.6169823408126831	1.6289252042770386	1.2549227476119995	0.0	0.3043837249279022	0.3546254336833954	0.0	0.0	0.9699062705039978	1.7297760248184204	1.7842730283737183	0.7571879029273987	2.050985097885132	0.0	0.009571504779160023	0.3746188282966614	0.0	0.0	1.6755766868591309	0.0	0.023847419768571854	1.0586401224136353	1.4487404823303223	2.000328302383423
0.0	0.0	0.0	0.0	0.7805466651916504	0.0	2.0362234115600586	1.6651151180267334	0.0	0.29287949204444885	1.097055196762085	0.0	0.0	0.0	0.015850035473704338	1.1201012134552002	0.8453911542892456	0.24136316776275635	2.623124122619629	1.1879936456680298	0.5845556855201721	0.06228724494576454	1.1371873617172241	1.38266122341156	2.0727062225341797	2.9314868450164795	0.0	0.0	1.173986792564392	0.0	0.0	1.8272383213043213	0.0	0.0	0.5811767578125	0.0	0.0	0.0	0.0	1.4882233142852783	0.6775530576705933	1.8114639520645142	1.590921401977539	0.0	0.10936436057090759	0.426496297121048	0.0	0.0	1.329735517501831	1.3318270444869995	1.5002729892730713	0.37460649013519287	1.6149767637252808	0.0	0.09137000143527985	0.14243938028812408	0.0	0.0	1.7982189655303955	0.0	0.0	0.7741803526878357	1.026272177696228	2.1195485591888428
0.0	0.0	0.0	0.0	0.8963520526885986	0.0	2.1928207874298096	1.6060324907302856	0.17269954085350037	0.20807558298110962	0.8953968286514282	0.0	0.0	0.0	0.0	1.3095107078552246	1.1110193729400635	0.0	2.3927080631256104	1.1486314535140991	0.675063967704773	0.00140089588239789	1.0087766647338867	1.8081996440887451	2.140692710876465	2.982029438018799	0.0	0.0	1.0845098495483398	0.0	0.0	1.8317815065383911	0.06690797209739685	0.006732905749231577	0.9272580742835999	0.0	0.0	0.0	0.0	1.5584450960159302	0.7826706767082214	1.3342276811599731	1.5111109018325806	0.0	0.015190079808235168	0.6579984426498413	0.0	0.0	1.3169615268707275	1.3055733442306519	1.7885223627090454	0.028146779164671898	1.4692604541778564	0.0	0.10839321464300156	0.36387625336647034	0.0	0.0	1.7194985151290894	0.0	0.0	1.125821828842163	0.9620658159255981	2.016822338104248
0.0	0.0	0.0	0.0	0.7137593030929565	0.0	2.0290029048919678	1.5819560289382935	0.330056369304657	0.36401402950286865	0.8352705240249634	0.0	0.0	0.0	0.0	1.7521878480911255	1.2233219146728516	0.0	1.9180405139923096	0.7420907020568848	0.5208553075790405	0.03656052052974701	1.0171482563018799	1.77888023853302	1.286643147468567	3.4095265865325928	0.0	0.0	0.9513562917709351	0.2555975615978241	0.0	1.8642655611038208	0.1530534029006958	0.0	1.0578302145004272	0.0	0.011662895791232586	0.0	0.0	1.3985233306884766	0.5659806728363037	1.40577232837677	1.1427582502365112	0.0	0.12320768088102341	0.7649180889129639	0.0	0.0	0.9608558416366577	1.3926596641540527	1.565966010093689	0.1557200402021408	1.4028197526931763	0.0	0.049462173134088516	0.40744930505752563	0.0	0.11612922698259354	1.4047085046768188	0.0	0.0	1.4564361572265625	0.8911022543907166	2.2462387084960938
0.0	0.0	0.0	0.0	1.1398063898086548	0.0	2.0453736782073975	1.8000738620758057	0.10134851932525635	0.36856985092163086	0.7729646563529968	0.0	0.0	0.0	0.01245228759944439	1.6482834815979004	0.9298978447914124	0.162016823887825	2.140153646469116	0.6424694657325745	0.3090519309043884	0.36357420682907104	0.9648643136024475	1.2263879776000977	1.571408748626709	3.1621251106262207	0.0	0.0	1.0090538263320923	0.27671560645103455	0.0	2.192474126815796	0.0	0.0	1.1684279441833496	0.0	0.0	0.0	0.0	1.4310024976730347	0.55561763048172	1.4206818342208862	1.4810553789138794	0.0	0.2025209367275238	0.6199153661727905	0.0	0.0	1.206713318824768	1.580790400505066	1.6991018056869507	0.8103492259979248	1.2319756746292114	0.0	0.0	0.30591651797294617	0.0	0.0	1.85773503780365	0.0	0.0	1.0598931312561035	1.0703065395355225	2.1259243488311768
0.0	0.0	0.0	0.0	0.6200575828552246	0.0	2.2821884155273438	1.814982295036316	0.019539015367627144	0.36915409564971924	0.914557695388794	0.0	0.0	0.03259885311126709	0.0	1.679595708847046	0.7214187383651733	0.0	1.8663328886032104	0.7082812786102295	0.28303930163383484	0.37456202507019043	1.6017260551452637	1.62662935256958	1.5502036809921265	3.0463955402374268	0.0	0.0	0.730945348739624	0.0	0.0	1.8719607591629028	0.20780323445796967	0.0	1.579552173614502	0.0	0.055812086910009384	0.0	0.0	1.5554157495498657	0.4384891986846924	1.5519202947616577	1.4268749952316284	0.0	0.2515508532524109	0.8127236366271973	0.0	0.0	0.9606584310531616	1.325667142868042	1.9204128980636597	0.2858698070049286	0.6974399089813232	0.0	0.37512528896331787	0.5033743381500244	0.0	0.19309115409851074	1.6469683647155762	0.0	0.206476628780365	1.7080320119857788	0.9732152223587036	2.2021923065185547
0.0	0.0	0.0	0.0	1.0759340524673462	0.0	2.242889642715454	2.3205485343933105	0.16574612259864807	0.310802161693573	1.021804928779602	0.0	0.0	0.1285984367132187	0.3293663263320923	1.5273089408874512	0.7817221879959106	0.5527332425117493	2.4175145626068115	0.6866272687911987	0.36549797654151917	0.6043510437011719	0.9978484511375427	1.481053113937378	2.27691650390625	2.9360620975494385	0.0	0.0	0.7664704322814941	0.5115156769752502	0.0	2.415386199951172	0.0	0.0	1.2302807569503784	0.0	0.0	0.0	0.0	1.2997000217437744	0.600628137588501	1.490370750427246	1.2788631916046143	0.0	0.6293852925300598	0.3839994966983795	0.0	0.0	0.9735945463180542	1.4694254398345947	1.6448818445205688	0.8271491527557373	1.8029512166976929	0.0	0.011833878234028816	0.28039616346359253	0.0	0.0	1.820475459098816	0.0	0.26461341977119446	1.1485018730163574	1.2405747175216675	2.5617430210113525
0.0	0.0	0.0	0.0	0.5188450217247009	0.0	2.269948959350586	1.7343850135803223	0.25189319252967834	0.06565321981906891	1.0525646209716797	0.0	0.0	0.25724008679389954	0.0	1.4719113111495972	1.3428353071212769	0.4629513919353485	2.2167890071868896	1.1600401401519775	0.8559883832931519	0.16747090220451355	1.357803225517273	1.8550127744674683	1.8367818593978882	3.050992488861084	0.0	0.0	1.0844311714172363	0.4444235861301422	0.0	2.0336921215057373	0.0	0.0	1.0000468492507935	0.0	0.02811690792441368	0.0	0.0	1.5667866468429565	0.5882886052131653	1.4356451034545898	1.5060594081878662	0.0	0.10396644473075867	0.657430112361908	0.0	0.0	1.0411046743392944	1.4307061433792114	1.5420801639556885	0.0	1.540104627609253	0.0	0.17422205209732056	0.5149435997009277	0.0	0.0	1.7032698392868042	0.0	0.6872425675392151	1.5926940441131592	0.8051683306694031	2.0941905975341797
0.0	0.0	0.0	0.0	0.846817672252655	0.0	2.230712652206421	1.667245626449585	0.1421774923801422	0.220119908452034	0.9148170948028564	0.0	0.0	0.0	0.019963432103395462	1.376392126083374	1.1813451051712036	0.009376942180097103	2.2097463607788086	0.9517157077789307	0.562799334526062	0.21073170006275177	0.9749923944473267	1.612667441368103	1.646267294883728	3.177791118621826	0.0	0.0	0.9419339895248413	0.0	0.0	1.4561015367507935	0.0	0.0	0.926486611366272	0.0	0.0	0.0	0.0	1.449391484260559	0.6731935143470764	1.4234163761138916	1.3176134824752808	0.0	0.1935448944568634	0.5343427062034607	0.0	0.0	1.2889890670776367	1.5948073863983154	1.6197328567504883	0.556466817855835	1.337241768836975	0.0	0.07876738905906677	0.32476553320884705	0.0	0.0	1.5467495918273926	0.0	0.0	0.912659227848053	0.8262379169464111	1.7106252908706665
0.0	0.0	0.0	0.0	0.8253398537635803	0.0	1.948488473892212	1.4261916875839233	0.0	0.18889637291431427	1.1503552198410034	0.0	0.0	0.46341466903686523	0.07405736297369003	1.3968628644943237	1.530539631843567	0.6500012874603271	3.007293462753296	1.6255038976669312	0.7428844571113586	0.04450896009802818	1.0082156658172607	1.8037359714508057	2.422621250152588	2.7060298919677734	0.0	0.0	1.2371995449066162	0.46373870968818665	0.0	2.2986581325531006	0.0	0.3664708137512207	0.9564694166183472	0.0	0.0	0.0	0.0	1.4377042055130005	0.6888154149055481	0.9522592425346375	1.5577415227890015	0.0	0.2267911285161972	0.7586960196495056	0.0	0.0	1.1427273750305176	1.2006503343582153	1.5897525548934937	0.0	1.9887621402740479	0.0	0.08156920224428177	0.3361804187297821	0.0	0.027017133310437202	2.064478874206543	0.0	0.0	0.9689049124717712	1.1148561239242554	1.8900790214538574
0.0	0.0	0.0	0.0	0.6524913907051086	0.0	2.2608840465545654	2.0115692615509033	0.009622382000088692	0.6155766844749451	1.0171475410461426	0.0	0.0	0.5080493092536926	0.0	1.7542895078659058	0.9377405643463135	0.0	2.3217544555664062	0.6625983715057373	0.3536706268787384	0.2997952103614807	1.5934834480285645	1.3917144536972046	1.4220257997512817	2.6541388034820557	0.0	0.0	1.0990135669708252	0.14813174307346344	0.0	2.1606738567352295	0.2766006290912628	0.0	1.3366299867630005	0.0	0.0	0.0	0.0	1.7155430316925049	0.6234356760978699	1.5093895196914673	1.1279113292694092	0.0	0.01862504705786705	0.567581057548523	0.0	0.0	1.2848179340362549	1.2482621669769287	1.9808999300003052	0.2003536820411682	1.1947990655899048	0.0	0.0	0.4500229060649872	0.0	0.039919473230838776	2.0373754501342773	0.0	0.35826170444488525	1.3620349168777466	1.4949216842651367	2.2975239753723145
0.0	0.0	0.0	0.0	0.8517283201217651	0.0	2.2052032947540283	1.6314600706100464	0.1322011947631836	0.4517512917518616	1.2261717319488525	0.0	0.0	0.0	0.46978676319122314	0.9184733629226685	0.9851469397544861	0.8990563750267029	2.5428779125213623	1.1240652799606323	0.5937588810920715	0.0	0.9615963101387024	1.7648757696151733	2.1112797260284424	2.9450595378875732	0.0	0.0	1.0840917825698853	0.0	0.0	1.9832333326339722	0.0	0.0	0.7085995674133301	0.0	0.2740015983581543	0.0	0.0	1.6076339483261108	0.6805133819580078	1.7403079271316528	1.6553738117218018	0.0	0.10439449548721313	0.4300231635570526	0.12552082538604736	0.0	1.2367950677871704	1.4719717502593994	1.3816694021224976	0.35502907633781433	1.7544344663619995	0.0	0.081117182970047	0.05333622172474861	0.0	0.0	1.7239069938659668	0.0	0.0	0.92533940076828	0.8418891429901123	1.886577844619751
0.0	0.0	0.0	0.0	0.7170595526695251	0.0	2.5370676517486572	2.0037906169891357	0.04267457127571106	0.43384405970573425	0.9045224189758301	0.0	0.0	0.0	0.0	1.4989973306655884	1.091313362121582	0.13341036438941956	2.1021945476531982	0.878176748752594	0.5015594959259033	0.5270809531211853	1.3198034763336182	1.3919909000396729	1.4441301822662354	3.166994333267212	0.0	0.0	1.0585606098175049	0.0	0.0	1.2473251819610596	0.0	0.0	0.8440806269645691	0.0	0.0	0.0	0.0	1.3641605377197266	0.6266381740570068	1.6793978214263916	1.3788857460021973	0.0	0.10309185832738876	0.7325514554977417	0.0	0.0	1.0624881982803345	1.318151831626892	1.631213665008545	0.6665776371955872	1.1123160123825073	0.0	0.1459522396326065	0.5596066117286682	0.0	0.0	1.5440998077392578	0.0	0.0	0.9404555559158325	0.871062159538269	1.9065083265304565
0.0	0.0	0.0	0.0	1.2262818813323975	0.0	2.1148698329925537	2.201226234436035	0.008124623447656631	0.18616557121276855	1.2521778345108032	0.0	0.0	0.04192797467112541	0.01382488664239645	1.5205055475234985	1.1154812574386597	0.92695552110672	2.798532485961914	1.3629201650619507	0.779901385307312	0.537075936794281	1.3723161220550537	1.3708436489105225	2.2903852462768555	2.4645020961761475	0.0	0.0	1.3046807050704956	0.6982422471046448	0.0	2.7084460258483887	0.0	0.0	1.1500096321105957	0.0	0.17111697793006897	0.0	0.0	1.6696243286132812	0.6890704035758972	1.5562974214553833	1.6956270933151245	0.0	0.0	0.6768444180488586	0.0	0.0	1.2919445037841797	1.031100869178772	1.900530219078064	0.18977558612823486	1.8056193590164185	0.0	0.0	0.3519858121871948	0.0	0.0	1.6477973461151123	0.0	0.44174909591674805	0.8198854327201843	1.0642050504684448	2.4221084117889404
0.0	0.0	0.0	0.0	0.9855977892875671	0.0	2.022686004638672	1.7687866687774658	0.0	0.33847174048423767	1.0064356327056885	0.0	0.0	0.17939835786819458	0.0	1.487168312072754	0.9837525486946106	0.26724904775619507	2.379399299621582	1.2167466878890991	0.5601486563682556	0.5126469731330872	1.0575462579727173	1.4801093339920044	1.5104058980941772	2.415191411972046	0.0	0.0	0.9897510409355164	0.2143099159002304	0.0	2.1866486072540283	0.3402075469493866	0.058304429054260254	1.0145065784454346	0.0	0.0	0.0	0.0	1.6118909120559692	0.5032044053077698	1.351041316986084	1.561255931854248	0.0	0.19305755198001862	0.6869106888771057	0.0	0.0	1.1910208463668823	1.032201886177063	1.8402873277664185	0.45012879371643066	1.6677347421646118	0.0	0.08632299304008484	0.32177674770355225	0.0	0.0	2.0102264881134033	0.0	0.0	0.7541062831878662	1.053463339805603	2.0993359088897705
0.0	0.0	0.0	0.0	0.5652575492858887	0.0	2.402710437774658	1.822826862335205	0.011677871458232403	0.43359294533729553	0.7494543790817261	0.0	0.0	0.0	0.0	1.6827274560928345	0.8780161142349243	0.0	1.7581528425216675	0.8390769958496094	0.34552085399627686	0.17737163603305817	1.135642647743225	1.7661371231079102	1.2689824104309082	2.7871174812316895	0.0	0.0	1.0503937005996704	0.0	0.0	1.7876529693603516	0.0	0.16580840945243835	1.1231155395507812	0.0	0.0	0.0	0.0	1.4881839752197266	0.6782628297805786	1.4180495738983154	1.0567553043365479	0.0	0.18719439208507538	0.6175985336303711	0.0	0.0	0.9823582768440247	1.5308881998062134	1.9583501815795898	0.5781662464141846	1.0011056661605835	0.0	0.03495064750313759	0.38598790764808655	0.0	0.0	1.801925539970398	0.0	0.0	0.9823824763298035	1.528127670288086	2.079777717590332
0.0	0.0	0.0	0.0	0.6211585998535156	0.0	2.0775954723358154	1.7796117067337036	0.2908188998699188	0.1354944258928299	1.0722970962524414	0.0	0.0	0.0	0.0	1.4615144729614258	1.2508728504180908	0.0	2.0399162769317627	0.7095341682434082	0.5234382152557373	0.0	1.3850613832473755	1.8980945348739624	1.5757993459701538	3.3322064876556396	0.0	0.0	0.9072126150131226	0.0	0.0	1.5956718921661377	0.0	0.0	1.1797086000442505	0.0	0.0	0.0	0.0	1.536502718925476	0.7095354795455933	1.474016547203064	1.3009002208709717	0.0	0.25720107555389404	0.29149365425109863	0.0	0.0	1.268790602684021	1.6847916841506958	1.3999228477478027	0.6313978433609009	1.6079779863357544	0.0	0.036525435745716095	0.20540258288383484	0.0	0.0	1.551195502281189	0.0	0.0	1.444724440574646	0.666641891002655	1.9328159093856812
0.0	0.0	0.031763747334480286	0.0	0.9306414723396301	0.0	2.181504726409912	1.7432526350021362	0.0	0.05357905849814415	1.3496190309524536	0.0	0.0	0.3372562527656555	0.15188507735729218	0.8693781495094299	1.2502204179763794	1.124362587928772	2.8524692058563232	1.6294848918914795	0.8627955317497253	0.29887810349464417	1.0558079481124878	1.4081580638885498	2.793870449066162	2.6256206035614014	0.0	0.0	0.8430233597755432	0.7386889457702637	0.0	2.0687410831451416	0.0	0.44742122292518616	0.7239405512809753	0.0	0.06601832062005997	0.0	0.0	1.258967399597168	0.6798561215400696	1.387313723564148	1.5873078107833862	0.0	0.12727928161621094	0.7146045565605164	0.0	0.0	0.9924818277359009	1.0074207782745361	1.3851401805877686	0.30405983328819275	1.7662460803985596	0.0	0.2961784601211548	0.3051443099975586	0.0	0.0	1.835031270980835	0.0	0.0	0.7810927033424377	1.0291684865951538	2.161003828048706
0.0	0.0	0.0	0.0	1.03602135181427	0.0	2.3218350410461426	1.9152061939239502	0.3136000633239746	0.26320406794548035	0.6005523204803467	0.0	0.0	0.30634260177612305	0.0	1.8492623567581177	1.60145103931427	0.16047562658786774	1.6370967626571655	1.0022578239440918	0.7336669564247131	1.0360474586486816	0.8297014236450195	1.745789885520935	1.385877013206482	3.1027634143829346	0.0	0.0	0.6511844992637634	0.20182478427886963	0.0	1.7323189973831177	0.15458063781261444	0.0	0.4874684810638428	0.0	0.26959526538848877	0.0	0.0	1.2723619937896729	0.6429693698883057	1.401872992515564	1.7274445295333862	0.0	0.31776583194732666	0.7487421035766602	0.0	0.0	0.9434954524040222	1.9321104288101196	1.8681169748306274	0.3994704484939575	1.0286345481872559	0.0	0.11997289210557938	0.6241196393966675	0.0	0.0	1.850748062133789	0.0	0.0	1.4331704378128052	1.2317721843719482	1.966858148574829
0.0	0.0	0.0	0.0	1.0709742307662964	0.0	2.338114023208618	2.0866036415100098	0.0	0.3826841115951538	1.5907231569290161	0.0	0.0	0.41327419877052307	0.0750977024435997	1.1784383058547974	0.797685444355011	0.7940524220466614	2.9365460872650146	1.4102506637573242	0.6490647196769714	0.4192444980144501	1.6220057010650635	1.5772734880447388	2.202744245529175	2.428227663040161	0.0	0.0	1.0452824831008911	0.46322062611579895	0.0	2.027271032333374	0.0	0.3036036193370819	1.090990662574768	0.0	0.0	0.0	0.0	1.441835880279541	0.7976937294006348	1.5091580152511597	1.400328516960144	0.0	0.07864245772361755	0.5688256025314331	0.0	0.0	1.505652904510498	0.8273948431015015	1.7505220174789429	0.8357006907463074	1.9604218006134033	0.0	0.0	0.26384028792381287	0.0	0.0	2.1039607524871826	0.0	0.5748905539512634	0.9558544158935547	1.2457588911056519	1.9224861860275269
0.0	0.0	0.0	0.0	1.170901894569397	0.0	2.5344719886779785	1.7891515493392944	0.0	0.3822566568851471	1.1148138046264648	0.0	0.0	0.0	0.09834951162338257	1.1359199285507202	0.9874027967453003	0.5638092160224915	2.6643402576446533	1.0694180727005005	0.6580199599266052	0.0	1.279175043106079	1.5986645221710205	1.9737852811813354	3.0457000732421875	0.0	0.0	1.2607219219207764	0.0	0.0	1.9353735446929932	0.0	0.0	0.709706723690033	0.0	0.0	0.0	0.0	1.568043828010559	0.7409997582435608	1.6049162149429321	1.4549674987792969	0.0	0.06734730303287506	0.5292333364486694	0.0	0.0	1.1050145626068115	1.3769983053207397	1.368647575378418	0.24325671792030334	1.7004963159561157	0.0	0.06649437546730042	0.20044460892677307	0.0	0.0	1.75380277633667	0.0	0.4135558307170868	1.0275250673294067	0.7125204205513	2.1687467098236084
0.0	0.0	0.0	0.0	0.33608895540237427	0.0	2.3499369621276855	1.9474403858184814	0.0	0.48835489153862	0.9445987343788147	0.0	0.0	0.10666830837726593	0.0	1.619907021522522	0.7842289805412292	0.0	2.277745008468628	1.0337474346160889	0.2856702506542206	0.6459027528762817	0.9968933463096619	1.497388482093811	1.4423547983169556	2.7112059593200684	0.0	0.0	0.7640619277954102	0.0	0.0	1.5491183996200562	0.0	0.0	1.6072642803192139	0.0	0.0	0.0	0.0	1.3928035497665405	0.8933929800987244	1.3956811428070068	1.3972511291503906	0.0	0.051873236894607544	0.6779935359954834	0.0	0.0	1.1375774145126343	1.5921345949172974	2.0961551666259766	0.6825576424598694	0.8121421337127686	0.0	0.21431872248649597	0.5696291923522949	0.0	0.0	1.8016504049301147	0.0	0.30315691232681274	1.1392415761947632	1.1545846462249756	2.265815496444702
0.0	0.0	0.0	0.0	1.0075434446334839	0.0	2.212672710418701	2.03938627243042	0.0	0.2931044101715088	1.1071844100952148	0.0	0.0	0.0	0.11619261652231216	1.4199391603469849	1.0478836297988892	0.508270263671875	2.4876370429992676	1.1817599534988403	0.6172410249710083	0.25631195306777954	1.287404179573059	1.5991358757019043	1.6091763973236084	2.8353939056396484	0.0	0.0	1.219956874847412	0.0	0.0	1.2250962257385254	0.0	0.0	1.0097308158874512	0.0	0.0	0.0	0.0	1.4971108436584473	0.6308526396751404	1.3944263458251953	1.5447375774383545	0.0	0.0	0.6731323599815369	0.0	0.0	1.4015452861785889	1.1964081525802612	1.6584581136703491	0.5670574307441711	1.6812446117401123	0.0	0.0	0.26040762662887573	0.0	0.0	1.838094711303711	0.0	0.0	0.9969964027404785	1.052042841911316	1.2401809692382812
0.0	0.0	0.0	0.0	1.1594946384429932	0.0	2.309053421020508	2.126988410949707	0.08190642297267914	0.4031452238559723	1.1409132480621338	0.0	0.0	0.0	0.0	1.7214674949645996	0.8410553336143494	0.32234781980514526	2.1517434120178223	0.8102720975875854	0.39951103925704956	0.4374984800815582	0.7829712629318237	1.461533546447754	1.488823413848877	2.4679298400878906	0.0	0.0	0.9186299443244934	0.3822537958621979	0.0	1.5740699768066406	0.0	0.0	1.3135141134262085	0.0	0.0	0.0	0.0	1.3770911693572998	0.6571282148361206	1.6387758255004883	1.4141203165054321	0.0	0.1455480009317398	0.831070065498352	0.0	0.0	1.1396195888519287	1.2487472295761108	1.9224419593811035	0.826399028301239	1.0791361331939697	0.0	0.0	0.20689116418361664	0.0	0.0	1.8248308897018433	0.0	0.0	0.8416476845741272	1.2642048597335815	2.0272867679595947
0.0	0.0	0.0	0.0	0.9930164813995361	0.0	2.255319118499756	1.7140556573867798	0.22906507551670074	0.3647814393043518	1.0485979318618774	0.0	0.0	0.0	0.0	1.223104476928711	1.0608572959899902	0.0	2.097590446472168	0.8542107343673706	0.35953330993652344	0.13886329531669617	1.1545790433883667	1.6906260251998901	1.7425949573516846	3.5469741821289062	0.0	0.0	0.8674580454826355	0.0	0.0	1.3311948776245117	0.0	0.0	0.8958455920219421	0.0	0.0	0.0	0.0	1.4526009559631348	0.5748090147972107	1.4061697721481323	1.2976689338684082	0.0	0.15286175906658173	0.4086797535419464	0.0	0.0	1.2512587308883667	1.6832926273345947	1.6307246685028076	0.6417062878608704	1.1719567775726318	0.0	0.0	0.1719839870929718	0.0	0.0	1.573290228843689	0.0	0.0	1.1563923358917236	0.8315919637680054	1.670488953590393
0.0	0.0	0.0	0.0	0.8257671594619751	0.0	2.5014939308166504	2.091174602508545	0.0	0.29134368896484375	1.003043293952942	0.0	0.0	0.0	0.0	1.5468415021896362	0.7538262009620667	0.0	2.0459532737731934	0.8120623826980591	0.29930850863456726	0.7516140937805176	1.0667192935943604	1.0398063659667969	1.3432365655899048	2.80283784866333	0.0	0.0	0.6586599946022034	0.07222290337085724	0.0	1.6432015895843506	0.0	0.0	1.0937830209732056	0.0	0.0	0.0	0.0	1.2766755819320679	0.5588765144348145	1.6574240922927856	0.9298717379570007	0.0	0.0	0.8742414712905884	0.0	0.0	1.083757996559143	1.0607457160949707	2.0673704147338867	0.6313490867614746	1.3286584615707397	0.0	0.012264666147530079	0.3943062126636505	0.0	0.0	1.7486765384674072	0.0	0.0	0.7857365608215332	1.39546799659729	1.7419317960739136
0.0	0.0	0.0	0.0	0.9620649218559265	0.0	2.1686854362487793	2.252488613128662	0.18785543739795685	0.09051140397787094	0.9113067984580994	0.0	0.0	0.29242411255836487	0.0	1.812256932258606	1.0722075700759888	0.25116631388664246	1.836682915687561	0.9643967151641846	0.3931698203086853	0.38156333565711975	1.4483269453048706	1.3506146669387817	1.4236615896224976	3.352426052093506	0.0	0.03582366928458214	0.8222053050994873	0.1644454151391983	0.0	2.458197832107544	0.0	0.0	0.9735274910926819	0.0	0.0	0.0	0.0	1.6152247190475464	0.537743866443634	1.3698737621307373	1.1602487564086914	0.0	0.01567460596561432	0.6238528490066528	0.32329732179641724	0.0	1.086014747619629	1.0637662410736084	1.8431276082992554	0.1132996529340744	1.3421623706817627	0.0	0.0	0.6139342784881592	0.0	0.0	1.6121652126312256	0.0	0.0	1.3082621097564697	1.019278645515442	2.188364267349243
0.0	0.0	0.0	0.0	0.9018316864967346	0.0	2.5759620666503906	1.7481249570846558	0.25584352016448975	0.2795705199241638	1.0913047790527344	0.0	0.0	0.0	0.0	1.5227305889129639	1.1045743227005005	0.0	2.024308204650879	0.7158978581428528	0.569633424282074	0.0	0.8984772562980652	1.8999134302139282	1.1428731679916382	3.1845333576202393	0.0	0.0	1.106015682220459	0.0	0.0	1.5338901281356812	0.04131041094660759	0.0	1.0592564344406128	0.0	0.0	0.0	0.0	1.4081107378005981	0.834557831287384	1.7319095134735107	1.4112120866775513	0.0	0.14727315306663513	0.3476712107658386	0.0	0.0	1.4016311168670654	1.7605873346328735	1.488625168800354	0.7884188294410706	1.2533512115478516	0.0	0.19092150032520294	0.336508184671402	0.0	0.0	1.336452841758728	0.0	0.0	1.0900694131851196	0.8782520294189453	1.7902287244796753
0.0	0.0	0.0	0.0	0.8421593904495239	0.0	2.5880348682403564	2.128599166870117	0.12146320194005966	0.20276951789855957	1.1670573949813843	0.0	0.0	0.030126310884952545	0.2148430347442627	1.2788652181625366	1.2910395860671997	0.6414821743965149	2.6096651554107666	1.09237539768219	0.5381864309310913	0.1530795842409134	0.9913619160652161	1.6719036102294922	2.182504653930664	3.095184564590454	0.0	0.0	1.056547999382019	0.0	0.0	2.093510627746582	0.0	0.18917730450630188	1.0073754787445068	0.0	0.0	0.0	0.0	1.6201363801956177	0.7394253015518188	1.6064176559448242	1.5154021978378296	0.0	0.19680801033973694	0.7046351432800293	0.0	0.0	1.2447056770324707	1.4879801273345947	1.7715953588485718	0.3567018210887909	1.8835935592651367	0.0	0.18594320118427277	0.3101061284542084	0.0	0.0	1.7680535316467285	0.0	0.0	1.0152082443237305	1.2701547145843506	2.0487372875213623
0.0	0.0	0.16835364699363708	0.0	0.8912599682807922	0.0	2.4085564613342285	2.263002395629883	0.0	0.13373567163944244	1.2866041660308838	0.0	0.0	0.07844852656126022	0.0048199971206486225	2.019894599914551	0.5968448519706726	0.3745889961719513	2.896959066390991	0.859607458114624	0.6062076687812805	0.3014744222164154	1.562727928161621	1.2543563842773438	2.4468986988067627	2.8600142002105713	0.0	0.0	0.973538339138031	0.1359012871980667	0.0	2.1019115447998047	0.0	0.0	0.9932042360305786	0.0	0.0	0.0	0.0	1.5283817052841187	0.6997333765029907	1.3125061988830566	1.5124493837356567	0.0	0.15074659883975983	0.7594298720359802	0.0	0.0	1.1102081537246704	1.0180832147598267	2.256686210632324	0.5420914888381958	1.3883991241455078	0.0	0.07540064305067062	0.3260108530521393	0.0	0.0	1.7621161937713623	0.0	0.10421134531497955	1.1964085102081299	0.9810791611671448	1.9641321897506714
0.0	0.0	0.0	0.0	0.6265814304351807	0.0	2.158111810684204	1.622369647026062	0.15801183879375458	0.4878319203853607	0.7935039401054382	0.0	0.0	0.0	0.0	1.62601637840271	1.177862286567688	0.0	2.076660633087158	0.9547199010848999	0.5547577738761902	0.07770492136478424	1.3413165807724	1.5406041145324707	1.2585422992706299	3.3140811920166016	0.0	0.0	0.9310937523841858	0.0	0.0	1.733629584312439	0.09108662605285645	0.0	0.9712456464767456	0.0	0.0	0.0	0.0	1.573448896408081	0.6031201481819153	1.3968610763549805	1.2189610004425049	0.0	0.15096509456634521	0.7440809607505798	0.0	0.0	0.976349949836731	1.186980128288269	1.6252888441085815	0.45572271943092346	1.0232137441635132	0.0	0.13489902019500732	0.34572967886924744	0.0	0.0	1.591019868850708	0.0	0.0	1.381921410560608	1.0619655847549438	2.078624963760376
0.0	0.0	0.0	0.0	0.4310162365436554	0.0	1.9996331930160522	1.6374233961105347	0.3852843940258026	0.27339738607406616	0.799929141998291	0.0	0.0	0.12448155879974365	0.0	2.0319581031799316	1.145017385482788	0.0	1.8110730648040771	0.5140202045440674	0.42930811643600464	0.3863968551158905	1.070736050605774	1.639572262763977	1.3170819282531738	2.9364309310913086	0.0	0.0	1.0540366172790527	0.36658310890197754	0.0	2.2540223598480225	0.7716137766838074	0.0	0.8060306906700134	0.0	0.25908881425857544	0.0	0.0	1.3778284788131714	0.5461354851722717	1.7377761602401733	1.1244709491729736	0.0	0.089318186044693	0.6644899249076843	0.0	0.0	0.8450610637664795	1.4550353288650513	1.727424144744873	0.23792456090450287	1.4115195274353027	0.0	0.08672621846199036	0.6903588175773621	0.0	0.09531807154417038	1.5124138593673706	0.0	0.13673914968967438	1.5137643814086914	1.1315149068832397	2.240959882736206
0.0	0.0	0.0	0.0	0.8314198851585388	0.0	2.577483654022217	1.967617392539978	0.6397731900215149	0.4077136218547821	1.0273076295852661	0.0	0.0	0.13691042363643646	0.0	2.072237491607666	0.8689731359481812	0.0	2.0915300846099854	0.7719422578811646	0.494927316904068	1.2623810768127441	1.3299078941345215	1.562186598777771	1.0250798463821411	2.866814136505127	0.0	0.0	0.7560482621192932	0.0	0.0	1.9327762126922607	0.08386566489934921	0.0	1.6919357776641846	0.0	0.0	0.0	0.0	1.4356412887573242	0.6261063814163208	1.385270595550537	0.9524925947189331	0.0	0.2008407562971115	0.7941167950630188	0.0	0.0	1.136857271194458	1.615136981010437	2.193495988845825	0.5884436368942261	0.897016704082489	0.0	4.9024962208932266e-05	0.4174540638923645	0.0	0.11458595842123032	1.711756706237793	0.0	0.34727293252944946	1.1216374635696411	1.582033395767212	2.3750526905059814
0.0	0.0	0.0	0.0	1.2116130590438843	0.0	2.0746002197265625	1.6983585357666016	0.12711264193058014	0.007702187169343233	0.9548336267471313	0.0	0.0	0.25754404067993164	0.11373862624168396	1.6747678518295288	1.3399276733398438	0.7989798784255981	2.4095468521118164	1.1786442995071411	0.5948924422264099	0.3807969093322754	1.3588664531707764	1.3378474712371826	2.048835039138794	2.718980550765991	0.0	0.0	1.1733810901641846	0.4724854528903961	0.0	1.986507773399353	0.026316002011299133	0.04741578549146652	0.6865572929382324	0.0	0.1350136697292328	0.0	0.0	1.7258747816085815	0.5648310780525208	1.4289863109588623	1.5192564725875854	0.0	0.10714097321033478	0.6945427060127258	0.0	0.0	1.065809726715088	0.8801876902580261	1.7123817205429077	0.09304437786340714	1.9429008960723877	0.0	0.21949170529842377	0.48022568225860596	0.0	0.0	1.7284787893295288	0.0	0.37979263067245483	1.1612931489944458	1.2603317499160767	2.087125539779663
0.0	0.0	0.0	0.0	0.9068599939346313	0.0	2.0277063846588135	2.002683162689209	0.0	0.11880984157323837	0.9248853325843811	0.0	0.0	0.09168213605880737	0.25460952520370483	1.6964095830917358	1.229322910308838	1.1395506858825684	2.300457239151001	1.3107963800430298	0.47654715180397034	0.7112917900085449	1.0760674476623535	1.1492613554000854	2.7174901962280273	2.885451316833496	0.0	0.0	1.1970643997192383	0.6882021427154541	0.0	2.0268845558166504	0.0	0.13659077882766724	0.7954285740852356	0.0	0.0	0.0	0.0	1.480582356452942	0.41865256428718567	1.4005939960479736	1.5541356801986694	0.0	0.34452348947525024	0.7552008032798767	0.14318086206912994	0.0	0.8605361580848694	0.9444186091423035	2.141545057296753	0.29419031739234924	2.2285637855529785	0.0	0.07596779614686966	0.5899142026901245	0.0	0.0	1.771122932434082	0.0	0.19878461956977844	0.6796796917915344	1.286507487297058	1.9801753759384155
0.0	0.0	0.0	0.0	0.9547250866889954	0.0	2.1273245811462402	1.808958649635315	0.44061359763145447	0.243033766746521	0.8160042762756348	0.0	0.0	0.0	0.0	1.6419768333435059	1.3086732625961304	0.0	1.9311127662658691	0.8178042769432068	0.46787306666374207	0.2132870852947235	1.5261117219924927	1.674498438835144	1.5193755626678467	3.297271728515625	0.0	0.0	0.7694169282913208	0.0	0.0	2.1680972576141357	0.0	0.0	0.9897648096084595	0.0	0.028560923412442207	0.0	0.0	1.2862976789474487	0.5148718953132629	1.5896179676055908	1.1296969652175903	0.0	0.2019292116165161	0.6232889890670776	0.0	0.0	1.146830677986145	1.4241442680358887	1.7514185905456543	0.6089507937431335	1.5340644121170044	0.0	0.1679498553276062	0.5537980198860168	0.0	0.0	1.4699606895446777	0.0	0.0	1.360761284828186	0.8839805722236633	2.0051748752593994
0.0	0.0	0.03993885591626167	0.0	1.1361045837402344	0.0	2.2490882873535156	2.1658570766448975	0.0	0.2807619571685791	1.4923421144485474	0.0	0.0	0.13821640610694885	0.11867988109588623	1.0209851264953613	0.9072284698486328	0.9529998302459717	2.932819366455078	1.4578431844711304	0.8108373284339905	0.5315837264060974	1.4498502016067505	1.3929628133773804	2.190822124481201	2.3517513275146484	0.0	0.0	0.8615691065788269	0.6282597780227661	0.0	2.122499942779541	0.04287434369325638	0.42259421944618225	0.7888548374176025	0.0	0.0	0.0	0.0	1.2657831907272339	0.6479793787002563	1.3475381135940552	1.5551104545593262	0.0	0.06897720694541931	0.6700774431228638	0.0	0.0	1.2296979427337646	0.6636013984680176	1.5553638935089111	0.39204931259155273	1.7035155296325684	0.0	0.045970965176820755	0.40525421500205994	0.0	0.0	1.9537254571914673	0.0	0.0	0.5739535093307495	1.0952811241149902	2.185605049133301
0.0	0.0	0.0	0.0	1.039896011352539	0.0	2.3035402297973633	1.6492257118225098	0.6264939308166504	0.20738592743873596	0.9559822678565979	0.1444115787744522	0.0	0.0	0.0	1.4498138427734375	1.2314757108688354	0.0	1.8105926513671875	0.768405020236969	0.7389835715293884	0.0	0.7517226934432983	1.7693206071853638	1.3723570108413696	3.554776906967163	0.0	0.0	0.8142666816711426	0.0	0.0	1.0909537076950073	0.0	0.0	1.295117974281311	0.0	0.0	0.0	0.0	1.5186538696289062	0.7169104218482971	1.0412628650665283	1.2785543203353882	0.0	0.04037194699048996	0.7279999852180481	0.0	0.0	1.232964038848877	1.6484322547912598	2.0318896770477295	0.4179725646972656	0.524758517742157	0.0	0.30820953845977783	0.18047063052654266	0.0	0.11932205408811569	1.5636448860168457	0.0	0.0	1.2995065450668335	0.7693771123886108	1.2459771633148193
0.0	0.0	0.0	0.0	0.7718473672866821	0.0	2.5540997982025146	1.9645990133285522	0.1704704910516739	0.42370980978012085	0.9851522445678711	0.0	0.0	0.0	0.0	1.2983593940734863	0.9925655126571655	0.045466646552085876	2.5275611877441406	0.8818775415420532	0.5445963144302368	0.46019917726516724	1.337269902229309	1.278167963027954	1.3067823648452759	3.371354818344116	0.0	0.0	1.1304439306259155	0.05270637944340706	0.0	1.79023015499115	0.0	0.0	0.9896400570869446	0.0	0.0	0.0	0.0	1.434868335723877	0.7392634153366089	1.6086795330047607	1.3426058292388916	0.0	0.22908006608486176	0.6749775409698486	0.0	0.0	1.0197612047195435	1.2905906438827515	1.9037562608718872	0.5853850245475769	1.1236768960952759	0.0	0.0805186778306961	0.5308812856674194	0.0	0.0	1.7170006036758423	0.0	0.12378533184528351	1.3195058107376099	1.2450894117355347	1.9792914390563965
0.0	0.0	0.0	0.0	0.8956130146980286	0.0	1.95645272731781	2.0329244136810303	0.10564941167831421	0.3249766230583191	0.6292163729667664	0.0	0.0	0.0	0.04374578222632408	1.6486040353775024	1.0453791618347168	0.0	2.1249425411224365	0.8528276681900024	0.356413871049881	0.23060914874076843	1.177374005317688	1.4340782165527344	1.8826180696487427	3.2113611698150635	0.0	0.0	0.8883905410766602	0.0	0.0	1.8901128768920898	0.2174047827720642	0.0	1.1420714855194092	0.0	0.05268115550279617	0.0	0.0	1.3557080030441284	0.5515753626823425	1.7018444538116455	1.168576955795288	0.0	0.30922043323516846	0.6632482409477234	0.0	0.0	0.9237979650497437	1.3553190231323242	1.7448155879974365	0.4708986282348633	0.962923526763916	0.0	0.0	0.5068143606185913	0.0	0.14775580167770386	1.599240779876709	0.0	0.1284302920103073	1.2339667081832886	1.1551129817962646	2.4013607501983643
0.0	0.0	0.0	0.0	0.993221640586853	0.0	2.4189529418945312	2.1345484256744385	0.0	0.2739938795566559	1.0241410732269287	0.0	0.0	0.07987033575773239	0.0	1.777235984802246	0.8593547344207764	0.5788596272468567	2.2145347595214844	1.024247646331787	0.3885413110256195	0.814163863658905	1.187670350074768	1.4314930438995361	1.6511609554290771	2.5791690349578857	0.0	0.0	0.9534381628036499	0.6048921942710876	0.0	2.5325963497161865	0.0	0.0	0.7812197804450989	0.0	0.017724914476275444	0.0	0.0	1.5239511728286743	0.6330787539482117	1.4574135541915894	1.2527824640274048	0.0	0.07108578830957413	0.8540732264518738	0.008096323348581791	0.0	1.0348970890045166	1.060732364654541	1.7407722473144531	0.18684455752372742	1.6250561475753784	0.0	0.0695384293794632	0.5239107608795166	0.0	0.0	1.6175278425216675	0.0	0.0848868191242218	1.1071937084197998	1.053360939025879	2.4962432384490967
0.0	0.0	0.0	0.0	0.9697936177253723	0.0	2.4554333686828613	1.9116681814193726	0.16552488505840302	0.3206031620502472	0.6953878998756409	0.0	0.0	0.0	0.112090565264225	1.532853364944458	1.0158820152282715	0.0	1.8910237550735474	0.9562957286834717	0.397899866104126	0.3611298203468323	1.2838945388793945	1.4751949310302734	1.2533310651779175	3.0998151302337646	0.0	0.0	1.1482205390930176	0.0	0.0	1.2572846412658691	0.0	0.0	0.9513469338417053	0.0	0.0	0.0	0.0	1.406916618347168	0.5341760516166687	1.4897544384002686	1.2075715065002441	0.0	0.11281119287014008	0.6616503596305847	0.0	0.0	1.1771824359893799	1.5140572786331177	1.7722508907318115	0.6408480405807495	1.2775200605392456	0.0	0.0	0.5280030369758606	0.0	0.0	1.4459125995635986	0.0	0.0	1.3740235567092896	0.904778778553009	2.075396776199341
0.0	0.0	0.0	0.0	0.8952852487564087	0.0	2.165097951889038	1.653465986251831	0.21332961320877075	0.27509233355522156	0.9397507309913635	0.0	0.0	0.04824128374457359	0.0	1.5209994316101074	1.000467300415039	0.0	2.2055094242095947	0.9291606545448303	0.5059536695480347	0.1604011207818985	1.0732897520065308	1.6398394107818604	1.4163850545883179	3.4291861057281494	0.0	0.0	0.9834137558937073	0.0	0.0	1.219116449356079	0.28778719902038574	0.0	0.7876328825950623	0.0	0.0	0.0	0.0	1.5977073907852173	0.7199786901473999	1.368567943572998	1.578208327293396	0.0	0.09050421416759491	0.7231478691101074	0.0	0.0	1.8363858461380005	1.5818921327590942	1.5733791589736938	0.4741128385066986	1.1297866106033325	0.0	0.0	0.16362221539020538	0.0	0.0	1.6732805967330933	0.0	0.4075578451156616	1.3748986721038818	0.94952791929245	1.8728787899017334
0.0	0.0	0.0	0.0	1.0996873378753662	0.0	2.3400561809539795	2.223848581314087	0.0	0.4195755422115326	0.8589892387390137	0.0	0.0	0.0	0.2565756142139435	1.3007186651229858	0.9297535419464111	0.21682550013065338	2.5135374069213867	0.882522463798523	0.5225656628608704	0.24238355457782745	1.7203081846237183	1.2913026809692383	1.6192553043365479	2.98378586769104	0.0	0.0	1.1129961013793945	0.0	0.0	1.695109486579895	0.013857132755219936	0.0	1.2497423887252808	0.0	0.10880433022975922	0.0	0.0	1.5463294982910156	0.5332036018371582	1.4896819591522217	1.2042315006256104	0.0	0.005987175274640322	1.0215731859207153	0.0	0.0	0.9774856567382812	1.0376485586166382	1.6311687231063843	0.22122429311275482	1.3611094951629639	0.0	0.16220766305923462	0.4600802958011627	0.0	0.0	1.5355167388916016	0.0	0.4671212136745453	1.4497184753417969	1.1572476625442505	1.6468533277511597
0.0	0.0	0.04255582019686699	0.0	1.2681467533111572	0.0	2.067547559738159	1.7639235258102417	0.10500030219554901	0.15359123051166534	1.0752614736557007	0.0	0.0	0.35211166739463806	0.0	1.4200423955917358	1.213544249534607	0.3518937826156616	2.236539363861084	1.2589718103408813	0.7233598232269287	0.2348877340555191	1.0186697244644165	1.6230337619781494	1.879376769065857	2.597205877304077	0.0	0.0	0.8007311224937439	0.3576737642288208	0.0	2.20692777633667	0.0	0.21562764048576355	1.215868592262268	0.0	0.02390531823039055	0.0	0.0	1.43561589717865	0.7067835330963135	1.3451156616210938	1.3905054330825806	0.0	0.2048877626657486	0.7585725784301758	0.0	0.0	1.2301980257034302	1.1584937572479248	1.8235350847244263	0.706946849822998	1.2843375205993652	0.0	0.0	0.5286401510238647	0.0	0.0	1.690422534942627	0.0	0.0	1.5000793933868408	0.9759753346443176	2.3416762351989746
0.0	0.0	0.0	0.0	0.6983312964439392	0.0	2.295809268951416	1.392253041267395	0.2180057317018509	0.34004154801368713	0.9430856108665466	0.0	0.0	0.18422873318195343	0.0	1.442448377609253	1.1518582105636597	0.0	2.3642282485961914	1.2785592079162598	0.5618200898170471	0.0	0.9886751770973206	1.8043947219848633	1.881787896156311	2.8090686798095703	0.0	0.0	1.1450315713882446	0.04473574087023735	0.0	1.570363998413086	0.1506490707397461	0.0	0.8580877780914307	0.0	0.0	0.0	0.0	1.5926768779754639	0.9191877245903015	1.1411546468734741	1.5151139497756958	0.0	0.27907031774520874	0.6200960278511047	0.0	0.0	1.4352514743804932	1.6327810287475586	1.727603554725647	0.0	1.2215808629989624	0.0	0.19548289477825165	0.3712320029735565	0.0	0.017369801178574562	1.99288809299469	0.0	0.0	1.265796184539795	1.079440712928772	2.0311622619628906
0.0	0.0	0.0	0.0	0.8626912236213684	0.0	2.381739854812622	1.884587049484253	0.13049831986427307	0.4144401252269745	1.5036269426345825	0.0	0.0	0.3679206073284149	0.0	1.8164479732513428	0.9286549091339111	0.08972665667533875	2.4642386436462402	1.3877793550491333	0.7292481660842896	0.07094947248697281	1.888728380203247	1.8420915603637695	1.981834888458252	2.660454750061035	0.0	0.0	1.1260424852371216	0.0	0.0	2.0933024883270264	0.0	0.0	0.7572563886642456	0.0	0.0	0.0	0.0	1.6223551034927368	0.797251284122467	1.2731930017471313	1.6595641374588013	0.0	0.28595587611198425	0.6138759255409241	0.0	0.0	1.5169216394424438	1.6283622980117798	1.551070213317871	0.39321261644363403	1.851768136024475	0.0	0.08121646195650101	0.2572329342365265	0.0	0.0	1.9870007038116455	0.0	0.0	1.6672006845474243	1.248937726020813	1.8795969486236572
0.0	0.0	0.0	0.0	0.5852645635604858	0.0	1.9512367248535156	1.9402023553848267	0.0	0.21604479849338531	1.2816948890686035	0.0	0.0	0.357394814491272	0.11816032230854034	1.6010698080062866	0.7853378653526306	0.993329644203186	2.6933605670928955	1.3017827272415161	0.689268946647644	0.15995772182941437	1.2112538814544678	1.631052851676941	2.029289484024048	2.7321436405181885	0.0	0.0	1.2220219373703003	0.5189821720123291	0.0	2.1456706523895264	0.0	0.345517098903656	0.49910640716552734	0.0	0.0	0.0	0.0	1.3344882726669312	0.7161223292350769	1.4460335969924927	1.6651235818862915	0.0	0.29027917981147766	0.5679616332054138	0.0	0.0	1.0245976448059082	0.7576708197593689	1.5084880590438843	0.3416115939617157	1.7894068956375122	0.0	0.1650303155183792	0.2574508786201477	0.0	0.0	1.8439528942108154	0.0	0.0	1.1920963525772095	1.3644205331802368	2.27884840965271
0.0	0.0	0.0	0.0	0.48468461632728577	0.0	2.3085038661956787	1.8176342248916626	0.09935858845710754	0.3493337631225586	0.9717585444450378	0.0	0.0	0.2805112898349762	0.0	1.593501329421997	0.7799015045166016	0.0	2.072462558746338	0.4942784607410431	0.43296346068382263	0.17349892854690552	1.236078143119812	1.5752168893814087	1.4237974882125854	3.421722650527954	0.0	0.0	0.9427210092544556	0.0	0.0	1.4997613430023193	0.23970267176628113	0.0	1.2414761781692505	0.0	0.0	0.0	0.0	1.7014050483703613	0.8601505756378174	1.2691353559494019	1.5796613693237305	0.0	0.10959639400243759	0.603410542011261	0.0	0.0	1.236940622329712	1.6090235710144043	1.9527066946029663	0.4614697992801666	1.2485072612762451	0.0	0.13336598873138428	0.656835675239563	0.0	0.0	1.625827670097351	0.0	0.0883326530456543	1.678299069404602	0.9617335796356201	2.104975461959839
0.0	0.0	0.0	0.0	1.182088017463684	0.0	2.305147886276245	1.8477504253387451	0.0699412152171135	0.29692599177360535	0.8003219962120056	0.0	0.0	0.03939083591103554	0.052814383059740067	1.8594820499420166	1.1186858415603638	0.3058292865753174	2.2764182090759277	0.9069795608520508	0.4517654478549957	0.7989823818206787	1.241788387298584	1.1684823036193848	1.8081507682800293	3.210280179977417	0.0	0.0	1.065535306930542	0.27298039197921753	0.0	1.804566740989685	0.0	0.0	0.9423313140869141	0.0	0.009500959888100624	0.0	0.0	1.4551211595535278	0.5108129978179932	1.551456093788147	1.2168855667114258	0.0	0.18243642151355743	0.8669230937957764	0.0	0.0	0.9216474294662476	1.1741472482681274	1.943691611289978	0.43814048171043396	1.3385732173919678	0.0	0.043908461928367615	0.630280077457428	0.0	0.0	1.543249487876892	0.0	0.0	1.1258504390716553	0.8959645628929138	2.3197638988494873
0.0	0.0	0.0	0.0	0.9184253215789795	0.0	2.614799976348877	1.9005714654922485	0.0	0.20215465128421783	0.8770772814750671	0.0	0.0	0.0	0.013089362531900406	1.542511224746704	0.9785631895065308	0.08293543010950089	2.116933822631836	1.044772982597351	0.48583313822746277	0.359970360994339	1.0040295124053955	1.3139103651046753	1.6794110536575317	2.9870996475219727	0.0	0.0	0.9903143644332886	0.0	0.0	1.680490493774414	0.0	0.15544605255126953	1.2128965854644775	0.0	0.0	0.0	0.0	1.1931475400924683	0.6744393110275269	1.6802654266357422	1.0756447315216064	0.0	0.11026526987552643	0.6880587935447693	0.0	0.0	1.1976618766784668	1.2126460075378418	1.7487540245056152	0.8138357996940613	1.0338927507400513	0.0	0.04645583778619766	0.4501318633556366	0.0	0.0	1.54243803024292	0.0	0.0	0.9398835897445679	1.0865638256072998	2.1497230529785156
0.0	0.0	0.0	0.0	0.14941062033176422	0.0	2.3992409706115723	1.5239307880401611	0.21553124487400055	0.3523326516151428	0.8232892155647278	0.0	0.0	0.13722868263721466	0.0	1.706498622894287	1.0641391277313232	0.0	1.5925790071487427	1.0397794246673584	0.42244139313697815	0.0	0.7793543934822083	1.8510721921920776	1.1822303533554077	3.3206663131713867	0.0	0.0	1.0907495021820068	0.0	0.0	1.4786502122879028	0.16163302958011627	0.1597721427679062	0.9778584837913513	0.0	0.0	0.0	0.0	1.5852290391921997	0.5840826034545898	1.2243880033493042	1.4143437147140503	0.0	0.1320781111717224	0.6623030304908752	0.0	0.0	1.2666465044021606	1.6469804048538208	1.6261022090911865	0.41542407870292664	1.0376346111297607	0.0	0.19426797330379486	0.44921714067459106	0.0	0.05506182089447975	2.0565481185913086	0.0	0.0	1.3182681798934937	1.0879539251327515	1.9470813274383545
0.0	0.0	0.0	0.0	0.9173232316970825	0.0	2.3195765018463135	1.9240992069244385	0.2700083255767822	0.10816056281328201	0.6892346143722534	0.0	0.0	0.0	0.021543016657233238	1.3878943920135498	1.163722276687622	0.0	2.253006935119629	0.6395211219787598	0.5964511632919312	0.0	1.1090177297592163	1.4063849449157715	1.4369621276855469	3.2523906230926514	0.0	0.0	0.9052772521972656	0.0	0.0	1.7743053436279297	0.0	0.0	0.8736902475357056	0.0	0.0	0.0	0.0	1.4938578605651855	0.5799713730812073	1.4524705410003662	1.151781439781189	0.0	0.06271201372146606	0.56627357006073	0.0	0.0	1.1072776317596436	1.592783808708191	1.550226092338562	0.5659241676330566	0.9599239230155945	0.0	0.199257031083107	0.45555976033210754	0.0	0.11346729844808578	1.4142013788223267	0.0	0.0	1.0555427074432373	0.8801979422569275	1.8940644264221191
0.0	0.0	0.0	0.0	0.6820678114891052	0.0	2.6859405040740967	1.691452145576477	0.18273070454597473	0.17816659808158875	0.8975870609283447	0.0	0.0	0.12364578247070312	0.0	1.5963224172592163	1.0443867444992065	0.0	2.1227493286132812	0.6639713644981384	0.5051234364509583	0.03089742176234722	1.3203306198120117	1.6827000379562378	1.6731674671173096	2.895505428314209	0.0	0.0	0.6364583373069763	0.0	0.0	1.7141374349594116	0.0	0.0	1.0113015174865723	0.0	0.0	0.0	0.0	1.5181773900985718	0.571983277797699	1.2249952554702759	1.192895770072937	0.0	0.3247326910495758	0.49023905396461487	0.0	0.0	1.1382752656936646	1.3902089595794678	2.0545551776885986	0.3062644898891449	1.5104005336761475	0.0	0.07557926326990128	0.21752643585205078	0.0	0.0	1.70503568649292	0.0	0.0	1.5455834865570068	1.315163493156433	1.8353124856948853
0.0	0.0	0.18216079473495483	0.0	1.222651481628418	0.0	2.637720823287964	1.999939203262329	0.26217615604400635	0.19995103776454926	0.8472908735275269	0.0	0.0	0.0	0.0	1.527803897857666	1.4699373245239258	0.0	2.0085525512695312	0.5966637134552002	0.38898852467536926	0.3821127712726593	0.9566781520843506	1.6988227367401123	1.999812126159668	3.2205135822296143	0.0	0.0	0.5968918204307556	0.10990829020738602	0.0	1.5979541540145874	0.0	0.4698207676410675	1.3881407976150513	0.0	0.0	0.0	0.0	1.2837772369384766	0.7144960165023804	1.630144715309143	1.1045161485671997	0.0	0.0	0.8476196527481079	0.0	0.0	0.9028609395027161	1.8388056755065918	2.1348977088928223	0.8790698647499084	0.42606598138809204	0.0	0.3253333270549774	0.491678923368454	0.0	0.0	1.5549556016921997	0.0	0.0	1.465756893157959	1.6756141185760498	2.377819776535034
0.0	0.0	0.0	0.0	1.290314793586731	0.0	2.308170795440674	1.7781413793563843	0.032677702605724335	0.24666647613048553	1.2190420627593994	0.0	0.0	0.0	0.04653323069214821	1.1052192449569702	0.8095261454582214	0.3799917697906494	2.635435104370117	1.0991289615631104	0.6422371864318848	0.0	1.1746933460235596	1.6403216123580933	2.0667097568511963	3.00291109085083	0.0	0.0	1.1477326154708862	0.0027705952525138855	0.0	1.7568131685256958	0.0	0.0	0.7172700762748718	0.0	0.1497882753610611	0.0	0.0	1.4976003170013428	0.8183507323265076	1.756371259689331	1.511003851890564	0.0	0.011628548614680767	0.600307285785675	0.0	0.0	1.297728419303894	1.4585531949996948	1.65477454662323	0.25891807675361633	1.8452892303466797	0.0	0.16268253326416016	0.191973477602005	0.0	0.0	1.7699683904647827	0.0	0.015124564059078693	1.3019870519638062	0.8678712248802185	1.941143274307251
0.0	0.0	0.0	0.0	1.5505884885787964	0.0	2.0906338691711426	2.2459871768951416	0.0	0.13206681609153748	1.4078710079193115	0.0	0.0	0.1488736867904663	0.28211894631385803	1.4105243682861328	1.165503740310669	0.948784589767456	2.7587084770202637	0.9895074963569641	0.7459514737129211	0.9532489776611328	1.5602928400039673	1.593145489692688	2.3545567989349365	2.934788942337036	0.0	0.0	1.1872198581695557	0.13436946272850037	0.0	2.007265329360962	0.0	0.0	1.1310425996780396	0.0	0.012131825089454651	0.0	0.0	1.322204828262329	0.5471728444099426	1.820304036140442	1.2592328786849976	0.0	0.12246090173721313	0.8055400848388672	0.3330892026424408	0.0	1.0794119834899902	0.8204721808433533	1.7514058351516724	0.5118411183357239	1.856627345085144	0.0	0.0	0.5206196308135986	0.0	0.0	1.6256073713302612	0.0	0.0	1.0624167919158936	1.126991868019104	1.888949990272522
0.0	0.0	0.0	0.0	0.8124223947525024	0.0	2.230684280395508	1.6547328233718872	0.0	0.1734764575958252	1.161808729171753	0.0	0.0	0.38971927762031555	0.24702323973178864	1.2443078756332397	0.886363685131073	0.382590651512146	2.561274528503418	1.1494688987731934	0.6247490048408508	0.3128811717033386	1.3485851287841797	1.533582329750061	2.5183095932006836	2.946416139602661	0.0	0.0	1.209595799446106	0.3501087725162506	0.0	2.0364251136779785	0.0343511737883091	0.37071144580841064	0.4890191853046417	0.0	0.0	0.0	0.0	1.3557953834533691	0.40880441665649414	1.5832682847976685	1.831788420677185	0.0	0.03614946827292442	0.6898606419563293	0.0	0.0	1.2619907855987549	0.9604087471961975	1.514792561531067	0.22533373534679413	1.8290032148361206	0.0	0.15197314321994781	0.297508180141449	0.0	0.0	2.139695644378662	0.0	0.6440331339836121	1.3871265649795532	1.1003097295761108	1.6739823818206787
0.0	0.0	0.0	0.0	0.878582239151001	0.0	2.5667803287506104	2.077235460281372	0.0	0.4157750904560089	1.205611228942871	0.0	0.0	0.0	0.038267191499471664	1.4328346252441406	0.9209975004196167	0.5034509301185608	2.2123372554779053	0.9482545256614685	0.33036938309669495	0.7226037383079529	1.6866258382797241	1.4930614233016968	1.743552565574646	3.4287827014923096	0.0	0.0	1.0926551818847656	0.0	0.0	1.7632285356521606	0.0	0.0	1.1403719186782837	0.0	0.1926800012588501	0.0	0.0	1.3977093696594238	0.7078394889831543	2.131143569946289	1.1768124103546143	0.0	0.003871483961120248	0.7493695020675659	0.0	0.0	1.1085079908370972	1.1446254253387451	1.959045171737671	0.7469971776008606	1.5042375326156616	0.0	0.0	0.5181019902229309	0.0	0.0	1.6893543004989624	0.0	0.0	0.8668333292007446	1.2608497142791748	1.6778730154037476
0.0	0.0	0.0	0.0	0.9163682460784912	0.0	2.863889217376709	1.838575839996338	0.5416073203086853	0.11292923986911774	0.7947697043418884	0.1313343346118927	0.0	0.23133765161037445	0.0	1.2973576784133911	1.7160710096359253	0.3053334057331085	1.649890661239624	1.2173267602920532	0.7737136483192444	0.16288027167320251	1.1609206199645996	1.6668566465377808	1.4991636276245117	3.226527214050293	0.0	0.0	0.8572158813476562	0.0	0.0	2.0204551219940186	0.0	0.0	0.9345698952674866	0.0	0.0	0.0	0.0	1.378366470336914	0.5079731941223145	1.3761793375015259	1.3948830366134644	0.0	0.0	0.7212185859680176	0.0	0.0	1.1026825904846191	1.6115996837615967	2.100780487060547	0.5649881362915039	1.081742763519287	0.0	0.2470606118440628	0.6384862065315247	0.0	0.0	1.4833317995071411	0.0	0.0	1.3799935579299927	0.6595681309700012	1.949785590171814
0.0	0.0	0.0	0.0	0.8381072282791138	0.0	2.4841043949127197	2.1036055088043213	0.23648770153522491	0.3260728418827057	1.0128072500228882	0.0	0.0	0.19270144402980804	0.0	1.8355568647384644	0.9972981214523315	0.0	2.1417601108551025	0.9213879108428955	0.48459556698799133	1.3492512702941895	1.4369962215423584	1.7489128112792969	1.791519045829773	3.293041229248047	0.0	0.0	0.7846142053604126	0.1790791004896164	0.0	2.2068300247192383	0.013111596927046776	0.24157294631004333	1.369011640548706	0.0	0.009672907181084156	0.0	0.0	1.5473824739456177	0.6763322353363037	1.5275273323059082	1.3498362302780151	0.0	0.4519893527030945	0.43954068422317505	0.0	0.0	1.2180811166763306	1.0606309175491333	1.8822152614593506	0.6885145306587219	1.0765371322631836	0.0	0.01967238262295723	0.4524751305580139	0.0	0.016298620030283928	1.7896579504013062	0.0	0.9514738321304321	1.0895063877105713	1.3475710153579712	2.4880740642547607
0.0	0.0	0.0	0.0	1.031324028968811	0.0	2.4882354736328125	2.1468024253845215	0.18559956550598145	0.21272896230220795	0.7779338955879211	0.0	0.0	0.0	0.0	1.2702223062515259	1.0777862071990967	0.10567022860050201	1.979433298110962	0.8937886953353882	0.4355635941028595	0.2316146343946457	1.5893874168395996	1.4104552268981934	1.5971858501434326	3.181917428970337	0.0	0.0	1.1383696794509888	0.004605905152857304	0.0	1.8138347864151	0.0	0.0	1.0441735982894897	0.0	0.0	0.0	0.0	1.3675655126571655	0.6206441521644592	1.6150413751602173	1.347206473350525	0.0	0.1049475371837616	0.7411706447601318	0.0	0.0	1.0424400568008423	1.5684449672698975	1.7198007106781006	0.569914698600769	1.0811574459075928	0.0	0.056903548538684845	0.4868180453777313	0.0	0.0	1.3351832628250122	0.0	0.0	0.9638723134994507	0.9023905396461487	2.275379180908203
0.0	0.0	0.0	0.0	0.9885318279266357	0.0	2.4239816665649414	2.179539918899536	0.0	0.21969477832317352	1.1145204305648804	0.0	0.0	0.13456417620182037	0.0	1.1572844982147217	0.8888211846351624	0.3299839496612549	2.67527437210083	1.3536380529403687	0.6333742737770081	0.38406607508659363	1.2841863632202148	1.523194670677185	1.3718985319137573	2.667595148086548	0.0	0.0	1.5476646423339844	0.012233167886734009	0.0	1.8272337913513184	0.0	0.03837772086262703	1.1361033916473389	0.0	0.0	0.0	0.0	1.775631070137024	0.9057045578956604	1.7106698751449585	1.5906744003295898	0.0	0.0	0.6832610368728638	0.0	0.0	1.3061054944992065	1.0170729160308838	2.0849876403808594	0.7991867661476135	1.79029381275177	0.0	0.0	0.45467036962509155	0.0	0.0	1.7012020349502563	0.0	0.530907392501831	0.8266974687576294	1.38712477684021	2.1498537063598633
0.0	0.407105028629303	0.0	0.0	0.5646347999572754	0.0	2.3802433013916016	1.9126144647598267	0.23357965052127838	0.3479643762111664	0.978455126285553	0.0	0.0	0.04635528102517128	0.0	1.5827782154083252	0.9825798273086548	0.0	1.9234315156936646	0.611781120300293	0.43612417578697205	0.0	1.7064861059188843	1.9391460418701172	1.353096842765808	3.4881231784820557	0.0	0.0	0.9814902544021606	0.0	0.0	1.4919756650924683	0.4224577844142914	0.1577012687921524	1.6009329557418823	0.0	0.0	0.0	0.0	1.5039639472961426	0.7694370746612549	2.085979700088501	1.0873204469680786	0.0	0.11658644676208496	0.43141502141952515	0.0	0.0	1.1602118015289307	2.0812814235687256	1.8261598348617554	1.2718613147735596	0.7605125904083252	0.0	0.1262856274843216	0.4987013339996338	0.0	0.07511688768863678	1.5850625038146973	0.0	0.8089155554771423	1.814896583557129	1.3997877836227417	2.1097021102905273
0.0	0.0	0.0	0.0	0.5053112506866455	0.0	2.1099817752838135	1.4856222867965698	0.13350819051265717	0.41545307636260986	0.9486237168312073	0.0	0.0	0.008491359651088715	0.03083810769021511	1.3451262712478638	1.2305647134780884	0.0	2.1861164569854736	0.8561096787452698	0.7024076581001282	0.0	0.9633764624595642	1.9027122259140015	1.265326976776123	3.3249120712280273	0.0	0.0	1.0306161642074585	0.0	0.0	1.7062126398086548	0.0	0.0	0.9528467655181885	0.0	0.0	0.0	0.0	1.607837438583374	0.6770503520965576	1.3989975452423096	1.4701669216156006	0.0	0.0872940868139267	0.564475953578949	0.0	0.0	1.3178175687789917	1.4950275421142578	1.5763269662857056	0.7299031019210815	0.9965620040893555	0.0	0.08522041887044907	0.2961784601211548	0.0	0.0	1.6922756433486938	0.0	0.0	1.361385703086853	0.7190530300140381	1.6247831583023071
0.0	0.0	0.0	0.0	0.8633227348327637	0.0	2.497659683227539	2.0291008949279785	0.3217313587665558	0.08346124738454819	0.7671575546264648	0.026318950578570366	0.0	0.21386495232582092	0.10174089670181274	1.5798496007919312	1.190861701965332	0.11550919711589813	1.8811112642288208	0.6451364755630493	0.366314560174942	0.6504865884780884	1.294268012046814	1.5702153444290161	1.9568883180618286	3.3161165714263916	0.0	0.0	0.9007266163825989	0.0	0.0	1.750309705734253	0.0	0.0	1.0380744934082031	0.0	0.16699808835983276	0.0	0.0	1.5182162523269653	0.5422521829605103	1.0739407539367676	1.3079869747161865	0.0	0.22152744233608246	0.9849097728729248	0.0	0.0	1.0548312664031982	1.5024282932281494	2.0560834407806396	0.8151354193687439	1.5214393138885498	0.0	0.25965359807014465	0.29385504126548767	0.0	0.0	1.6020004749298096	0.0	0.0	2.0812573432922363	1.1975009441375732	1.8237483501434326
0.0	0.0	0.0	0.0	1.0767675638198853	0.0	1.9654715061187744	1.7840206623077393	0.16654454171657562	0.0666150376200676	1.3496631383895874	0.0	0.0	0.20708990097045898	0.31983575224876404	1.0652884244918823	1.185222864151001	1.1217403411865234	2.844492197036743	1.1733417510986328	0.8946096301078796	0.20868170261383057	1.226855754852295	1.5425655841827393	2.535658121109009	3.0044736862182617	0.0	0.0	1.011812448501587	0.9116078019142151	0.0	2.0802745819091797	0.0	0.0	0.5945249795913696	0.0	0.005709812976419926	0.0	0.0	1.4630814790725708	0.6859867572784424	1.2293944358825684	1.6699470281600952	0.0	0.2526560425758362	0.6456261873245239	0.0	0.0	1.224877119064331	1.147401213645935	1.6093831062316895	0.41915786266326904	1.7810485363006592	0.0	0.021151142194867134	0.3395802974700928	0.0	0.0	1.7716631889343262	0.0	0.0	1.0742876529693604	0.9474952816963196	2.766209840774536
0.0	0.0	0.0	0.0	1.235176920890808	0.0	2.3945765495300293	2.0245251655578613	0.0170710701495409	0.4058380424976349	1.003232479095459	0.0	0.0	0.25527307391166687	0.0072080702520906925	1.91029953956604	1.1845186948776245	0.6010698676109314	2.0012080669403076	0.7123260498046875	0.6698094010353088	0.401814341545105	0.9879575967788696	1.716691017150879	0.9664896130561829	2.9047794342041016	0.0	0.3987767696380615	0.9032898545265198	0.12470346689224243	0.0	1.4615579843521118	0.0	0.0	1.013625979423523	0.0	0.0	0.0	0.0	1.3546055555343628	0.5789223909378052	1.4250292778015137	1.3988932371139526	0.0	0.13724613189697266	0.8382995128631592	0.06741931289434433	0.0	1.0983047485351562	1.1898386478424072	1.991108775138855	1.3556134700775146	0.5415778160095215	0.0	0.09113107621669769	0.8914699554443359	0.0	0.0	1.6861777305603027	0.0	0.0	1.1349881887435913	1.1371543407440186	2.152555227279663
0.0	0.0	0.0	0.0	1.0675932168960571	0.0	2.1572136878967285	1.9827775955200195	0.23202000558376312	0.41115349531173706	1.4262516498565674	0.0	0.0	0.7847959995269775	0.1672360897064209	1.11654794216156	1.2601176500320435	0.4789322018623352	2.4580159187316895	1.0998419523239136	0.904486358165741	0.6895864009857178	1.0876150131225586	1.6839970350265503	2.561185359954834	3.033451795578003	0.0	0.0	0.9839860796928406	0.828873336315155	0.0	2.108044147491455	0.0	0.2564413845539093	0.6915199160575867	0.0	0.18576888740062714	0.0	0.0	1.5056096315383911	0.37445971369743347	1.3300882577896118	1.4205046892166138	0.0	0.17646652460098267	0.7640050649642944	0.08460809290409088	0.0	1.4555116891860962	0.9963950514793396	2.225445032119751	0.5828555226325989	1.7913706302642822	0.0	0.12029945850372314	0.4747250974178314	0.0	0.0	2.2046163082122803	0.0	0.15935751795768738	1.1322702169418335	0.933969259262085	2.4008331298828125
0.0	0.0	0.0	0.0	0.8222329616546631	0.0	2.5011072158813477	1.9537907838821411	0.11565876007080078	0.29223689436912537	0.9894772171974182	0.0	0.0	0.0	0.0	1.599320888519287	1.301655888557434	0.0	2.050506114959717	0.9365410804748535	0.5840693712234497	0.07635590434074402	1.3440848588943481	2.05580735206604	1.553262710571289	3.3296144008636475	0.0	0.0	0.9339634776115417	0.0	0.0	1.6489237546920776	0.0	0.008186417631804943	1.0260910987854004	0.0	0.0	0.0	0.0	1.4490107297897339	0.6964558959007263	1.411538004875183	1.347466230392456	0.0	0.1870102435350418	0.7673378586769104	0.0	0.0	1.1451467275619507	1.5522633790969849	1.588555097579956	0.3317772150039673	1.1408158540725708	0.0	0.12687523663043976	0.5053994655609131	0.0	0.0	1.7651547193527222	0.0	0.6136289238929749	1.3666640520095825	1.051019549369812	1.752303123474121
0.0	0.0	0.0	0.0	0.906589150428772	0.0	2.2564139366149902	1.6350985765457153	0.031989436596632004	0.060411468148231506	1.0986907482147217	0.0	0.0	0.0	0.0	1.1676827669143677	0.9752673506736755	0.3327859044075012	2.528059482574463	1.11905038356781	0.6032251119613647	0.0	1.2764925956726074	1.615898609161377	2.249377489089966	3.2121636867523193	0.0	0.0	1.3746795654296875	0.0	0.0	2.5828113555908203	0.0	0.0	0.5508660078048706	0.0	0.0	0.0	0.0	1.5600275993347168	0.703597366809845	1.7899837493896484	1.4586997032165527	0.0	0.0111917182803154	0.5250506401062012	0.0	0.0	1.227369785308838	1.4117227792739868	1.4597399234771729	0.10073632746934891	1.6848214864730835	0.0	0.10878174751996994	0.30455318093299866	0.0	0.0	1.7076250314712524	0.0	0.20647242665290833	1.0051685571670532	0.9331461191177368	2.4097766876220703
0.0	0.0	0.0	0.0	1.0059316158294678	0.0	2.5591890811920166	1.7519806623458862	0.04386760666966438	0.19851134717464447	1.1174473762512207	0.0	0.0	0.0	0.0	1.0885670185089111	0.8925367593765259	0.2969070374965668	2.566382646560669	1.1470873355865479	0.5828869938850403	0.0	1.2066584825515747	1.3038835525512695	1.9445135593414307	2.944208860397339	0.0	0.0	0.9592646956443787	0.0	0.0	1.7382389307022095	0.0	0.0	0.9850044846534729	0.0	0.0	0.0	0.0	1.3895764350891113	0.7141905426979065	1.5384042263031006	1.5870561599731445	0.0	0.0	0.5289086699485779	0.0	0.0	1.3616211414337158	1.3977711200714111	1.650339126586914	0.6065207719802856	1.7339786291122437	0.0	0.0	0.14434660971164703	0.0	0.0	1.5975005626678467	0.0	0.0	0.8173814415931702	0.7863557934761047	1.857903242111206
0.0	0.0	0.0	0.0	0.9015063047409058	0.0	2.8013575077056885	1.6354230642318726	0.1620938628911972	0.3316168189048767	0.7366524934768677	0.0	0.0	0.0	0.0	1.8517495393753052	1.1309303045272827	0.0	1.9411271810531616	0.8787229061126709	0.561192512512207	0.011318766511976719	1.1342988014221191	1.4067564010620117	1.4260605573654175	3.286379337310791	0.0	0.0	0.9704303741455078	0.08805979788303375	0.0	2.4929661750793457	0.08696691691875458	0.0	1.0831419229507446	0.0	0.06559393554925919	0.0	0.0	1.5773762464523315	0.6299868822097778	1.6913152933120728	1.1697437763214111	0.0	0.1496705412864685	0.7688159346580505	0.0	0.0	0.856365978717804	1.5846296548843384	1.4811855554580688	0.7116553783416748	1.1704822778701782	0.0	0.1008915975689888	0.5510280132293701	0.0	0.0	1.3182271718978882	0.0	0.0	1.3270243406295776	0.9404856562614441	2.5792148113250732
0.0	0.0	0.0	0.0	0.7655191421508789	0.0	2.0887556076049805	1.5554375648498535	0.39277875423431396	0.0799592062830925	0.7980018258094788	0.0	0.0	0.0	0.0	1.2525207996368408	1.3289026021957397	0.0	2.080784320831299	0.6247203946113586	0.7634478211402893	0.0	0.924194872379303	1.776600956916809	1.3705270290374756	3.36226749420166	0.0	0.11181299388408661	1.0714296102523804	0.0	0.0	1.08545982837677	0.0	0.0	0.7946537137031555	0.0	0.0	0.0	0.0	1.6033462285995483	0.5985649228096008	0.9847490787506104	1.6634329557418823	0.0	0.1273079216480255	0.5914667248725891	0.0	0.0	1.3282078504562378	1.6423842906951904	1.4364699125289917	0.26144611835479736	1.3281368017196655	0.0	0.07834649831056595	0.32919812202453613	0.0	0.0	1.3712413311004639	0.0	0.0	1.6727616786956787	0.5757236480712891	1.2719639539718628
0.0	0.0	0.0	0.0	0.9517015814781189	0.0	2.1919844150543213	1.5883815288543701	0.18018345534801483	0.294492244720459	0.7612634897232056	0.0	0.0	0.03160623088479042	0.0	1.7785269021987915	1.459944248199463	0.0	2.1329336166381836	0.8532233238220215	0.4904070198535919	0.28819000720977783	0.9090007543563843	1.4762989282608032	1.4026072025299072	3.5119645595550537	0.0	0.0	0.8980751037597656	0.0	0.0	1.53117036819458	0.0	0.0	1.3681279420852661	0.0	0.0	0.0	0.0	1.4454450607299805	0.4884031414985657	1.0705362558364868	1.2218891382217407	0.0	0.13799501955509186	0.7816358804702759	0.0	0.0	1.04161536693573	1.494585394859314	1.7330191135406494	0.5318636894226074	1.0134888887405396	0.0	0.1578490138053894	0.31283238530158997	0.0	0.0	1.550401210784912	0.0	0.0	1.170776128768921	0.9574827551841736	1.6401047706604004
0.0	0.0	0.0	0.0	0.784930408000946	0.0	2.1516177654266357	1.596477746963501	0.23030470311641693	0.24579887092113495	0.6632897853851318	0.0	0.0	0.0	0.0	1.2475268840789795	1.1295902729034424	0.0	1.996025800704956	0.9250220060348511	0.4336698651313782	0.0	1.113236427307129	1.6242306232452393	1.587568759918213	3.545755386352539	0.0	0.03987310454249382	1.1647742986679077	0.0	0.0	2.106508255004883	0.0	0.0	0.7882638573646545	0.0	0.0	0.0	0.0	1.4396306276321411	0.7103054523468018	1.6211153268814087	1.417144775390625	0.0	0.18559157848358154	0.639732837677002	0.0	0.0	1.1427960395812988	1.7338972091674805	1.332085132598877	0.4511711299419403	1.0387266874313354	0.0	0.2168089896440506	0.3275514841079712	0.0	0.10461574792861938	1.4754503965377808	0.0	0.0	1.3789244890213013	0.8016874194145203	2.1097896099090576
0.0	0.0	0.0	0.0	0.7103946208953857	0.0	2.544902801513672	2.0957422256469727	0.049415796995162964	0.34329110383987427	0.9406274557113647	0.0	0.0	0.0	0.030843719840049744	1.075761079788208	1.1343356370925903	0.06024207919836044	2.0958988666534424	0.8790844082832336	0.5268388986587524	0.0	0.9560940265655518	1.7140229940414429	1.951615571975708	3.2757952213287354	0.0	0.0	1.1591835021972656	0.0	0.0	1.5876238346099854	0.0	0.0	0.8526611328125	0.0	0.0	0.0	0.0	1.5689321756362915	0.6261485815048218	1.6799143552780151	1.397295594215393	0.0	0.16144278645515442	0.49555331468582153	0.0	0.0	1.3374252319335938	1.683141827583313	1.448123574256897	0.5188776850700378	1.4524037837982178	0.0	0.22640077769756317	0.13322143256664276	0.0	0.0	1.6634100675582886	0.0	0.05959119647741318	1.0098161697387695	0.8204329013824463	1.6722179651260376
0.0	0.0	0.0	0.0	0.7366241812705994	0.0	1.9190714359283447	2.0404086112976074	0.0	0.1530161201953888	1.0464006662368774	0.0	0.0	0.2833154797554016	0.0	1.5509456396102905	0.8050772547721863	0.3095075488090515	2.439669132232666	1.112084150314331	0.4877516031265259	0.2717924416065216	1.3606094121932983	1.0799760818481445	1.5355678796768188	2.4548983573913574	0.0	0.0	0.836859405040741	0.16513018310070038	0.0	1.8216781616210938	0.1227470114827156	0.0	0.8718660473823547	0.0	0.0	0.0	0.0	1.4701831340789795	0.5110834836959839	1.3842283487319946	1.6138033866882324	0.0	0.2518950402736664	0.5045017004013062	0.0	0.0	1.123218059539795	0.6447144746780396	1.6340574026107788	0.6374613642692566	1.4248952865600586	0.0	0.0	0.2842234969139099	0.0	0.0	2.271240234375	0.0	0.0	1.1360446214675903	1.2479870319366455	2.2155091762542725
0.0	0.0	0.1777723729610443	0.0	1.3634569644927979	0.0	2.121248722076416	1.990790843963623	0.0	0.0	1.3033024072647095	0.0	0.0	0.20230846107006073	0.2595406174659729	0.9027860760688782	1.0225918292999268	0.8334397673606873	2.901139974594116	1.1311622858047485	0.6380253434181213	0.2373773455619812	1.4713462591171265	1.1880173683166504	2.511578321456909	2.755512237548828	0.0	0.0	0.972239077091217	1.1168662309646606	0.1468798816204071	1.9355461597442627	0.0	0.42975303530693054	0.9545911550521851	0.0	0.0	0.0	0.0	1.5410698652267456	0.6078289747238159	1.5210819244384766	1.7099980115890503	0.0	0.1903153657913208	0.43794673681259155	0.016047410666942596	0.0	1.0999730825424194	0.7835969924926758	1.5532679557800293	0.4234633445739746	1.8015793561935425	0.0	0.055748604238033295	0.2376895546913147	0.0	0.0	1.8886386156082153	0.0	0.0	0.7640098929405212	0.7342215776443481	2.0498321056365967
0.0	0.0	0.007496715057641268	0.0	0.3973984122276306	0.0	2.0011093616485596	1.8717902898788452	0.2605029046535492	0.15370605885982513	1.1181684732437134	0.0	0.0	0.620273768901825	0.0	1.7936065196990967	1.015321969985962	0.7493415474891663	2.387511968612671	1.049124002456665	0.5359734296798706	0.2705695331096649	1.2359970808029175	1.6426223516464233	2.4076244831085205	2.4428904056549072	0.0	0.0	0.5975760817527771	0.5419325828552246	0.0	2.3895366191864014	0.07840185612440109	0.46505242586135864	0.9616918563842773	0.0	0.07461493462324142	0.0	0.0	1.4964038133621216	0.2527962028980255	1.2550060749053955	1.7785849571228027	0.0	1.084325909614563	0.613404393196106	0.0	0.0	1.1528959274291992	1.0093305110931396	1.8369503021240234	0.40803951025009155	1.7277599573135376	0.0	0.08510050177574158	0.30408868193626404	0.0	0.0	2.01403546333313	0.0	0.5290899872779846	1.0840028524398804	1.3862972259521484	2.095365524291992
0.0	0.0	0.016203179955482483	0.0	1.0452439785003662	0.0	1.8863352537155151	1.9179531335830688	0.0	0.43692654371261597	0.8459417819976807	0.0	0.0	0.09107469022274017	0.009616142138838768	1.6434266567230225	0.9073033928871155	0.5406168699264526	2.8755834102630615	0.9707373380661011	0.44780421257019043	0.6255478262901306	1.1170687675476074	1.142694354057312	2.437945604324341	2.7420201301574707	0.0	0.0	1.1983808279037476	0.358356237411499	0.0	2.0822410583496094	0.0	0.3708570599555969	1.1586992740631104	0.0	0.0	0.0	0.0	1.4904136657714844	0.5288568735122681	1.1832311153411865	1.4066447019577026	0.0	0.561085045337677	0.5596926212310791	0.0	0.0	1.074684977531433	1.0547151565551758	1.5664912462234497	0.9549104571342468	1.4898624420166016	0.0	0.1392509788274765	0.33266210556030273	0.0	0.0	1.9402880668640137	0.0	0.15586599707603455	1.0194753408432007	1.0633329153060913	2.4713690280914307
0.0	0.0	0.0	0.0	1.0797675848007202	0.0	2.2724175453186035	1.8559404611587524	0.0	0.2851203680038452	0.8627772927284241	0.0	0.0	0.021403485909104347	0.0	1.6761579513549805	0.7634977102279663	0.025630956515669823	2.12618088722229	0.7197778224945068	0.45574480295181274	0.174258753657341	1.1005545854568481	1.4225552082061768	1.5411988496780396	2.8463218212127686	0.0	0.0	0.8961926698684692	0.0	0.0	2.137578010559082	0.18316276371479034	0.1935570389032364	1.0021381378173828	0.0	0.0	0.0	0.0	1.3996610641479492	0.6781314611434937	1.4441211223602295	1.1893789768218994	0.0	0.14268158376216888	0.6794024705886841	0.0	0.0	1.081205129623413	1.327686071395874	1.7909799814224243	0.2633407711982727	1.483280062675476	0.0	0.0	0.3130009174346924	0.0	0.0	1.7377430200576782	0.0	0.09070843458175659	1.1670494079589844	1.2503827810287476	2.0350570678710938
0.0	0.0	0.0	0.0	0.6621310114860535	0.0	2.2300937175750732	1.7948704957962036	0.36323803663253784	0.5504310131072998	0.9412349462509155	0.05267983675003052	0.0	0.06362154334783554	0.028249716386198997	1.4483838081359863	1.0181069374084473	0.003038953524082899	2.376485586166382	1.0272703170776367	0.6058188676834106	0.0	1.1794915199279785	1.5613083839416504	1.775568962097168	2.872965097427368	0.0	0.0	0.9899063110351562	0.0	0.0	1.670332670211792	0.0	0.0	0.9088148474693298	0.0	0.0	0.0	0.0	1.5624041557312012	0.6889799237251282	1.290480136871338	1.5737888813018799	0.0	0.06173047795891762	0.5870175361633301	0.0	0.0	1.1841087341308594	1.3364938497543335	1.3449980020523071	0.8010289669036865	1.6940138339996338	0.0	0.16413648426532745	0.1460416615009308	0.0	0.0	1.8331127166748047	0.0	0.0	1.3919951915740967	0.8454132080078125	1.5953813791275024
0.0	0.0	0.0	0.0	1.4857563972473145	0.0	2.256758689880371	2.3551087379455566	0.0	0.3913521468639374	1.334383487701416	0.0	0.0	0.0	0.0	1.7204005718231201	0.4997888207435608	0.0	2.09651517868042	0.5994777679443359	0.31772810220718384	0.7741624116897583	1.4304527044296265	1.9129997491836548	1.3366644382476807	2.6680989265441895	0.0	0.0	0.992922842502594	0.13794147968292236	0.0	1.5559642314910889	0.3504977226257324	0.0	1.4984326362609863	0.0	0.08780133724212646	0.0	0.0	1.3782707452774048	0.7605862617492676	1.8109396696090698	1.083571195602417	0.0	0.0	0.7630577087402344	0.0	0.0	1.0995115041732788	0.9460089802742004	1.727717638015747	0.4291534721851349	1.0496916770935059	0.0	0.0	0.5182464718818665	0.0	0.0	1.4489980936050415	0.0	0.8601338267326355	1.1056493520736694	1.46471107006073	2.0981624126434326
0.0	0.0	0.0	0.0	1.1124954223632812	0.0	2.160090684890747	1.819696068763733	0.1948767751455307	0.0	0.7369211912155151	0.0	0.0	0.0	0.15302982926368713	1.4840503931045532	1.1626936197280884	0.0	2.3719515800476074	0.9284114837646484	0.4901112914085388	0.15770794451236725	1.906745195388794	1.35810124874115	1.8156390190124512	3.2042980194091797	0.0	0.0	1.1414633989334106	0.0	0.0	1.4286792278289795	0.0	0.0	1.036695122718811	0.0	0.0	0.0	0.0	1.4567222595214844	0.7320870757102966	1.5075887441635132	1.38345468044281	0.0	0.2254686951637268	0.7773728966712952	0.045181967318058014	0.0	1.093460202217102	1.1233832836151123	1.9952853918075562	0.8711672425270081	1.746779441833496	0.0	0.08759250491857529	0.4262204170227051	0.0	0.0	1.3764119148254395	0.0	0.0	1.9018151760101318	1.099930763244629	1.6450603008270264
0.0	0.0	0.0	0.0	0.30816733837127686	0.0	2.0195693969726562	1.6982991695404053	0.0793270617723465	0.3179924786090851	1.142703652381897	0.0	0.0	0.04782135412096977	0.0	1.5917160511016846	0.9632577896118164	0.1110486313700676	2.0763132572174072	1.0489051342010498	0.6934998631477356	0.5615888833999634	1.019130825996399	1.947957992553711	1.4663496017456055	3.174572229385376	0.0	0.0	1.1014368534088135	0.05304412171244621	0.0	1.8330498933792114	0.1353243589401245	0.0	1.2501600980758667	0.0	0.0	0.0	0.0	1.556494116783142	0.7381038069725037	1.3096922636032104	1.7325115203857422	0.0	0.2454252988100052	0.5110758543014526	0.0	0.0	1.2965270280838013	1.5208916664123535	1.722697138786316	1.0605024099349976	1.2958511114120483	0.0	0.09024966508150101	0.28390005230903625	0.0	0.0627392828464508	1.801360011100769	0.0	0.0	1.3945562839508057	1.1208209991455078	1.9019944667816162
0.0	0.0	0.0	0.0	0.6575765013694763	0.0	2.3365774154663086	1.865519642829895	0.39975449442863464	0.1982211470603943	0.7975708246231079	0.0	0.0	0.0	0.0	1.3664278984069824	1.289677619934082	0.0	2.0237503051757812	0.5954970717430115	0.5526617169380188	0.3104732632637024	1.2703332901000977	1.9193025827407837	1.1378555297851562	3.3881285190582275	0.0	0.0	0.8837408423423767	0.0	0.0	1.4235100746154785	0.0	0.0	0.7159437537193298	0.0	0.0	0.0	0.0	1.58516526222229	0.7432721257209778	1.1076884269714355	1.2732529640197754	0.0	0.17784430086612701	0.443784236907959	0.0	0.0	1.198102355003357	1.6334269046783447	1.4547845125198364	0.19005829095840454	0.9061853289604187	0.0	0.1105739176273346	0.31145384907722473	0.0	0.0	1.469280481338501	0.0	0.0	1.5923850536346436	0.7502391934394836	1.6054788827896118
0.0	0.0	0.0	0.0	1.081706166267395	0.0	2.2777764797210693	2.0120744705200195	0.0	0.2679232656955719	1.3591639995574951	0.0	0.0	0.0	0.014082316309213638	1.241299033164978	0.6031044125556946	0.568084716796875	2.5982322692871094	1.2114827632904053	0.5715568661689758	0.8685713410377502	1.3185062408447266	1.4061044454574585	1.8904157876968384	2.612279176712036	0.0	0.0	0.950221598148346	0.5895370244979858	0.0	2.0959300994873047	0.0	0.17176783084869385	0.9205865263938904	0.0	0.0	0.0	0.0	1.3106650114059448	0.5491187572479248	1.6736379861831665	1.3988207578659058	0.0	0.10504545271396637	0.6886621117591858	0.0	0.0	1.2663977146148682	0.8392913937568665	1.5840564966201782	0.4743044972419739	1.6991113424301147	0.0	0.03145143389701843	0.27638351917266846	0.0	0.0	1.7717742919921875	0.0	0.012946886010468006	0.48895350098609924	1.4072329998016357	2.208284854888916
0.0	0.0	0.0	0.0	0.8221338391304016	0.0	2.104922294616699	1.7162226438522339	0.0	0.3792562782764435	0.8557350039482117	0.0	0.0	0.0	0.0	1.9633970260620117	1.0438992977142334	0.048365455120801926	2.2595860958099365	0.8940296173095703	0.3309243619441986	0.3034150004386902	1.102771520614624	1.5592068433761597	1.3715972900390625	2.8784499168395996	0.0	0.0	1.0105351209640503	0.0	0.0	2.060142755508423	0.0	0.0	1.072358250617981	0.0	0.0	0.0	0.0	1.48048996925354	0.551110029220581	1.630252480506897	1.2124090194702148	0.0	0.17468556761741638	0.6190879344940186	0.0	0.0	0.9623262286186218	1.419567584991455	1.940427541732788	0.4679531455039978	1.3926995992660522	0.0	0.05792355537414551	0.29670923948287964	0.0	0.0	1.924257755279541	0.0	0.0	1.1950808763504028	1.039443016052246	1.9924030303955078
0.0	0.0	0.0	0.0	0.9845579266548157	0.0	2.5489845275878906	1.7473469972610474	0.0	0.489740252494812	1.2357820272445679	0.0	0.0	0.05087830126285553	0.27427613735198975	1.1538842916488647	1.0099579095840454	0.9899266362190247	2.5656371116638184	1.2335728406906128	0.6948112845420837	0.7020480632781982	1.141745924949646	1.8052606582641602	2.3419277667999268	3.18772029876709	0.0	0.0	1.350042700767517	0.43441346287727356	0.0	1.4307479858398438	0.0	0.0	0.7453598380088806	0.0	0.0	0.0	0.0	1.4660685062408447	0.6956376433372498	1.2326512336730957	1.8207422494888306	0.0	0.21232113242149353	0.6830905675888062	0.0	0.0	1.184311866760254	0.9825498461723328	1.6844596862792969	0.605613112449646	2.1701557636260986	0.0	0.0	0.31559741497039795	0.0	0.0	1.9342143535614014	0.0	0.0	0.8598678112030029	1.2440484762191772	1.8890408277511597
0.1357138603925705	0.0	0.15674938261508942	0.0	0.5172891616821289	0.0	1.7244422435760498	1.6563034057617188	0.6046543717384338	0.07557236403226852	0.9658877849578857	0.053239092230796814	0.0	0.47795212268829346	0.0	1.8557915687561035	1.4741957187652588	0.01943296752870083	2.099386215209961	0.4773772656917572	0.3986205458641052	0.4368510842323303	1.0912224054336548	1.6497812271118164	1.9057443141937256	3.233764410018921	0.0	0.01828334666788578	0.35878801345825195	0.8959261775016785	0.0	2.380568265914917	0.40950706601142883	0.6379932761192322	0.7712529897689819	0.0	0.26124581694602966	0.0	0.0	1.4466211795806885	0.5901396870613098	1.2543824911117554	1.1802899837493896	0.0	0.4779594838619232	0.315530389547348	0.001294109271839261	0.0	0.7362134456634521	1.5496017932891846	1.9119856357574463	0.8103020787239075	1.2130310535430908	0.0	0.33189713954925537	0.6668746471405029	0.0	0.3023225963115692	1.9061790704727173	0.0	0.4781254231929779	1.7302154302597046	1.3514751195907593	2.6745736598968506
0.0	0.0	0.0	0.0	0.9020550847053528	0.0	1.9945276975631714	1.8555649518966675	0.053181517869234085	0.4013250470161438	0.8797995448112488	0.0	0.0	0.0	0.21007338166236877	1.4548977613449097	1.0872111320495605	0.28516289591789246	2.4298174381256104	1.0726135969161987	0.7032936811447144	0.0	1.217219352722168	1.6378912925720215	2.164419174194336	3.105489492416382	0.0	0.0	1.159925103187561	0.0	0.0	1.697091817855835	0.0	0.09170140326023102	0.6571766138076782	0.0	0.0	0.0	0.0	1.5880343914031982	0.6657893657684326	1.6110395193099976	1.5433332920074463	0.0	0.09188783913850784	0.6317541599273682	0.0	0.0	1.0644829273223877	1.1081843376159668	1.462820291519165	0.1546221673488617	1.5276460647583008	0.0	0.0	0.33645060658454895	0.0	0.06044185161590576	1.5488373041152954	0.0	0.0	1.3369563817977905	1.0402847528457642	2.074105978012085
0.0	0.0	0.0	0.0	0.8023568987846375	0.0	2.3036999702453613	1.872933030128479	0.0	0.4107929468154907	0.8002932667732239	0.0	0.0	0.014076031744480133	0.0	1.817654013633728	0.8184254765510559	0.13406923413276672	1.9162378311157227	0.6550149917602539	0.2340690940618515	0.4686090052127838	1.1053504943847656	1.3386919498443604	1.4424114227294922	3.2862794399261475	0.0	0.0	1.0449702739715576	0.28125256299972534	0.0	2.318183183670044	0.17131641507148743	0.0	1.1790845394134521	0.0	0.34455785155296326	0.0	0.0	1.4757378101348877	0.5328320264816284	1.68462336063385	1.167810082435608	0.0	0.3078456223011017	0.6254879236221313	0.0	0.0	0.8539199829101562	1.4495010375976562	1.5704795122146606	0.5583177208900452	1.670177698135376	0.0	0.10014951229095459	0.5362801551818848	0.0	0.0	1.4740915298461914	0.0	0.008311438374221325	1.155112624168396	0.9434795379638672	2.4816763401031494
0.0	0.0	0.0	0.0	0.9253165125846863	0.0	1.919880747795105	2.134711265563965	0.0	0.14406612515449524	1.0339503288269043	0.0	0.0	0.0	0.03425397351384163	1.170711636543274	0.9803206920623779	0.5128029584884644	2.424546241760254	1.0934689044952393	0.48933565616607666	0.5984426736831665	0.9511623978614807	1.3831489086151123	2.0466747283935547	2.6476433277130127	0.0	0.0	0.8367245197296143	0.4848484396934509	0.0	2.287611961364746	0.0	0.04199528694152832	1.12269926071167	0.0	0.0	0.0	0.0	1.2403695583343506	0.7604132890701294	1.5315122604370117	1.3137761354446411	0.0	0.3152003884315491	0.4842385947704315	0.0	0.0	1.071012258529663	1.2968839406967163	1.6431927680969238	0.5679990649223328	1.4435898065567017	0.0	0.015719372779130936	0.39030519127845764	0.0	0.0	1.712765097618103	0.0	0.0	0.7063481211662292	1.053816318511963	2.3869524002075195
0.0	0.0	0.0	0.0	0.8439455628395081	0.0	2.0611915588378906	1.8657643795013428	0.06218408793210983	0.48198816180229187	1.3184491395950317	0.0	0.0	0.05237662419676781	0.2315773069858551	1.162887454032898	1.081784963607788	0.6329113841056824	2.588719367980957	1.3708604574203491	0.6983551979064941	0.2033572494983673	1.1166220903396606	1.4608452320098877	2.24292254447937	3.0004723072052	0.0	0.0	1.185954213142395	0.07611287385225296	0.0	1.8449974060058594	0.0	0.0	0.638143002986908	0.0	0.0	0.0	0.0	1.5602482557296753	0.7148751616477966	1.7280876636505127	1.6218539476394653	0.0	0.15755774080753326	0.48887869715690613	0.0	0.0	1.3269420862197876	1.3620015382766724	1.4253331422805786	0.2896237075328827	1.9717878103256226	0.0	0.07638851553201675	0.06988856941461563	0.0	0.0	1.6333866119384766	0.0	0.0	0.9927000999450684	0.8490246534347534	1.9959944486618042
0.0	0.0	0.0	0.0	1.115835189819336	0.0	2.2934885025024414	2.170974016189575	0.0	0.3236885070800781	0.8342538475990295	0.0	0.0	0.0	0.04295524209737778	1.9980952739715576	1.4064186811447144	0.0	2.4927945137023926	0.9743995070457458	0.4642460346221924	0.28481459617614746	1.2947641611099243	1.7155388593673706	1.6018991470336914	2.909877300262451	0.0	0.0	1.0524052381515503	0.0	0.0	1.2956074476242065	0.0	0.02185390517115593	1.13101065158844	0.0	0.0	0.0	0.0	1.4439098834991455	0.7529585957527161	1.8021130561828613	1.457478404045105	0.0	0.03185572475194931	0.7972357273101807	0.0	0.0	1.1687672138214111	1.0769541263580322	2.105269193649292	0.575005829334259	1.3041105270385742	0.0	0.022948382422327995	0.37692755460739136	0.0	0.0	1.6812525987625122	0.0	0.0	1.207466721534729	1.259473204612732	1.9540587663650513
0.0	0.0	0.0	0.0	1.2691714763641357	0.0	2.173924684524536	1.948550820350647	0.38485053181648254	0.12671245634555817	0.7074993252754211	0.0	0.0	0.0	0.1314864605665207	1.4757905006408691	1.1999410390853882	0.0	2.1477248668670654	0.4885185658931732	0.43223345279693604	0.3263939619064331	1.0088027715682983	1.5019783973693848	1.2059637308120728	3.344376802444458	0.0	0.0	0.7071965932846069	0.0	0.0	1.4717859029769897	0.0	0.0	0.9092809557914734	0.0	0.0	0.0	0.0	1.3434940576553345	0.6053261756896973	1.3816653490066528	1.0250015258789062	0.0	0.12098074704408646	0.6335079073905945	0.0	0.0	1.1648385524749756	1.7813202142715454	1.9084757566452026	0.7807144522666931	1.0292764902114868	0.0	0.05534723773598671	0.43904778361320496	0.0	0.0	1.5765982866287231	0.0	0.0	1.097108244895935	1.0242040157318115	1.4266612529754639
0.0	0.0	0.0	0.0	0.4343718886375427	0.0	2.1896140575408936	1.50068199634552	0.09941733628511429	0.5186530947685242	1.011545181274414	0.0	0.0	0.0	0.0	1.6227235794067383	1.0978316068649292	0.0	1.9739315509796143	0.7087855339050293	0.5779867172241211	0.0	0.9538488388061523	1.7829729318618774	1.3984118700027466	3.2187790870666504	0.0	0.0	1.194397211074829	0.0	0.0	1.4999207258224487	0.0	0.0	0.8335838913917542	0.0	0.0	0.0	0.0	1.4955699443817139	0.7532961964607239	1.5082199573516846	1.5369130373001099	0.0	0.24119511246681213	0.7292091846466064	0.0	0.0	1.0509352684020996	1.5227810144424438	1.425874948501587	0.42589572072029114	1.0684565305709839	0.0	0.18492282927036285	0.2253081351518631	0.0	0.004266416188329458	1.9649112224578857	0.0	0.5745365619659424	1.4729677438735962	0.9735876321792603	1.7888128757476807
0.0	0.0	0.0	0.0	0.7627193331718445	0.0	2.3129868507385254	1.7191418409347534	0.3447130620479584	0.29720360040664673	0.9437018036842346	0.07697676867246628	0.0	0.17602865397930145	0.0	1.5963488817214966	1.3641566038131714	0.10756397992372513	1.8786364793777466	1.0981537103652954	0.6104211807250977	0.0	0.9434711337089539	1.762660026550293	1.2378425598144531	2.9814436435699463	0.0	0.0	0.9440655708312988	0.0	0.0	1.558797836303711	0.0	0.0	1.003933310508728	0.0	0.005509222391992807	0.0	0.0	1.5110398530960083	0.7157461047172546	1.2147858142852783	1.7496908903121948	0.0	0.20487895607948303	0.7938985824584961	0.0	0.0	1.2846760749816895	1.4546383619308472	1.7878835201263428	0.15112829208374023	1.3386462926864624	0.0	0.15268760919570923	0.5147147178649902	0.0	0.0	1.6470082998275757	0.0	0.0	1.7042338848114014	0.7715465426445007	1.9611001014709473
0.0	0.0	0.0	0.0	1.0909255743026733	0.0	2.164184808731079	1.6881376504898071	0.0	0.16849806904792786	1.1796890497207642	0.0	0.0	0.040670573711395264	0.16929686069488525	0.8618053793907166	1.1931530237197876	0.8045539259910583	2.5855953693389893	1.443267822265625	0.6309058666229248	0.0	1.0016831159591675	1.4617985486984253	2.2904980182647705	2.9669370651245117	0.0	0.0	1.1533857583999634	0.0	0.0	2.013568639755249	0.0	0.0	0.46161025762557983	0.0	0.0	0.0	0.0	1.519160270690918	0.6641932725906372	1.6225875616073608	1.4905587434768677	0.0	0.08853966742753983	0.5288594365119934	0.0	0.0	1.394015908241272	1.3134024143218994	1.2231627702713013	0.31418153643608093	1.8652622699737549	0.0	0.10058348625898361	0.1779724508523941	0.0	0.0009922991739585996	1.7761214971542358	0.0	0.0	0.7742187976837158	0.8266242146492004	1.8037075996398926
0.0	0.0	0.0	0.0	0.4150889217853546	0.0	2.294167995452881	2.0333704948425293	0.19759300351142883	0.44743335247039795	0.5660426020622253	0.0	0.0	0.017508136108517647	0.0	1.901620864868164	1.2321135997772217	0.0	1.7982828617095947	0.5219802260398865	0.3335895538330078	0.5317989587783813	0.9895864129066467	1.6826300621032715	1.0419738292694092	2.9216010570526123	0.0	0.0	0.9628744721412659	0.0	0.0	1.8024941682815552	0.11119306087493896	0.0	1.043697714805603	0.0	0.0	0.0	0.0	1.3883641958236694	0.5368236899375916	1.2361539602279663	1.1381233930587769	0.0	0.1130184754729271	0.5928729176521301	0.0	0.0	0.9837267398834229	1.6455473899841309	1.7401978969573975	0.5656824111938477	1.124043583869934	0.0	0.12282094359397888	0.5492334961891174	0.0	0.0	1.5476521253585815	0.0	0.0	1.3399430513381958	1.1613367795944214	1.8285722732543945
0.0	0.0	0.0	0.0	0.6802231669425964	0.0	2.148045063018799	1.8724310398101807	0.23425322771072388	0.40079519152641296	1.3404523134231567	0.0	0.0	0.22035376727581024	0.10893858969211578	1.377443552017212	1.0937590599060059	0.7209867238998413	2.30110239982605	1.0872547626495361	0.7117385268211365	0.7782264351844788	1.3347562551498413	1.788726806640625	2.561587333679199	2.9669904708862305	0.0	0.0	1.1430869102478027	0.41124841570854187	0.0	1.9475445747375488	0.12234758585691452	0.17834921181201935	0.7837175726890564	0.0	0.0	0.0	0.0	1.3899765014648438	0.7829247117042542	1.3382511138916016	1.6966513395309448	0.0	0.3992711305618286	0.6680719256401062	0.0	0.0	1.0857621431350708	1.064733862876892	1.4374983310699463	0.621157705783844	1.775709867477417	0.0	0.13124069571495056	0.23132860660552979	0.0	0.0	2.06581974029541	0.0	0.0	1.3330433368682861	1.3572770357131958	1.822607398033142
0.0	0.0	0.0	0.0	0.8108891844749451	0.0	2.312748432159424	1.7555110454559326	0.1805274337530136	0.2817755937576294	1.1267272233963013	0.0	0.0	0.06212327629327774	0.0	2.1279914379119873	1.1495418548583984	0.0	2.193732261657715	0.8145655393600464	0.36090975999832153	0.5702466368675232	1.169114351272583	1.3739746809005737	1.7450084686279297	3.3821964263916016	0.0	0.0	1.3952981233596802	0.0	0.0	2.184858798980713	0.06851872056722641	0.1741054356098175	1.3784011602401733	0.0	0.0	0.0	0.0	1.58170485496521	0.6791261434555054	1.5016461610794067	1.5157848596572876	0.0	0.19846689701080322	0.6749370694160461	0.0	0.0	1.1112432479858398	1.5190422534942627	2.2919962406158447	0.592841625213623	1.8434693813323975	0.0	0.0695946216583252	0.41666144132614136	0.0	0.23447570204734802	1.8838764429092407	0.0	0.2835419178009033	1.1586858034133911	1.2952722311019897	2.239924192428589
0.0	0.0	0.0	0.0	0.5622320175170898	0.0	2.296592950820923	1.6297659873962402	0.22343367338180542	0.22801725566387177	0.6906628012657166	0.0	0.0	0.0	0.0	1.5615791082382202	1.104194164276123	0.0	1.8318675756454468	0.7418619990348816	0.3521736264228821	0.0	1.0972321033477783	1.6480416059494019	1.2887002229690552	3.332554578781128	0.0	0.0	0.8811537027359009	0.0	0.0	1.7081897258758545	0.0	0.0	1.057443618774414	0.0	0.0	0.0	0.0	1.437119722366333	0.6194556951522827	1.5080020427703857	1.1923868656158447	0.0	0.23438462615013123	0.4759644567966461	0.0	0.0	1.033286452293396	1.6965664625167847	1.5748475790023804	0.5572618842124939	0.9664859771728516	0.0	0.15481454133987427	0.35931897163391113	0.0	0.0	1.5569283962249756	0.0	0.2807246744632721	1.3065080642700195	1.4629729986190796	2.1055943965911865
0.0	0.0	0.0	0.0	0.556007981300354	0.0	2.342526912689209	1.9674773216247559	0.0	0.5841323137283325	0.7498864531517029	0.0	0.0	0.02505732886493206	0.0	1.7304083108901978	0.8334011435508728	0.0	2.5165627002716064	0.7429050207138062	0.38132035732269287	0.5276016592979431	1.1659759283065796	1.518251657485962	1.5247693061828613	2.704040765762329	0.0	0.0	1.0666404962539673	0.0	0.0	2.2779550552368164	0.0	0.014162082225084305	1.2592973709106445	0.0	0.0	0.0	0.0	1.4250843524932861	0.5119691491127014	1.930140733718872	1.179836392402649	0.0	0.08591079711914062	0.711036205291748	0.0	0.0	1.188946008682251	1.0018426179885864	1.8759222030639648	0.31898173689842224	1.3364499807357788	0.0	0.0	0.5403487086296082	0.0	0.0	1.9791969060897827	0.0	0.21685905754566193	1.2398756742477417	1.4220162630081177	2.090444803237915
0.0	0.0	0.0	0.0	0.6478695869445801	0.0	1.9838173389434814	1.3672574758529663	0.27514660358428955	0.14905846118927002	1.0081424713134766	0.0	0.0	0.31319165229797363	0.1594020575284958	0.9980059862136841	1.1697328090667725	0.31702589988708496	2.230027198791504	1.2204207181930542	0.6905503273010254	0.0	1.0462759733200073	1.7690237760543823	2.3269715309143066	2.8469810485839844	0.0	0.0	1.273512601852417	0.15978841483592987	0.0	1.6680724620819092	0.2285861223936081	0.0	0.5975781679153442	0.0	0.0	0.0	0.0	1.7215498685836792	0.6956745386123657	1.2104158401489258	1.8454118967056274	0.0	0.3349335491657257	0.47423452138900757	0.0	0.0	1.1675509214401245	1.2590056657791138	1.2348138093948364	0.1983799785375595	1.5845469236373901	0.0	0.1732594221830368	0.17723026871681213	0.0	0.0	1.8531773090362549	0.0	0.0	1.3364006280899048	0.6506789922714233	2.1516809463500977
0.0	0.017411330714821815	0.0	0.0	0.7056533694267273	0.0	2.351436138153076	1.9880598783493042	0.3175573945045471	0.31771475076675415	1.0248887538909912	0.0	0.0	0.0	0.0	1.9483722448349	0.6391546726226807	0.0	2.0962159633636475	0.7215179800987244	0.25503063201904297	0.27866631746292114	1.227433681488037	1.520560622215271	1.7260736227035522	3.5766067504882812	0.0	0.0	0.8743976950645447	0.0	0.0	1.5930023193359375	0.481243759393692	0.035258352756500244	1.2312557697296143	0.0	0.18069545924663544	0.0	0.0	1.3027470111846924	0.9122571349143982	1.3784141540527344	1.1701200008392334	0.0	0.2959747016429901	0.4833422303199768	0.0	0.0	1.2486624717712402	2.06489634513855	2.2103285789489746	0.528793215751648	1.127966284751892	0.0	0.1217452883720398	0.5022108554840088	0.0	0.21571050584316254	1.6645675897598267	0.0	0.1812034398317337	1.5465011596679688	1.4569346904754639	2.277268648147583
0.0	0.0	0.0	0.0	0.9199451804161072	0.0	2.370903253555298	2.0103893280029297	0.0	0.3504091799259186	1.1046963930130005	0.0	0.0	0.6659578084945679	0.09338193386793137	1.540094256401062	1.3774176836013794	0.46483972668647766	2.6193697452545166	1.4383771419525146	0.6266856789588928	1.1481873989105225	1.2941715717315674	1.62473464012146	2.1214423179626465	3.4066410064697266	0.0	0.0	0.9315757751464844	0.26160958409309387	0.09066685289144516	2.016037940979004	0.09477821737527847	0.18414489924907684	1.0522786378860474	0.0	0.15345600247383118	0.0	0.0	1.3440364599227905	0.49782595038414	1.693930983543396	1.4532581567764282	0.0	0.04122389107942581	0.7669324278831482	0.0	0.0	0.9048886299133301	1.4803062677383423	1.9962735176086426	1.064920425415039	1.1557484865188599	0.0	0.25978636741638184	0.9515687227249146	0.0	0.0	1.932399034500122	0.0	0.0	1.1278444528579712	1.006859302520752	2.099421739578247
0.0	0.0	0.0	0.0	0.5757299065589905	0.0	2.2026288509368896	1.9579285383224487	0.0	0.47554853558540344	0.9308000802993774	0.0	0.0	0.345983624458313	0.0	1.7775347232818604	1.0347965955734253	0.0	2.24288272857666	1.0918015241622925	0.4772928059101105	0.8711893558502197	0.9995920658111572	1.5882105827331543	1.3460806608200073	3.1998157501220703	0.0	0.0	0.584760308265686	0.0	0.0	1.9598066806793213	0.0	0.0	1.134766697883606	0.0	0.0	0.0	0.0	1.2094793319702148	0.669255793094635	1.2049574851989746	1.5619195699691772	0.0	0.4049302041530609	0.5713629126548767	0.0	0.0	1.235483169555664	1.4215731620788574	1.9622286558151245	1.4346601963043213	1.1859867572784424	0.0	0.16551576554775238	0.11576791852712631	0.0	0.0	2.318368911743164	0.0	0.1499292254447937	1.1546844244003296	2.0322091579437256	1.366100788116455
0.0	0.0	0.0	0.0	1.0332579612731934	0.0	2.406989812850952	1.8526709079742432	0.05621832609176636	0.4364177882671356	1.1171196699142456	0.0	0.0	0.0	0.1114330068230629	1.5771740674972534	0.934084951877594	0.6302950382232666	2.4366812705993652	0.8408066034317017	0.4596073031425476	0.48837557435035706	1.142003059387207	1.4561809301376343	1.4516608715057373	2.613029718399048	0.0	0.0	1.3733690977096558	0.4407094419002533	0.0	2.504169464111328	0.0	0.0	0.9737377166748047	0.0	0.11719319224357605	0.0	0.0	1.5880390405654907	0.714120626449585	1.7573200464248657	1.3211015462875366	0.0	0.10613487660884857	0.8688912987709045	0.32859155535697937	0.0	1.297407627105713	1.6138083934783936	1.6073353290557861	0.7765523791313171	1.693745732307434	0.0	0.030176570639014244	0.31537550687789917	0.0	0.0	1.8691483736038208	0.0	0.0	0.8192666172981262	1.202012538909912	2.061870813369751
0.0	0.0	0.0	0.0	0.7978268265724182	0.0	2.3384287357330322	1.7993943691253662	0.07601992785930634	0.13374339044094086	0.9131103754043579	0.0	0.0	0.10146710276603699	0.0	1.2668827772140503	1.0782066583633423	0.34333452582359314	2.3363938331604004	1.3355401754379272	0.626534640789032	0.044440362602472305	1.191927194595337	1.5521677732467651	1.7752225399017334	2.939483404159546	0.0	0.0	1.1645621061325073	0.0	0.0	1.604333758354187	0.0	0.0	0.6958032846450806	0.0	0.0	0.0	0.0	1.5929008722305298	0.6911376118659973	1.4395873546600342	1.6685373783111572	0.0	0.04436167702078819	0.6160193681716919	0.0	0.0	1.2450098991394043	1.2088366746902466	1.6486400365829468	0.38641393184661865	1.2576385736465454	0.0	0.16027505695819855	0.4752572178840637	0.0	0.0	1.579083800315857	0.0	0.0	1.1823647022247314	0.917059600353241	2.05293869972229
0.0	0.0	0.0	0.0	1.2112089395523071	0.0	2.0926971435546875	2.0716423988342285	0.03392347693443298	0.30242347717285156	1.1822237968444824	0.0	0.0	0.11130846291780472	0.18032823503017426	1.308263897895813	1.1200124025344849	0.8692046999931335	2.7910244464874268	1.1644361019134521	0.5479897856712341	0.6991620063781738	1.1906152963638306	1.1897674798965454	2.8346853256225586	2.7477614879608154	0.0	0.0	1.2300231456756592	0.719018280506134	0.07424189150333405	2.44851016998291	0.0	0.2687022387981415	0.9659915566444397	0.0	0.10102733224630356	0.0	0.0	1.3240811824798584	0.33773908019065857	1.4668973684310913	1.53957998752594	0.0	0.47777047753334045	0.6657003164291382	0.0	0.0	0.8969787955284119	1.1863335371017456	1.3686959743499756	0.3565739691257477	2.314526319503784	0.0	0.0	0.41671252250671387	0.0	0.0	1.9290326833724976	0.0	0.0	0.9682696461677551	1.2142935991287231	2.224661111831665
0.0	0.0	0.057248469442129135	0.0	0.7917783856391907	0.0	2.276308059692383	1.928337812423706	0.35734450817108154	0.411568284034729	0.9512150287628174	0.0	0.0	0.30462566018104553	0.0	1.6651617288589478	1.175237774848938	0.0	1.9878666400909424	0.7793055772781372	0.33459195494651794	0.20663276314735413	0.9014247059822083	1.5418212413787842	1.5229462385177612	2.882659912109375	0.0	0.0	0.9952408671379089	0.30299702286720276	0.0	1.9684730768203735	0.0	0.06281659007072449	1.0852124691009521	0.0	0.0	0.0	0.0	1.2640159130096436	0.7697099447250366	1.8370187282562256	1.1259506940841675	0.0	0.14275117218494415	0.48664408922195435	0.0	0.0	1.069896936416626	2.074465751647949	1.9881585836410522	1.3424583673477173	1.3010510206222534	0.0	0.31739121675491333	0.775976836681366	0.0	0.0	1.8098241090774536	0.0	0.20706826448440552	0.7375229597091675	1.2742390632629395	2.1022465229034424
0.0	0.0	0.0	0.0	0.9319866895675659	0.0	2.2768874168395996	1.4952574968338013	0.5051240921020508	0.08487580716609955	0.9579918384552002	0.0	0.0	0.0857522040605545	0.0	1.6623752117156982	1.4183275699615479	0.0	1.6750683784484863	0.4862973093986511	0.617709755897522	0.2373393028974533	1.5234681367874146	2.0514309406280518	1.361448049545288	3.771421194076538	0.0	0.0	0.7538433074951172	0.0	0.0	1.7730239629745483	0.0	0.0	1.2168834209442139	0.0	0.0	0.0	0.0	1.6175731420516968	0.59190434217453	1.3542182445526123	1.1554157733917236	0.0	0.4140397310256958	0.5591437220573425	0.0	0.0	0.8257215023040771	1.6106680631637573	1.9660309553146362	0.5001201629638672	1.1923645734786987	0.0	0.24745060503482819	0.6265235543251038	0.0	0.0	1.420129656791687	0.0	0.3798997104167938	1.8825128078460693	1.213975429534912	2.0476326942443848
0.0	0.0	0.0	0.0	0.8364502191543579	0.0	2.117915153503418	2.408428430557251	0.0815267339348793	0.29267799854278564	1.059985876083374	0.0	0.0	0.08446890860795975	0.1603887677192688	1.4073642492294312	1.1433327198028564	0.4018193483352661	2.200188636779785	0.9438361525535583	0.5730047821998596	0.7142834663391113	1.1064149141311646	1.4136494398117065	1.5435703992843628	2.975107431411743	0.0	0.0	1.2464559078216553	0.42428794503211975	0.0	1.3406107425689697	0.0	0.0	1.3590927124023438	0.0	0.0	0.0	0.0	1.3985060453414917	0.6906223297119141	1.7463405132293701	1.535691738128662	0.0	0.194781094789505	0.6938660740852356	0.034007053822278976	0.0	1.1946717500686646	1.3997855186462402	1.6920709609985352	0.5286559462547302	1.550597071647644	0.0	0.09789562970399857	0.32157424092292786	0.0	0.0	1.7754311561584473	0.0	0.0	1.154099941253662	0.8586893081665039	1.5122966766357422
0.0	0.0	0.0	0.0	0.8529006838798523	0.0	2.1958601474761963	1.6638970375061035	0.15235374867916107	0.3836815059185028	0.7692027688026428	0.0	0.0	0.016913244500756264	0.0	1.5534249544143677	0.9763005971908569	0.0	2.12056303024292	0.8715967535972595	0.31647181510925293	0.20431376993656158	1.0100558996200562	1.5578157901763916	1.6504998207092285	3.0508453845977783	0.0	0.0	0.7136432528495789	0.0	0.0	1.8494585752487183	0.0	0.0	0.9197483658790588	0.0	0.0439806692302227	0.0	0.0	1.2465929985046387	0.6305087208747864	1.2604864835739136	1.304928183555603	0.0	0.1664578765630722	0.8877124786376953	0.0	0.0	0.8818700909614563	1.3898862600326538	1.9757685661315918	0.44312888383865356	0.9031316637992859	0.0	0.14979778230190277	0.4324299097061157	0.0	0.0	1.6181050539016724	0.0	0.0	1.4519226551055908	1.0451436042785645	2.2419538497924805
0.0	0.0	0.0	0.0	0.9344671964645386	0.0	2.3427882194519043	2.1080875396728516	0.0	0.46098634600639343	0.860684871673584	0.0	0.0	0.16426998376846313	0.0	1.2963780164718628	0.7855955958366394	0.3928561210632324	2.338252544403076	0.9816406965255737	0.5757205486297607	0.39263591170310974	1.476679801940918	1.1443159580230713	1.768553376197815	2.9126639366149902	0.0	0.0	1.7533247470855713	0.17830494046211243	0.0	2.068319082260132	0.0	0.0	1.0005284547805786	0.12562742829322815	0.0	0.0	0.0	1.3987146615982056	0.478520005941391	1.6983095407485962	1.5421651601791382	0.0	0.20819367468357086	0.7494833469390869	0.0	0.0	1.3573013544082642	0.9058993458747864	1.6975414752960205	0.19734036922454834	1.6892545223236084	0.0	0.0001522644452052191	0.39648696780204773	0.0	0.007147861644625664	1.9337133169174194	0.0	0.45837971568107605	0.8892516493797302	0.9868322014808655	2.3923351764678955
0.0	0.0	0.0	0.0	0.8223594427108765	0.0	2.627577543258667	2.089714288711548	0.0	0.5503723621368408	0.6111838221549988	0.0	0.0	0.03604954481124878	0.0	1.7897462844848633	0.6946519613265991	0.0	1.7507737874984741	0.9290919303894043	0.29093241691589355	0.5483981966972351	1.096648931503296	1.2159637212753296	1.1041837930679321	3.5090277194976807	0.0	0.0	0.8577784895896912	0.10787080973386765	0.0	1.7195903062820435	0.07885424047708511	0.0	1.1882563829421997	0.0	0.0	0.0	0.0	1.2683348655700684	0.4898374676704407	1.5344901084899902	1.2452107667922974	0.0	0.054710350930690765	0.6669445633888245	0.0	0.0	0.9545100331306458	1.5126954317092896	1.927000641822815	0.9479448199272156	0.9023255705833435	0.0	0.09795474261045456	0.6168642640113831	0.0	0.028827253729104996	1.7568564414978027	0.0	0.12342660874128342	1.1083118915557861	1.1674952507019043	2.1832079887390137
0.0	0.0	0.0	0.0	0.9050633311271667	0.0	2.1303980350494385	2.0963053703308105	0.0	0.3144790530204773	0.9739457368850708	0.0	0.0	0.1790556013584137	0.04721508175134659	1.5003286600112915	0.8724457025527954	0.42481499910354614	2.4338626861572266	0.8795347809791565	0.4914979338645935	0.4234161674976349	0.8639799356460571	1.0746002197265625	1.8202399015426636	2.633344888687134	0.0	0.0	0.9914555549621582	0.5077308416366577	0.0	2.0404083728790283	0.0	0.0	1.0820403099060059	0.0	0.0	0.0	0.0	1.3569806814193726	0.6711376309394836	1.4852124452590942	1.3536105155944824	0.0	0.09189918637275696	0.598131537437439	0.0	0.0	1.1014574766159058	1.216884732246399	1.835795521736145	1.0987390279769897	1.4972084760665894	0.0	0.011872082017362118	0.5502021312713623	0.0	0.0	1.914509892463684	0.0	0.0	0.601058840751648	1.2537188529968262	2.1433804035186768
0.0	0.0	0.0	0.0	1.2806932926177979	0.0	2.234466791152954	2.049182176589966	0.4384506046772003	0.14246512949466705	0.8866254091262817	0.24008917808532715	0.0	0.45138224959373474	0.0	1.4598684310913086	1.3162273168563843	0.2872386574745178	2.500973701477051	0.4142618775367737	0.6811663508415222	0.12548857927322388	0.8371219635009766	1.3008395433425903	2.2918453216552734	3.2482306957244873	0.0	0.0	0.38804325461387634	1.0421198606491089	0.8614490032196045	2.371914863586426	0.12706539034843445	0.42230769991874695	1.1230640411376953	0.0	0.07453243434429169	0.0	0.0	1.3974874019622803	0.7698627710342407	1.1151180267333984	1.1767760515213013	0.0	0.44141459465026855	0.5152171850204468	0.0	0.0	0.9383711218833923	1.6091644763946533	1.7713613510131836	0.5287392735481262	0.7708314061164856	0.0	0.2170628309249878	0.47699227929115295	0.0	0.04406110197305679	1.4206781387329102	0.0	0.24973569810390472	1.6510388851165771	0.8868795037269592	2.63366436958313
0.0	0.0	0.0	0.0	1.001239538192749	0.0	2.7681174278259277	2.3235809803009033	0.1019512414932251	0.5590494871139526	0.9434242844581604	0.0	0.0	0.0	0.0019104346865788102	1.651451826095581	0.8099673986434937	0.0	2.1720097064971924	0.7998084425926208	0.4776967167854309	0.07229160517454147	1.1498095989227295	1.3676656484603882	1.5874485969543457	3.243339776992798	0.0	0.0	0.8334226012229919	0.0	0.0	1.414130449295044	0.0	0.0	1.258401870727539	0.0	0.0	0.0	0.0	1.415389895439148	0.8730775713920593	1.4236352443695068	1.0285431146621704	0.0	0.0	0.5683806538581848	0.0	0.0	1.1322875022888184	1.5880517959594727	1.8292772769927979	0.650340735912323	0.7251557111740112	0.0	0.0	0.3286287188529968	0.0	0.0	1.400624394416809	0.0	0.0	0.8149940967559814	0.9703077673912048	1.7571823596954346
0.0	0.0	0.0	0.0	0.8391978740692139	0.0	1.9333611726760864	1.9408180713653564	0.20079627633094788	0.20655442774295807	1.1824504137039185	0.0	0.0	0.010759281925857067	0.0	1.6406364440917969	1.2766826152801514	0.40744927525520325	2.36128306388855	0.9567642211914062	0.6605793237686157	0.5757499933242798	1.2503178119659424	1.74586021900177	1.9549200534820557	2.934542179107666	0.0	0.0	0.7896674275398254	0.48917537927627563	0.0	2.7718539237976074	0.0	0.1887364238500595	1.406614065170288	0.0	0.11148279160261154	0.0	0.0	1.5913738012313843	0.5004158616065979	1.3345099687576294	1.1625332832336426	0.0	0.37014979124069214	0.5713225603103638	0.0	0.0	1.1005195379257202	1.582754373550415	1.59430730342865	0.6555052995681763	1.7027056217193604	0.0	0.0	0.3422955572605133	0.0	0.0	1.790915846824646	0.0	0.0	1.3871127367019653	1.0644748210906982	2.324388265609741
0.0	0.0	0.0	0.0	0.8324244022369385	0.0	2.271599531173706	1.5946050882339478	0.07719434052705765	0.12718024849891663	1.2695928812026978	0.0	0.0	0.09991465508937836	0.10748291015625	0.9879502058029175	1.0949664115905762	0.220473513007164	2.7179036140441895	1.3238390684127808	0.781682550907135	0.0	0.9563941955566406	1.7895078659057617	2.7847678661346436	2.56469464302063	0.0	0.0	0.765119731426239	0.05738932639360428	0.0	1.774776816368103	0.0	0.2302834689617157	0.4772638976573944	0.0	0.0	0.0	0.0	1.2971512079238892	0.6994485855102539	1.3851394653320312	1.872332215309143	0.0	0.1699955314397812	0.5306345224380493	0.004409195855259895	0.0	1.342710018157959	1.1180713176727295	1.4866639375686646	0.367093026638031	1.409361481666565	0.0	0.08418682217597961	0.2469129115343094	0.0	0.0	1.830140471458435	0.0	0.0	1.1034084558486938	0.9663803577423096	1.7501167058944702
0.0	0.0	0.0	0.0	1.1394751071929932	0.0	2.631206512451172	1.9828580617904663	0.0	0.3377787470817566	0.8926312327384949	0.0	0.0	0.0	0.0	1.1429787874221802	1.2301281690597534	0.04925769567489624	2.359544038772583	0.9166843891143799	0.47292575240135193	0.6362815499305725	1.5048242807388306	1.3765802383422852	1.3852622509002686	2.9604923725128174	0.0	0.0	1.1685394048690796	0.0	0.0	2.250261068344116	0.0	0.0	0.7396101951599121	0.0	0.0	0.0	0.0	1.6315891742706299	0.680859386920929	1.7352275848388672	1.3643016815185547	0.0	0.06188974902033806	0.6640321612358093	0.0	0.0	1.021077275276184	1.2665475606918335	1.6267036199569702	0.15380679070949554	1.2763999700546265	0.0	0.0	0.3824225962162018	0.0	0.0	1.4966273307800293	0.0	0.0	1.3733881711959839	0.892646849155426	2.32181978225708
0.0	0.0	0.0	0.0	0.7246428728103638	0.0	1.9391155242919922	1.8308755159378052	0.023294195532798767	0.42652007937431335	1.3780688047409058	0.0	0.0	0.23182210326194763	0.0	1.5294063091278076	0.7316679954528809	0.7430259585380554	2.6238348484039307	1.2204803228378296	0.7144966125488281	0.46238499879837036	0.9644374847412109	1.340552806854248	1.9954032897949219	2.2566075325012207	0.0	0.0	1.1473090648651123	0.7595986723899841	0.0	2.160259485244751	0.0	0.806536078453064	1.1254541873931885	0.0	0.0	0.0	0.0	1.2726080417633057	0.806099534034729	1.5221563577651978	1.5400831699371338	0.0	0.45461881160736084	0.5283764004707336	0.0	0.0	1.1665352582931519	1.0225791931152344	1.8304685354232788	0.44879385828971863	1.9571868181228638	0.0	0.16889281570911407	0.21204495429992676	0.0	0.03446107357740402	2.0747578144073486	0.0	0.08502396941184998	0.49500787258148193	1.9642539024353027	2.658357620239258
0.0	0.0	0.0	0.0	0.808125913143158	0.0	2.372464418411255	2.0967719554901123	0.04348331689834595	0.35905349254608154	0.9950770139694214	0.0	0.0	0.11199776083230972	0.10226830095052719	1.7625011205673218	1.0169336795806885	0.17324195802211761	2.1914143562316895	0.7478031516075134	0.6048810482025146	0.7586914300918579	1.2339692115783691	1.8778064250946045	1.469269037246704	2.7995269298553467	0.0	0.0	1.1647177934646606	0.2659330666065216	0.0	1.8598655462265015	0.09825361520051956	0.0	0.8519235849380493	0.0	0.0	0.0	0.0	1.47648024559021	0.682761013507843	1.9857016801834106	1.3202592134475708	0.0	0.0455840602517128	0.6451020240783691	0.0	0.0	0.9901175498962402	1.287168025970459	1.7459852695465088	0.4553089439868927	1.1885449886322021	0.0	0.0	0.3897756040096283	0.0	0.0	1.604007601737976	0.0	0.0	0.9948168992996216	1.445961356163025	2.1037797927856445
0.0	0.0	0.0	0.0	0.6902377605438232	0.0	2.375882863998413	1.865454912185669	0.0	0.5273009538650513	0.8454340100288391	0.0	0.0	0.20854203402996063	0.0	1.8583238124847412	1.0009889602661133	0.0	2.0718929767608643	0.8422124981880188	0.30402517318725586	0.5735257863998413	1.9282711744308472	1.6874253749847412	1.2430708408355713	2.9019229412078857	0.0	0.0	1.0645893812179565	0.015860462561249733	0.0	1.658233880996704	0.1464364379644394	0.0	1.1081910133361816	0.0	0.0	0.0	0.0	1.7224379777908325	0.5797884464263916	1.5175927877426147	1.366665244102478	0.0	0.30111193656921387	0.8105978965759277	0.0	0.0	0.7797174453735352	0.9851378202438354	1.8707524538040161	0.0	1.6146034002304077	0.0	0.040385883301496506	0.35022711753845215	0.0	0.0	1.8545069694519043	0.0	0.09999842196702957	1.5914695262908936	1.2820827960968018	1.9405266046524048
0.0	0.0	0.0	0.0	0.7429251074790955	0.0	2.205188274383545	1.938488483428955	0.3688832223415375	0.157965287566185	0.8015980124473572	0.0	0.0	0.0	0.0	1.5124776363372803	1.1088144779205322	0.2199101448059082	1.9487605094909668	0.7469236254692078	0.44109851121902466	0.59554123878479	1.368444561958313	1.582266092300415	2.0768959522247314	3.3632819652557373	0.0	0.0	1.0248222351074219	0.014975917525589466	0.0	1.8454183340072632	0.22744642198085785	0.0	0.9758063554763794	0.0	0.10719254612922668	0.0	0.0	1.5373247861862183	0.6307396292686462	1.4657076597213745	1.6750426292419434	0.0	0.3543255925178528	0.47033387422561646	0.0	0.0	1.106380820274353	1.4975613355636597	1.5039644241333008	0.3339526355266571	1.5622557401657104	0.0	0.033553142100572586	0.34179964661598206	0.0	0.0	1.7212086915969849	0.0	0.0	1.2613201141357422	0.8361877202987671	2.1799192428588867
0.0	0.0	0.0	0.0	1.1161144971847534	0.0	2.2876367568969727	1.9040939807891846	0.0	0.0	0.8780460953712463	0.0	0.0	0.13938304781913757	0.1484304517507553	1.0846736431121826	1.0067342519760132	0.7845902442932129	2.797666549682617	1.4288580417633057	0.6194207668304443	0.33389991521835327	1.3801600933074951	0.9380181431770325	2.2082231044769287	2.5423383712768555	0.0	0.0	0.9359914064407349	0.182840496301651	0.0	1.575919508934021	0.0	0.0	0.8188570141792297	0.0	0.0	0.0	0.0	1.331356167793274	0.5695351958274841	1.4634815454483032	1.885182499885559	0.0	0.006961384322494268	0.8092091083526611	0.0	0.0	1.0417145490646362	0.7821188569068909	1.955999732017517	0.7100899815559387	1.5172995328903198	0.0	0.1022099032998085	0.3815673887729645	0.0	0.0	1.893099069595337	0.0	0.0	0.6443268656730652	0.7175982594490051	1.8796534538269043
0.0	0.0	0.0	0.0	1.3523571491241455	0.0	2.3490452766418457	1.9979352951049805	0.1364467293024063	0.11261946707963943	1.1605967283248901	0.0	0.0	0.18196368217468262	0.49830764532089233	1.4924452304840088	1.182262897491455	1.2422844171524048	2.888331890106201	0.9776046872138977	0.6127011179924011	0.4330050051212311	1.426466941833496	1.2857768535614014	2.6208643913269043	2.737741231918335	0.0	0.0	0.864601194858551	0.681344211101532	0.0	1.9925707578659058	0.0	0.15774859488010406	0.8229902982711792	0.0	0.0	0.0	0.0	1.3516473770141602	0.4060385227203369	1.5661289691925049	1.6140345335006714	0.0	0.2042437046766281	0.5990475416183472	0.026752812787890434	0.0	1.0384656190872192	0.6514315605163574	1.593845248222351	0.646779477596283	1.8583714962005615	0.0	0.12326303869485855	0.43869590759277344	0.0	0.0	1.7732759714126587	0.0	0.0	1.2412776947021484	1.0756207704544067	2.039952516555786
0.0	0.0	0.0	0.0	0.5817364454269409	0.0	2.0803041458129883	1.4928607940673828	0.18953169882297516	0.31004589796066284	1.0635790824890137	0.026929408311843872	0.0	0.22761094570159912	0.0	1.4074602127075195	1.0958855152130127	0.040082260966300964	2.1129519939422607	1.3055177927017212	0.5102664232254028	0.07586464285850525	1.0623364448547363	1.701218843460083	1.8900612592697144	2.896760940551758	0.0	0.0	1.3587206602096558	0.0	0.0	1.7029930353164673	0.0	0.3133431077003479	0.9979539513587952	0.0	0.0	0.0	0.0	1.7703529596328735	0.7151221036911011	1.3623454570770264	1.4187371730804443	0.0	0.12718702852725983	0.6808696985244751	0.0	0.0	1.2185916900634766	1.310080647468567	1.8115592002868652	0.7651461362838745	2.1121413707733154	0.0	0.01812238059937954	0.2893555760383606	0.0	0.0	1.989857792854309	0.0	0.0	1.073919415473938	1.3214789628982544	1.8345918655395508
0.0	0.0	0.0	0.0	0.7704724669456482	0.0	2.21205997467041	1.9077565670013428	0.27273592352867126	0.4339437782764435	1.1129117012023926	0.0	0.0	0.0	0.0	1.6861594915390015	1.2915560007095337	0.0	2.357326030731201	0.9496327042579651	0.663932204246521	0.407870888710022	1.274585485458374	1.7559778690338135	1.2057247161865234	3.164212465286255	0.0	0.0	1.0597631931304932	0.0	0.0	1.7016741037368774	0.0	0.0	0.8869465589523315	0.0	0.06502202898263931	0.0	0.0	1.6175483465194702	0.5896400213241577	1.6089738607406616	1.1827285289764404	0.0	0.05745481699705124	0.7083761692047119	0.0	0.0	1.1657732725143433	1.0994648933410645	1.891670823097229	0.366407573223114	1.418889045715332	0.0	0.2590538263320923	0.4638347327709198	0.0	0.0	1.5965733528137207	0.0	0.0	1.4145793914794922	1.102245807647705	1.9205137491226196
0.0	0.0	0.0	0.0	1.0259506702423096	0.0	2.2279481887817383	1.871406078338623	0.056474167853593826	0.20576010644435883	1.3801380395889282	0.0	0.0	0.3905620276927948	0.36427968740463257	1.2361342906951904	1.1678091287612915	0.9704362154006958	2.6031181812286377	1.3053171634674072	0.7851645946502686	0.16672155261039734	0.9909238815307617	1.5724257230758667	2.2308130264282227	2.7114572525024414	0.0	0.0	1.3928083181381226	0.4571187198162079	0.011463189497590065	2.0928213596343994	0.0	0.07704214751720428	0.6985980868339539	0.0	0.05455619841814041	0.0	0.0	1.5783299207687378	0.7788035273551941	1.7920444011688232	1.6942217350006104	0.0	0.15065829455852509	0.5471174716949463	0.0	0.0	1.2461163997650146	1.2349532842636108	1.8267725706100464	0.6389675736427307	2.1199374198913574	0.0	0.09897495806217194	0.36037126183509827	0.0	0.0	1.7001838684082031	0.0	0.0	0.6755666136741638	0.921876847743988	1.9825999736785889
0.0	0.0	0.0	0.0	0.6379747986793518	0.0	2.3211846351623535	1.5719656944274902	0.15387368202209473	0.25562676787376404	1.2539037466049194	0.0	0.0	0.0	0.0	1.5178221464157104	1.2171086072921753	0.038832105696201324	2.3411459922790527	1.2614779472351074	0.7157108783721924	0.003695561783388257	1.509282112121582	2.034043550491333	1.834130883216858	3.205747127532959	0.0	0.0	1.139201045036316	0.16031713783740997	0.0	2.0962421894073486	0.0	0.03331013396382332	0.5846295952796936	0.0	0.0	0.0	0.0	1.7290149927139282	0.7493971586227417	1.4336470365524292	1.4051939249038696	0.0	0.25788795948028564	0.5455064177513123	0.0	0.0	1.2677432298660278	1.5903247594833374	1.440244197845459	0.1363597959280014	1.5400699377059937	0.0	0.025813404470682144	0.24840047955513	0.0	0.2180269956588745	1.8473325967788696	0.0	0.0	1.2764084339141846	1.1082394123077393	1.9702228307724
0.0	0.0	0.0	0.0	0.4836772382259369	0.0	1.9360655546188354	1.7158373594284058	0.0	0.2106471061706543	1.0452697277069092	0.0	0.0	0.292307049036026	0.0	1.3163127899169922	1.1109936237335205	0.4375619888305664	2.0497586727142334	1.2057982683181763	0.4752446115016937	1.1993366479873657	1.063875675201416	1.5788295269012451	1.6764957904815674	2.658095359802246	0.0	0.0	1.1168638467788696	0.2583090662956238	0.0	2.021981716156006	0.0	0.2898234724998474	0.8136188983917236	0.0	0.03228813409805298	0.0	0.0	1.605678677558899	0.5776105523109436	1.288741111755371	1.4684146642684937	0.0	0.2699517607688904	0.7234898805618286	0.0	0.0	0.9560829401016235	1.0961662530899048	1.8432884216308594	0.25636371970176697	2.315037488937378	0.0	0.0729319229722023	0.424445778131485	0.0	0.0	2.1657943725585938	0.0	0.0	1.0204737186431885	1.2167257070541382	2.0410094261169434
0.0	0.0	0.0	0.0	0.9069924354553223	0.0	2.82302188873291	1.9066641330718994	0.32005107402801514	0.07516208291053772	0.7406502366065979	0.18547366559505463	0.0	0.0655968189239502	0.2137935906648636	1.5126756429672241	1.2123385667800903	0.35263675451278687	1.986799716949463	0.8799800276756287	0.45938220620155334	0.05775637552142143	0.9728238582611084	1.2933435440063477	1.7270694971084595	3.053212881088257	0.0	0.0	0.7637893557548523	0.0	0.0	1.655794620513916	0.0	0.0	0.9633851051330566	0.0	0.0	0.0	0.0	1.210582971572876	0.6237943768501282	1.6706184148788452	1.4637593030929565	0.0	0.04501780495047569	0.9475725889205933	0.0	0.0	1.0440747737884521	1.365514874458313	1.7618812322616577	1.0707571506500244	1.3939675092697144	0.0	0.261949747800827	0.6478776931762695	0.0	0.0	1.2624179124832153	0.0	0.0	1.3523527383804321	0.748097836971283	2.075235605239868
0.0	0.0	0.0	0.0	0.9310581088066101	0.0	2.4725732803344727	1.8157541751861572	0.09516561031341553	0.31833547353744507	0.7631176710128784	0.0	0.0	0.0	0.0	1.5703723430633545	0.7931519150733948	0.0	2.101187229156494	0.7371820211410522	0.2751213014125824	0.550314724445343	1.390007495880127	1.740373969078064	1.7424486875534058	3.212871551513672	0.0	0.0	0.8280749320983887	0.06581773608922958	0.0	1.6356430053710938	0.1263524293899536	0.0	0.968769371509552	0.0	0.0	0.0	0.0	1.4683116674423218	0.47755372524261475	1.3643839359283447	1.0756944417953491	0.0	0.22445790469646454	0.621768593788147	0.0	0.0	0.9568824768066406	1.27344810962677	1.730432152748108	0.7238265872001648	0.9547803401947021	0.0	0.06616568565368652	0.3765239417552948	0.0	0.0	1.742738962173462	0.0	0.2401309460401535	1.2045646905899048	1.1360422372817993	2.2916653156280518
0.0	0.0	0.0	0.0	0.43254801630973816	0.0	2.319139242172241	1.831758975982666	0.05461122840642929	0.19690369069576263	0.8969117999076843	0.004483362659811974	0.0	0.21915575861930847	0.0	1.8413798809051514	0.9474390149116516	0.20615114271640778	1.7859324216842651	1.2583762407302856	0.5784111618995667	0.7294111251831055	1.4809402227401733	1.2891031503677368	1.5560638904571533	2.691378116607666	0.0	0.0	0.9951565861701965	0.023154549300670624	0.0	1.9553327560424805	0.45663946866989136	0.0	0.9517325162887573	0.0	0.0	0.0	0.0	1.4074084758758545	0.48949477076530457	1.541516900062561	1.5116032361984253	0.0	0.041783902794122696	0.5228300094604492	0.0	0.0	1.073384404182434	0.9941104054450989	1.7011337280273438	0.5753785967826843	1.4721055030822754	0.0	0.06549539417028427	0.5930511355400085	0.0	0.0	1.7600208520889282	0.0	0.6720085144042969	1.2014750242233276	1.277918815612793	2.425133228302002
0.0	0.0	0.0	0.0	1.363607406616211	0.0	2.0334689617156982	2.075674533843994	0.0	0.0	1.2943495512008667	0.0	0.0	0.40129533410072327	0.3326798975467682	1.1355491876602173	1.0220558643341064	1.257164478302002	3.219877004623413	1.1422678232192993	0.8526241183280945	0.4712275564670563	0.9233715534210205	1.2071009874343872	2.7476742267608643	2.7245118618011475	0.0	0.0	1.0125545263290405	0.6369920969009399	0.0	2.1220250129699707	0.0	0.35529300570487976	0.5942266583442688	0.0	0.0	0.0	0.0	1.2662608623504639	0.4393252432346344	1.4856330156326294	1.4822850227355957	0.0	0.3104296028614044	0.6807736754417419	0.10134387016296387	0.0	0.8595110774040222	0.5249140858650208	1.646486520767212	0.26347213983535767	2.0494415760040283	0.0	0.07267311960458755	0.4940769672393799	0.0	0.0	1.7877323627471924	0.0	0.0	0.5620173215866089	1.3680222034454346	2.1645193099975586
0.0	0.0	0.0	0.0	0.9269591569900513	0.0	2.187586545944214	1.6149770021438599	0.10613975673913956	0.2210851013660431	0.7579365968704224	0.0	0.0	0.0	0.007826339453458786	1.2670331001281738	1.0939314365386963	0.32666778564453125	2.230931043624878	0.7761669754981995	0.4545137584209442	0.4365508556365967	0.7910432815551758	1.3029123544692993	1.9057292938232422	3.197338342666626	0.0	0.0	0.9392133355140686	0.0	0.0	2.1290788650512695	0.0	0.29164546728134155	0.7240718603134155	0.0	0.055962417274713516	0.0	0.0	1.3206475973129272	0.6140424013137817	1.9863044023513794	1.0745686292648315	0.0	0.11442908644676208	0.7182570099830627	0.0	0.0	1.0569329261779785	1.6756316423416138	1.8063493967056274	0.7244309186935425	1.244512915611267	0.0	0.2151230275630951	0.46164610981941223	0.0	0.0	1.4874855279922485	0.0	0.0	1.0680928230285645	0.8749263286590576	2.323289632797241
0.0	0.0	0.0	0.0	0.8799048662185669	0.0	2.2933104038238525	1.699815273284912	0.0	0.04413296654820442	1.2428295612335205	0.0	0.0	0.20812927186489105	0.2400175780057907	1.3390637636184692	1.4921740293502808	0.49861830472946167	2.4793457984924316	1.2934045791625977	0.8392452001571655	0.09118630737066269	1.225994348526001	1.7026329040527344	2.1745848655700684	2.8373875617980957	0.0	0.0	1.0563156604766846	0.0	0.0	1.4252243041992188	0.0	0.0	0.4004843235015869	0.0	0.0	0.0	0.0	1.5022987127304077	0.6796176433563232	1.4183976650238037	1.5607842206954956	0.0	0.1344199776649475	0.7105645537376404	0.04018005356192589	0.0	1.111980676651001	1.337104082107544	1.9728659391403198	0.39354604482650757	1.5462661981582642	0.0	0.1167675331234932	0.5484774708747864	0.0	0.0	1.6623531579971313	0.0	0.0	1.4538242816925049	0.9601932764053345	1.7630195617675781
0.0	0.0	0.0	0.0	0.9021114110946655	0.0	2.286437749862671	1.7689666748046875	0.009145300835371017	0.13994261622428894	1.1395221948623657	0.0	0.0	0.28330421447753906	0.31101465225219727	1.6858021020889282	1.239177942276001	0.9705876708030701	2.49155330657959	1.13481867313385	0.6797813177108765	0.37050503492355347	1.34397554397583	1.5318101644515991	2.08927845954895	2.840061902999878	0.0	0.0	1.2049766778945923	0.8355442881584167	0.377165287733078	2.1725144386291504	0.0	0.1111583560705185	0.503342866897583	0.0	0.028383182361721992	0.0	0.0	1.468904972076416	0.5549909472465515	1.576316237449646	1.4148489236831665	0.0	0.022061435505747795	0.8669837117195129	0.0	0.0	0.9591954350471497	0.9825111627578735	1.7180302143096924	0.2463209182024002	1.438781499862671	0.0	0.16625453531742096	0.7374340295791626	0.0	0.0	1.6836317777633667	0.0	0.0	0.9930254220962524	0.984142541885376	2.117002487182617
0.0	0.0	0.0	0.0	0.501101016998291	0.0	2.447011947631836	2.1722919940948486	0.0	0.57820725440979	0.6183630228042603	0.0	0.0	0.3363032341003418	0.0	1.786926031112671	1.0699107646942139	0.0	1.7626886367797852	0.9386488199234009	0.355228990316391	0.2587161064147949	1.8950318098068237	1.496777057647705	1.3456250429153442	2.9780807495117188	0.0	0.0	1.0539770126342773	0.17558616399765015	0.0	2.0565924644470215	0.381651371717453	0.0	1.010635256767273	0.0	0.16526846587657928	0.0	0.0	1.690093994140625	0.43412935733795166	1.3643440008163452	1.3982751369476318	0.0	0.1460922658443451	0.7638412714004517	0.0	0.0	0.7838841080665588	1.0385587215423584	1.8565396070480347	0.5706520676612854	1.561824083328247	0.0	0.06516345590353012	0.6289194226264954	0.0	0.0	1.7475266456604004	0.0	0.20342452824115753	1.655327320098877	1.2910192012786865	2.40395188331604
0.0	0.0	0.0	0.0	1.0590513944625854	0.0	2.0339243412017822	1.6000434160232544	0.7204194068908691	0.0	1.1370874643325806	0.0	0.0	0.4803906977176666	0.0	1.597934603691101	1.508933663368225	0.3398410379886627	2.095890998840332	0.7443523406982422	0.6085160970687866	0.0	1.276171326637268	1.8405756950378418	2.089249849319458	2.934926748275757	0.0	0.0	1.1081115007400513	0.4625663459300995	0.0	2.4091992378234863	0.41150739789009094	0.46742814779281616	1.1056222915649414	0.0	0.17895624041557312	0.0	0.0	1.3915523290634155	0.6436302661895752	1.3283703327178955	1.379681944847107	0.0	0.5792200565338135	0.6457679867744446	0.0	0.0	0.937642514705658	1.6083265542984009	1.6881000995635986	0.47156646847724915	1.9484727382659912	0.0	0.20240604877471924	0.5091446042060852	0.0	0.0	1.5476675033569336	0.0	0.0	1.5984219312667847	0.9031969904899597	2.4393961429595947
0.0	0.0	0.0	0.0	0.8149533271789551	0.0	2.405287265777588	2.0780797004699707	0.12972219288349152	0.3291270434856415	0.7585815191268921	0.0	0.0	0.031519703567028046	0.0	1.8569644689559937	0.9845011830329895	0.08468383550643921	2.058759927749634	0.5502958297729492	0.16286106407642365	0.9129169583320618	1.410267949104309	1.5216584205627441	2.007999897003174	3.1187005043029785	0.0	0.0	1.0542933940887451	0.0	0.0	2.1451494693756104	0.01186913438141346	0.24855981767177582	1.1039222478866577	0.0	0.39474451541900635	0.0	0.0	1.3557151556015015	0.6436238884925842	1.924216389656067	1.1090830564498901	0.0	0.10332620143890381	0.6183962821960449	0.0	0.0	0.9738587737083435	1.5677515268325806	1.7272709608078003	0.5263599753379822	0.9779918789863586	0.0	0.05563678592443466	0.5535259246826172	0.0	0.0	1.6088875532150269	0.0	1.0090683698654175	1.4138544797897339	1.2383997440338135	2.6252944469451904
0.0	0.0	0.0	0.0	1.4796397686004639	0.0	2.297893524169922	1.8090516328811646	0.12781226634979248	0.262795090675354	1.16409432888031	0.0	0.0	0.14463776350021362	0.23078876733779907	1.2682619094848633	0.9177698493003845	0.0	2.1517059803009033	0.7818480134010315	0.8347669243812561	0.1120961457490921	1.0806641578674316	1.822642207145691	2.0417330265045166	3.0881495475769043	0.0	0.0	1.01568603515625	0.0	0.0	1.3318651914596558	0.0	0.0	0.7848348021507263	0.0	0.0	0.0	0.0	1.3005318641662598	0.602726936340332	1.4389634132385254	1.4925962686538696	0.0	0.10561041533946991	0.8029128313064575	0.0	0.0	0.9818047285079956	1.4230705499649048	1.5109195709228516	0.5765126347541809	1.1570814847946167	0.0	0.16130070388317108	0.45861271023750305	0.0	0.0	1.4492086172103882	0.0	0.0	0.9693483114242554	1.1846917867660522	2.13207745552063
0.0	0.0	0.0	0.0	1.476866364479065	0.0	2.1854608058929443	1.8614203929901123	0.2382737249135971	0.19583480060100555	1.1214359998703003	0.0	0.0	0.0	0.2412419468164444	1.3252907991409302	1.2508881092071533	0.4290318787097931	2.2936346530914307	1.186532735824585	0.644989550113678	0.25103309750556946	0.9690465927124023	1.7420052289962769	1.9925565719604492	2.820646286010742	0.0	0.0	0.8870043754577637	0.10961354523897171	0.0	1.5494264364242554	0.0	0.0	0.8818903565406799	0.0	0.0	0.0	0.0	1.4606410264968872	0.6406657695770264	1.7552324533462524	1.3575677871704102	0.0	0.0	1.0142499208450317	0.0	0.0	1.1185365915298462	1.1593016386032104	1.7722331285476685	0.95054030418396	1.3080023527145386	0.0	0.07935593277215958	0.4760850667953491	0.0	0.0	1.4339193105697632	0.0	0.0	0.752702534198761	1.1041548252105713	2.2857112884521484
0.0	0.0	0.0	0.0	0.8914127945899963	0.0	2.307356834411621	1.7117990255355835	0.0	0.21247191727161407	1.1584450006484985	0.0	0.0	0.0	0.17966122925281525	0.9547790288925171	1.1412773132324219	0.5017451643943787	2.5530378818511963	1.1518094539642334	0.5697154998779297	0.0	1.2141937017440796	1.5447036027908325	2.0034098625183105	2.9994969367980957	0.0	0.0	1.2743456363677979	0.0	0.0	1.7245686054229736	0.0	0.0	0.6211683750152588	0.0	0.1117614135146141	0.0	0.0	1.5965571403503418	0.7377021312713623	1.7931160926818848	1.7258713245391846	0.0	0.06419147551059723	0.5682610869407654	0.0	0.0	1.2547831535339355	1.3454331159591675	1.4052249193191528	0.38410207629203796	1.5938066244125366	0.0	0.08121288567781448	0.16627657413482666	0.0	0.0	1.9192832708358765	0.0	0.0	1.3314074277877808	0.9972261190414429	1.7430322170257568
0.0	0.0	0.0	0.0	0.9402865171432495	0.0	2.491569995880127	1.4858694076538086	0.44922778010368347	0.3604179918766022	0.694708526134491	0.0	0.0	0.0	0.0	1.477541446685791	1.210154414176941	0.05501338839530945	2.008451223373413	1.1963669061660767	0.5062932968139648	0.0	1.144442081451416	1.6913626194000244	2.0791335105895996	3.5202126502990723	0.0	0.0	1.227648377418518	0.0	0.0	1.0073800086975098	0.03231899067759514	0.0	0.8431495428085327	0.0	0.0	0.0	0.0	1.4574202299118042	0.6416394114494324	1.0604174137115479	1.540963888168335	0.0	0.07111966609954834	0.7050601840019226	0.0	0.0	1.4349511861801147	1.735384464263916	1.5431684255599976	0.427642822265625	1.271296739578247	0.0	0.2157551646232605	0.39026618003845215	0.0	0.0	1.5086987018585205	0.0	0.0	1.35159432888031	0.6112677454948425	1.5939631462097168
0.0	0.0	0.2097214013338089	0.0	0.7780812978744507	0.0	2.396467924118042	1.7975400686264038	0.13885869085788727	0.422048956155777	0.7421592473983765	0.0	0.0	0.0	0.0	1.4646894931793213	1.1306521892547607	0.1569436639547348	2.2078418731689453	0.868463397026062	0.42822372913360596	0.5896470546722412	1.1106137037277222	1.691890835762024	1.3877283334732056	3.0637032985687256	0.0	0.0	0.8152856230735779	0.0	0.0	1.6518043279647827	0.16782663762569427	0.5998788475990295	0.9687215089797974	0.0	0.0784112736582756	0.0	0.0	1.3165831565856934	0.6946626901626587	1.1918267011642456	1.2054688930511475	0.0	0.10824572294950485	0.6685879826545715	0.0	0.0	1.192399024963379	1.6470433473587036	1.6139191389083862	0.29708215594291687	1.2290029525756836	0.0	0.09560104459524155	0.40628165006637573	0.0	0.0	1.8356610536575317	0.0	0.0	1.5613479614257812	0.9212092757225037	1.814202070236206
0.0	0.0	0.0	0.0	1.0707839727401733	0.0	2.3326339721679688	1.773263692855835	0.15039263665676117	0.15373598039150238	1.1409251689910889	0.0	0.0	0.0	0.20386938750743866	1.0976656675338745	1.4761693477630615	0.4652969241142273	2.3833436965942383	0.9666601419448853	0.7031304240226746	0.10205166786909103	0.9816457629203796	1.6564133167266846	1.943544626235962	2.9534969329833984	0.0	0.0	0.9801134467124939	0.0	0.0	1.4372286796569824	0.0	0.0	0.8384482264518738	0.0	0.0	0.0	0.0	1.3520910739898682	0.5691450834274292	1.296951174736023	1.4623169898986816	0.0	0.07575673609972	0.7706859707832336	0.0	0.0	1.172678828239441	1.5281051397323608	1.4900001287460327	0.34695473313331604	1.3912471532821655	0.0	0.1376427710056305	0.40491190552711487	0.0	0.0	1.5596826076507568	0.0	0.0	1.0513297319412231	0.7611509561538696	1.7243216037750244
0.0	0.0	0.0	0.0	0.6866855025291443	0.0	2.2737274169921875	1.660170316696167	0.024319656193256378	0.47300657629966736	0.941088080406189	0.0	0.0	0.0	0.0	1.497193455696106	1.1767014265060425	0.26888298988342285	2.024127960205078	0.8679128289222717	0.40520796179771423	0.04248329997062683	1.091871976852417	1.6743732690811157	1.637215256690979	3.2600841522216797	0.0	0.0	0.9694882035255432	0.27357515692710876	0.0	2.2092769145965576	0.0	0.0	0.8695847988128662	0.0	0.0	0.0	0.0	1.5834035873413086	0.5520917177200317	1.564847469329834	1.3461843729019165	0.0	0.38900306820869446	0.6298246383666992	0.0	0.0	1.0693928003311157	1.3489220142364502	1.4839144945144653	0.4137355387210846	1.7326862812042236	0.0	0.020806489512324333	0.30700698494911194	0.0	0.11007925868034363	1.840196132659912	0.0	0.0	0.8296614289283752	0.9718067646026611	2.058154821395874
0.0	0.0	0.0	0.0	0.8744531273841858	0.0	2.3450326919555664	2.1056387424468994	0.0	0.07537739723920822	1.2885173559188843	0.0	0.0	0.6419339179992676	0.1479591280221939	1.5210001468658447	1.015791893005371	0.5868607759475708	2.5721144676208496	1.5810269117355347	0.7151714563369751	1.199707269668579	1.2139077186584473	1.5491524934768677	2.395611047744751	2.4535515308380127	0.0	0.0	0.983044445514679	0.3306644856929779	0.0	1.6159732341766357	0.0	0.4089672863483429	0.9041712284088135	0.0	0.0	0.0	0.0	1.2281146049499512	0.8271393775939941	1.4129316806793213	1.7026625871658325	0.0	0.11297814548015594	0.6936238408088684	0.17475390434265137	0.0	1.4790443181991577	1.1818537712097168	2.0980799198150635	0.2627415060997009	1.5756045579910278	0.0	0.07741567492485046	0.5877529382705688	0.0	0.01998474821448326	2.313593864440918	0.0	0.15158867835998535	0.8880322575569153	1.2978633642196655	2.2055420875549316
0.0	0.0	0.0	0.0	0.8567029237747192	0.0	2.2781591415405273	2.1144111156463623	0.0	0.430257111787796	1.1940826177597046	0.0	0.0	0.11757609248161316	0.08555799722671509	1.3572884798049927	0.8479132652282715	0.41020309925079346	2.7715134620666504	1.0715659856796265	0.5480202436447144	0.0	1.583587646484375	1.463547706604004	2.512389659881592	2.7649455070495605	0.0	0.0	1.1329187154769897	0.5076466202735901	0.0	1.9580742120742798	0.3290292024612427	0.0	0.5658490657806396	0.0	0.0	0.0	0.0	1.4302928447723389	0.8053253889083862	1.147037148475647	1.7193934917449951	0.0	0.0	0.5640316009521484	0.0	0.0	1.1644364595413208	0.991668164730072	1.3079860210418701	0.5729349851608276	1.6685922145843506	0.0	0.28266477584838867	0.31279945373535156	0.0	0.0	2.147731065750122	0.0	0.32170194387435913	1.1433582305908203	1.2534139156341553	1.6643548011779785
0.0	0.0	0.0	0.0	0.8929212689399719	0.0	2.5659499168395996	2.215388536453247	0.12128344178199768	0.25363272428512573	0.8275250792503357	0.0	0.0	0.0	0.0	1.5859819650650024	1.3102140426635742	0.0	1.796812653541565	0.6373438835144043	0.26535549759864807	0.8663208484649658	0.8469945192337036	1.3192497491836548	0.8089197278022766	3.178678274154663	0.0	0.0	0.5488852858543396	0.0	0.0	1.8005008697509766	0.0	0.0	1.5827223062515259	0.0	0.0	0.0	0.0	1.3040730953216553	0.7319497466087341	1.8321869373321533	0.799532949924469	0.0	0.0	0.7781831622123718	0.0	0.0	1.0261651277542114	1.5371752977371216	2.0950465202331543	0.8941150307655334	0.7886728644371033	0.0	0.1228727251291275	0.6299924850463867	0.0	0.0	1.443575143814087	0.0	0.0	0.8784675002098083	1.0253487825393677	2.039090633392334
0.0	0.0	0.0	0.0	0.8101101517677307	0.0	2.0395491123199463	2.003203868865967	0.0	0.4403494596481323	1.2516952753067017	0.0	0.0	0.0	0.0	1.5168229341506958	1.0650100708007812	0.2601742446422577	2.2879090309143066	1.0767897367477417	0.5617360472679138	0.2637118399143219	1.4977121353149414	1.7674012184143066	1.4697775840759277	3.2357847690582275	0.0	0.0	1.0930976867675781	0.0	0.0	1.4128109216690063	0.0	0.0	0.8112437725067139	0.0	0.0	0.0	0.0	1.538762092590332	0.8392873406410217	1.6411056518554688	1.2358108758926392	0.0	0.0	0.6720916032791138	0.0	0.0	1.1277483701705933	1.4322813749313354	1.6871837377548218	0.5466507077217102	1.3938853740692139	0.0	0.0373578816652298	0.29841944575309753	0.0	0.0	1.699137806892395	0.0	0.0	1.0997072458267212	0.8723463416099548	1.7203868627548218
0.0	0.0	0.0	0.0	0.8076913952827454	0.0	2.554940700531006	1.567649006843567	0.20291666686534882	0.25647833943367004	0.9578494429588318	0.0	0.0	0.0	0.04051636904478073	0.9820268154144287	1.1880003213882446	0.0	2.1554694175720215	0.9967009425163269	0.4919477701187134	0.0	1.1349964141845703	1.6250181198120117	1.650334119796753	3.3168599605560303	0.0	0.0	0.9105293154716492	0.0	0.0	1.1240429878234863	0.0	0.0	0.7044750452041626	0.0	0.0	0.0	0.0	1.4370278120040894	0.7214791774749756	1.4148967266082764	1.5384423732757568	0.0	0.09633447229862213	0.49375680088996887	0.0	0.0	1.19675874710083	1.5853534936904907	1.623369574546814	0.8803758025169373	0.9853810667991638	0.0	0.1677672415971756	0.19480586051940918	0.0	0.0	1.5380395650863647	0.0	0.0	1.1176961660385132	0.7123735547065735	1.7369532585144043
0.0	0.0	0.0	0.0	0.764995276927948	0.0	2.5497403144836426	1.3765281438827515	0.25639039278030396	0.22952809929847717	0.7377089262008667	0.0	0.0	0.0	0.0	1.3778479099273682	1.2245148420333862	0.03530028089880943	1.9648828506469727	1.0012356042861938	0.5888506174087524	0.0	1.0119874477386475	2.0187160968780518	1.4200432300567627	3.3484537601470947	0.0	0.0	1.3095053434371948	0.0	0.0	1.3470863103866577	0.0	0.0	0.9645154476165771	0.0	0.03244142234325409	0.0	0.0	1.4820390939712524	0.5488476157188416	1.4990047216415405	1.5124481916427612	0.0	0.11653454601764679	0.8567929267883301	0.0	0.0	0.9744494557380676	1.693758487701416	1.5520431995391846	0.32552215456962585	1.3246959447860718	0.0	0.2223764806985855	0.3410521447658539	0.0	0.0	1.5378062725067139	0.0	0.0	1.460066318511963	0.8395564556121826	1.702523112297058
0.0	0.0	0.0	0.0	0.7679165601730347	0.0	2.1193857192993164	1.5168575048446655	0.10263466089963913	0.41156286001205444	0.6336238980293274	0.0	0.0	0.0	0.0	1.409593939781189	0.9481437802314758	0.0	1.9907656908035278	0.8395108580589294	0.35728365182876587	0.0	0.8950067162513733	1.3422867059707642	1.4608722925186157	3.50762939453125	0.0	0.0	0.9116212725639343	0.0	0.0	1.3553069829940796	0.0	0.0	0.9302744269371033	0.0	0.0	0.0	0.0	1.5461448431015015	0.6621578931808472	1.382877230644226	1.3757673501968384	0.0	0.1531212329864502	0.572128176689148	0.0	0.0	1.380921483039856	1.5491961240768433	1.422754168510437	0.4751216471195221	0.937452495098114	0.0	0.17783300578594208	0.16660340130329132	0.0	0.0	1.5460107326507568	0.0	0.0	1.2472788095474243	0.7063021063804626	1.5182214975357056
0.0	0.0	0.0	0.0	1.0221971273422241	0.0	2.262402057647705	1.9107708930969238	0.0	0.2827596068382263	0.9100376963615417	0.0	0.0	0.4071473479270935	0.0	1.2967175245285034	1.092517614364624	0.044335220009088516	2.4344775676727295	1.042489767074585	0.530775785446167	0.0	0.9757155776023865	1.401412844657898	1.6229416131973267	2.697192430496216	0.0	0.0	0.8467634916305542	0.023750420659780502	0.0	1.4776396751403809	0.03454648330807686	0.0	0.7548117637634277	0.0	0.0	0.0	0.0	1.1671617031097412	0.7853098511695862	1.4647622108459473	1.6558573246002197	0.0	0.3770676255226135	0.6999853253364563	0.0	0.0	1.2478294372558594	1.3519960641860962	1.743024230003357	0.9864209890365601	0.9156733155250549	0.0	0.17799514532089233	0.5952376127243042	0.0	0.0	2.22119140625	0.0	0.0	0.9854353070259094	1.327225685119629	1.7128360271453857
0.0	0.0	0.0	0.0	0.8716737031936646	0.0	2.520355463027954	1.9604142904281616	0.017487024888396263	0.3325013518333435	0.9551735520362854	0.0	0.0	0.0	0.0	1.6392967700958252	1.1125222444534302	0.1857811063528061	2.3870785236358643	0.8198063969612122	0.7485957145690918	0.2465345859527588	1.2610787153244019	1.5050735473632812	1.9299585819244385	3.0159597396850586	0.0	0.0	1.0085970163345337	0.14646591246128082	0.0	2.381214141845703	0.28038036823272705	0.0	0.9175460338592529	0.0	0.1861276924610138	0.0	0.0	1.6082974672317505	0.5369839668273926	1.3388707637786865	1.337584137916565	0.0	0.21534009277820587	0.8404691815376282	0.0	0.0	1.0509960651397705	1.2294284105300903	1.7179439067840576	0.03654087707400322	1.6074225902557373	0.0	0.028342852368950844	0.1917620301246643	0.0	0.014713813550770283	1.7717134952545166	0.0	0.007704693824052811	1.3033082485198975	1.5706733465194702	2.3239715099334717
0.0	0.0	0.0	0.0	0.9582101702690125	0.0	2.2441861629486084	1.671563982963562	0.3687799870967865	0.0	0.8733608722686768	0.0	0.0	0.0	0.1937347799539566	1.272885799407959	1.256948471069336	0.0	2.0609383583068848	0.825458824634552	0.6287118792533875	0.18289311230182648	0.9898752570152283	1.52984619140625	1.8606278896331787	3.299240827560425	0.0	0.0	0.8114666938781738	0.0	0.0	2.122455596923828	0.0	0.0	0.778448224067688	0.0	0.0	0.0	0.0	1.4306093454360962	0.5309444069862366	1.486791729927063	1.2305752038955688	0.0	0.17130757868289948	0.6322962641716003	0.0	0.0	1.0121396780014038	1.4884474277496338	1.512323260307312	0.45155707001686096	1.0892457962036133	0.0	0.1949850469827652	0.5632053017616272	0.0	0.0	1.3841172456741333	0.0	0.09351396560668945	1.234905481338501	0.8090817928314209	2.395704746246338
0.0	0.0	0.0	0.0	0.910914957523346	0.0	2.1497180461883545	1.7685185670852661	0.046429552137851715	0.26751166582107544	0.681842565536499	0.0	0.0	0.0	0.018679115921258926	1.5276645421981812	1.0689551830291748	0.0	2.0177571773529053	0.9527683854103088	0.33948734402656555	0.3215368390083313	1.0567671060562134	1.3130735158920288	1.4515186548233032	2.9758338928222656	0.0	0.0	1.0474789142608643	0.15606319904327393	0.0	1.9111708402633667	0.0	0.0	0.995114266872406	0.0	0.03672076761722565	0.0	0.0	1.4742437601089478	0.45281678438186646	1.7343538999557495	1.2740907669067383	0.0	0.10891882330179214	0.7250810265541077	0.0	0.0	1.0304679870605469	1.429091215133667	1.8700851202011108	0.6716763973236084	1.372122049331665	0.0	0.05343485623598099	0.501521646976471	0.0	0.0	1.5136371850967407	0.0	0.0	0.9186441898345947	0.8190848231315613	2.090855360031128
0.0	0.0	0.0	0.0	1.1048189401626587	0.0	2.1846020221710205	1.7367322444915771	0.0	0.21228456497192383	1.21662175655365	0.0	0.0	0.0	0.25530117750167847	1.167176365852356	0.93539959192276	0.6476415991783142	2.500009536743164	1.0650908946990967	0.6472917795181274	0.0	1.2204196453094482	1.5649218559265137	2.2420432567596436	3.0365283489227295	0.0	0.0	1.3127700090408325	0.0	0.0	1.58499276638031	0.0	0.0	0.6234350800514221	0.0	0.0	0.0	0.0	1.5196977853775024	0.7243074178695679	1.5088627338409424	1.6361266374588013	0.0	0.0	0.444726824760437	0.0	0.0	1.2909506559371948	1.2594159841537476	1.5479636192321777	0.2632888853549957	1.8371537923812866	0.0	0.1353493630886078	0.13580597937107086	0.0	0.0	1.6522889137268066	0.0	0.0	1.0413258075714111	0.8358108997344971	1.7654881477355957
0.0	0.0	0.0	0.0	0.920384407043457	0.0	2.102769613265991	1.8312220573425293	0.050463393330574036	0.5051943063735962	1.0221883058547974	0.0	0.0	0.0	0.0	1.1446820497512817	1.1342065334320068	0.22177401185035706	2.527224063873291	1.1021230220794678	0.5533944368362427	0.0	0.9864161014556885	1.3171597719192505	2.209038019180298	3.1151235103607178	0.0	0.0	1.0520401000976562	0.0	0.0	1.7627637386322021	0.0	0.0	1.0215297937393188	0.0	0.0	0.0	0.0	1.3987480401992798	0.6798739433288574	1.4877686500549316	1.4331012964248657	0.0	0.0	0.6346648931503296	0.0	0.0	1.24407958984375	1.2920880317687988	1.564340591430664	0.9546718597412109	1.53602135181427	0.0	0.14425739645957947	0.1938505470752716	0.0	0.0	1.7949692010879517	0.0	0.0	0.8304701447486877	0.713874876499176	1.900656819343567
0.0	0.0	0.0	0.0	0.5705062747001648	0.0	2.249103307723999	1.8552507162094116	0.008941827341914177	0.27864378690719604	1.1055766344070435	0.0	0.0	0.878370463848114	0.0	1.2909914255142212	0.868461012840271	0.0	2.2338674068450928	1.2911139726638794	0.6087397933006287	0.2899075448513031	1.0804328918457031	1.3590495586395264	1.4428845643997192	2.2832682132720947	0.0	0.0	1.0089157819747925	0.031022483482956886	0.0	1.7367005348205566	0.0	0.10897575318813324	0.9687238931655884	0.0	0.0	0.0	0.0	1.505314588546753	0.611726701259613	1.3473845720291138	1.564456582069397	0.0	0.0	0.6424042582511902	0.0	0.0	1.6034656763076782	1.1038473844528198	1.935637354850769	0.6238306760787964	1.0376834869384766	0.0	0.2946154475212097	0.6001843810081482	0.0	0.0	2.2898809909820557	0.0	0.06982039660215378	1.0641570091247559	0.869013249874115	1.9350107908248901
0.0	0.10648240894079208	0.0	0.0	0.7199527025222778	0.0	2.3090076446533203	1.8724099397659302	0.03399040922522545	0.3432847261428833	1.0433543920516968	0.0	0.0	0.0	0.0	1.8098444938659668	0.6982611417770386	0.0	2.391279458999634	1.0004169940948486	0.45638307929039	0.08910387754440308	1.2237460613250732	1.4429627656936646	1.9552394151687622	3.2885212898254395	0.0	0.0	1.1511963605880737	0.001214712276123464	0.0	2.1091935634613037	0.1647612601518631	0.04562578350305557	0.909777045249939	0.0	0.0	0.0	0.0	1.439807653427124	0.7877272367477417	1.738327145576477	1.4186701774597168	0.0	0.03229358792304993	0.459276020526886	0.0	0.0	1.4096629619598389	1.2955880165100098	1.6863309144973755	0.6306936144828796	1.3994745016098022	0.0	0.10293463617563248	0.27414125204086304	0.0	0.057426441460847855	1.7731071710586548	0.0	0.3901345431804657	1.0271865129470825	1.2305238246917725	2.0113332271575928
0.0	0.0	0.0	0.0	0.9184359908103943	0.0	2.5281496047973633	2.0663037300109863	0.2969306409358978	0.03046846017241478	0.8566615581512451	0.0	0.0	0.0404820516705513	0.0	1.425068974494934	1.0353138446807861	0.0	2.2460672855377197	1.2429389953613281	0.5021236538887024	0.25946566462516785	1.3407907485961914	1.7578880786895752	1.8609987497329712	3.5847737789154053	0.0	0.0	1.1745060682296753	0.0	0.0	1.8221584558486938	0.0	0.0	0.9176718592643738	0.0	0.0	0.0	0.0	1.5883841514587402	0.5938379764556885	1.1612391471862793	1.4382356405258179	0.0	0.02361143007874489	0.5829023122787476	0.0	0.0	1.151347041130066	1.2994228601455688	1.6965936422348022	0.08430351316928864	1.6092640161514282	0.0	0.0	0.3569566309452057	0.0	0.0	1.496681571006775	0.0	0.010011095553636551	1.4104477167129517	1.1040793657302856	1.79872465133667
0.0	0.0	0.0	0.0	0.6164190173149109	0.0	1.7048492431640625	1.595901370048523	0.14738012850284576	0.4118855893611908	0.9580067992210388	0.0	0.0	0.1082010269165039	0.052584342658519745	1.483197808265686	1.3080452680587769	0.0	2.141664505004883	1.1296260356903076	0.4468049108982086	0.0	1.166869044303894	1.9101091623306274	1.7396899461746216	3.3612477779388428	0.0	0.0	1.236850380897522	0.0	0.0	2.1776089668273926	0.15742672979831696	0.0	0.7774590253829956	0.0	0.0	0.0	0.0	1.6269053220748901	0.5375077128410339	1.2685188055038452	1.4506691694259644	0.0	0.2765398919582367	0.6282694339752197	0.0	0.0	0.8763172626495361	1.2387621402740479	1.1897401809692383	0.16897830367088318	2.234875202178955	0.0	0.021819593384861946	0.224578857421875	0.0	0.0	1.8472498655319214	0.0	0.0	1.5174438953399658	0.9491705894470215	1.786020278930664
0.0	0.0	0.0	0.0	1.2647491693496704	0.0	2.3963894844055176	1.9011939764022827	0.0408664233982563	0.34583765268325806	0.9817676544189453	0.0	0.0	0.07955194264650345	0.0	1.892487645149231	0.9884742498397827	0.0	2.3955235481262207	0.9373618960380554	0.39563772082328796	0.11157608777284622	1.1265215873718262	1.6131240129470825	1.3930251598358154	2.925784111022949	0.0	0.0	0.7812339067459106	0.05977785959839821	0.0	1.6717332601547241	0.0	0.11567948758602142	1.3181272745132446	0.0	0.0	0.0	0.0	1.4390747547149658	0.6579818725585938	1.3966290950775146	1.2891898155212402	0.0	0.0	0.804922878742218	0.0	0.0	1.0291997194290161	1.4527835845947266	2.0027687549591064	0.6398739218711853	1.0870972871780396	0.0	0.10742369294166565	0.43165257573127747	0.0	0.0	1.9961130619049072	0.0	0.0	1.033314824104309	1.2399086952209473	1.919456958770752
0.0	0.0	0.2634328603744507	0.0	1.041422963142395	0.0	2.323256254196167	2.0930235385894775	0.0	0.35055431723594666	1.2416585683822632	0.0	0.0	0.0	0.03414011746644974	1.315578579902649	0.8595618605613708	0.6332700848579407	2.604895830154419	1.0551486015319824	0.4604973793029785	0.3840498924255371	1.3410604000091553	1.2030985355377197	2.0659549236297607	2.9777779579162598	0.0	0.0	1.0521496534347534	0.2228325456380844	0.0	1.812561273574829	0.0	0.38428017497062683	1.1304023265838623	0.0	0.0956975519657135	0.0	0.0	1.3400365114212036	0.779654860496521	1.6706767082214355	1.4385920763015747	0.0	0.10366734862327576	0.5481343865394592	0.0	0.0	1.368699073791504	1.114323377609253	1.6418061256408691	0.28758782148361206	1.912614107131958	0.0	0.0	0.21750715374946594	0.0	0.0	1.7976876497268677	0.0	0.04723059758543968	0.9746956825256348	1.1714959144592285	1.6916533708572388
0.0	0.0	0.3648814857006073	0.0	1.211644172668457	0.0	2.258030652999878	1.9305826425552368	0.02488962560892105	0.0	1.46638023853302	0.0	0.0	0.1794329285621643	0.24014317989349365	0.9518658518791199	0.9639919996261597	1.0038613080978394	2.6678833961486816	1.3624237775802612	0.7457172274589539	0.19828645884990692	1.1017316579818726	1.6236165761947632	2.4918694496154785	2.6600096225738525	0.0	0.0	0.9522719979286194	0.44328659772872925	0.0	1.9221885204315186	0.0	0.711778998374939	0.6024206876754761	0.0	0.4635937511920929	0.0	0.0	1.4361622333526611	0.7113163471221924	1.623218059539795	1.5961172580718994	0.0	0.0682796910405159	0.8654713034629822	0.0	0.0	1.1130540370941162	1.0010188817977905	1.5723484754562378	0.4268980920314789	1.9767533540725708	0.0	0.17628435790538788	0.315552294254303	0.0	0.0	1.495931625366211	0.0	0.0	0.6723105311393738	1.040017008781433	2.191136121749878
0.0	0.0	0.0	0.0	0.8539257645606995	0.0	2.3961963653564453	1.9962588548660278	0.0	0.2827799320220947	0.9502705335617065	0.0	0.0	0.10882142186164856	0.0	1.7038357257843018	0.8784945607185364	0.0	2.1095781326293945	0.809414267539978	0.19268569350242615	0.24173973500728607	0.940481960773468	1.55609929561615	1.2371324300765991	2.6956639289855957	0.0	0.0	0.916558563709259	0.0	0.0	2.152135133743286	0.0	0.19633731245994568	1.589497447013855	0.0	0.0	0.0	0.0	1.423609972000122	0.706018328666687	1.4621554613113403	1.0529611110687256	0.0	0.0	0.7171851396560669	0.0	0.0	1.2603713274002075	1.5438282489776611	2.294125556945801	0.6794198751449585	1.1610057353973389	0.0	0.0948750302195549	0.3539661467075348	0.0	0.0	1.9191043376922607	0.0	0.09459348022937775	0.9092007875442505	1.1718538999557495	1.87751305103302
0.0	0.0	0.0	0.0	0.9707368612289429	0.0	2.061518430709839	1.92060387134552	0.0	0.1840328425168991	0.9962518215179443	0.0	0.0	0.0	0.15644395351409912	1.2443675994873047	0.9261403679847717	0.37265002727508545	2.537588119506836	0.8788657188415527	0.5292874574661255	0.19969306886196136	1.0730187892913818	1.5133602619171143	2.727219581604004	2.6555840969085693	0.0	0.355449378490448	0.8088769912719727	0.46954187750816345	0.0	1.7553561925888062	0.0	0.012647338211536407	1.1316051483154297	0.0	0.0	0.0	0.0	1.3422045707702637	0.6043656468391418	1.3104095458984375	1.4590919017791748	0.0	0.16666753590106964	0.6737282872200012	0.0	0.0	1.2895790338516235	1.081621527671814	1.7371084690093994	0.9000199437141418	1.5611704587936401	0.0	0.15160627663135529	0.13599582016468048	0.0	0.0	1.9111063480377197	0.0	0.0	0.9395480155944824	0.8823014497756958	1.7701594829559326
0.0	0.0	0.0	0.0	0.5733420848846436	0.0	2.2597384452819824	1.7308791875839233	0.022834619507193565	0.2032347172498703	0.8778282403945923	0.0	0.0	0.2869686782360077	0.0	1.349759817123413	1.2558759450912476	0.5169768929481506	1.9687212705612183	0.9307325482368469	0.5277976989746094	0.2787003815174103	0.8575941920280457	1.6074516773223877	1.6432934999465942	3.445533514022827	0.0	0.0	0.8349592089653015	0.10326897352933884	0.0	1.7541391849517822	0.0	0.0	1.2544503211975098	0.0	0.0	0.0	0.0	1.4333362579345703	0.5805915594100952	1.6015770435333252	1.3870205879211426	0.0	0.33486780524253845	0.8399975895881653	0.0	0.0	1.0360157489776611	1.194114089012146	1.8310511112213135	0.9358755946159363	1.2834677696228027	0.0	0.1198602244257927	0.6651329398155212	0.0	0.0	1.996334195137024	0.0	0.0	1.1725002527236938	1.0731157064437866	2.154928207397461
0.0	0.0	0.0	0.0	0.7875669598579407	0.0	2.5987820625305176	1.7429769039154053	0.1477500945329666	0.5467860698699951	0.7025671005249023	0.0	0.0	0.0	0.0	1.7965843677520752	1.3424224853515625	0.0	2.134563684463501	0.6815855503082275	0.6179517507553101	0.06797396391630173	1.0338014364242554	1.5433127880096436	1.2436156272888184	3.122899293899536	0.0	0.0	1.0410552024841309	0.0	0.0	1.6966476440429688	0.0	0.0	1.0747160911560059	0.0	0.0	0.0	0.0	1.5277609825134277	0.4909944534301758	1.5872688293457031	1.1088764667510986	0.0	0.12695826590061188	0.7921335101127625	0.0	0.0	0.9913111925125122	1.5975983142852783	1.8098593950271606	0.9043082594871521	0.8795092701911926	0.0	0.15073607861995697	0.4281194508075714	0.0	0.0	1.5078336000442505	0.0	0.0	1.3561944961547852	0.9766619205474854	1.9376269578933716
0.0	0.0	0.0	0.0	0.7398117780685425	0.0	2.670391798019409	1.6916098594665527	0.31636378169059753	0.3415418863296509	0.9753220081329346	0.0	0.0	0.0	0.0	1.3006235361099243	1.059092402458191	0.0	2.2498135566711426	0.950918436050415	0.5646511316299438	0.0	1.2283798456192017	1.7808279991149902	1.6189827919006348	3.450181722640991	0.0	0.0	1.0398920774459839	0.0	0.0	1.4918972253799438	0.0	0.0	0.8434452414512634	0.0	0.0	0.0	0.0	1.400272011756897	0.6646041870117188	1.7003060579299927	1.3507248163223267	0.0	0.1087128221988678	0.6149126291275024	0.0	0.0	1.176709771156311	1.6025325059890747	1.4728373289108276	0.527384340763092	1.0817131996154785	0.0	0.15686695277690887	0.25618603825569153	0.0	0.0	1.4590123891830444	0.0	0.0	1.1790822744369507	0.7099649310112	1.7067047357559204
0.0	0.0	0.0	0.0	0.762008011341095	0.0	2.399250030517578	2.0426509380340576	0.0	0.04827222600579262	1.2026026248931885	0.0	0.0	0.22563348710536957	0.12144196033477783	1.3375083208084106	1.2326850891113281	0.3298255205154419	2.417070150375366	0.8886063694953918	0.5103132724761963	0.32268133759498596	1.1054216623306274	1.72834312915802	1.8960800170898438	3.006016254425049	0.0	0.0	1.1507848501205444	0.0	0.0	2.2240710258483887	0.06713838875293732	0.0	1.1619255542755127	0.0	0.0	0.0	0.0	1.5780792236328125	0.5614072680473328	1.2561055421829224	1.4692856073379517	0.0	0.0	0.9167882800102234	0.0	0.0	0.7375732660293579	1.1448887586593628	2.0069878101348877	0.35298481583595276	1.5811820030212402	0.0	0.14263707399368286	0.4468599259853363	0.0	0.0	1.5811145305633545	0.0	0.0	1.6600342988967896	0.922395646572113	1.8944756984710693
0.0	0.0	0.0	0.0	0.861927330493927	0.0	2.085308313369751	1.8775826692581177	0.04386419802904129	0.2450258880853653	0.9767813682556152	0.0	0.0	0.0	0.0	1.671949863433838	1.2254425287246704	0.0007044592057354748	2.3510968685150146	0.8564666509628296	0.30714455246925354	0.468671590089798	1.2840654850006104	1.3855228424072266	1.5375856161117554	3.110501527786255	0.0	0.0	0.9613081216812134	0.062382008880376816	0.0	1.5767897367477417	0.0	0.0	1.3180183172225952	0.0	0.0	0.0	0.0	1.4398194551467896	0.6991106867790222	1.3728647232055664	1.1593286991119385	0.0	0.15048280358314514	0.654922604560852	0.0	0.0	1.1558918952941895	1.227596640586853	1.8959202766418457	0.42871081829071045	1.459791660308838	0.0	0.0	0.4429924786090851	0.0	0.0	1.6905534267425537	0.0	0.0	1.108266830444336	1.0357214212417603	2.2382640838623047
0.0	0.0	0.0	0.0	0.6861305236816406	0.0	2.2169902324676514	2.318610906600952	0.0	0.1995755285024643	1.0684677362442017	0.0	0.0	0.0	0.06949392706155777	1.442642331123352	0.7661095261573792	0.2815743088722229	2.762697696685791	0.9903615713119507	0.4838591516017914	0.26516833901405334	1.369994044303894	1.5832996368408203	1.9126191139221191	3.0725555419921875	0.0	0.0	1.2475239038467407	0.0	0.0	1.8153268098831177	0.0	0.0	0.8146603107452393	0.0	0.0	0.0	0.0	1.646102786064148	0.7922870516777039	1.674822449684143	1.24801504611969	0.0	0.004322083201259375	0.496099591255188	0.0	0.0	1.0797605514526367	1.1005539894104004	1.575724720954895	0.46228259801864624	1.583114743232727	0.0	0.0	0.23543322086334229	0.0	0.0	1.7423412799835205	0.0	0.19800058007240295	1.104778528213501	1.1207470893859863	2.2007265090942383
0.0	0.0	0.0	0.0	0.9571660757064819	0.0	2.3650059700012207	1.9619369506835938	0.2501629590988159	0.0	0.8902096748352051	0.0	0.0	0.7911003232002258	0.08157462626695633	1.5018097162246704	1.5268796682357788	0.4461427330970764	2.3893957138061523	1.5413495302200317	0.5887203812599182	0.5175033807754517	1.282787799835205	2.057089328765869	2.134979486465454	2.990459680557251	0.0	0.0	1.1934118270874023	0.2943853437900543	0.0	2.425122022628784	0.0	0.30237478017807007	0.8035418391227722	0.0	0.016763871535658836	0.0	0.3242107927799225	1.6240965127944946	0.40611493587493896	1.2811903953552246	1.4575855731964111	0.0	0.6929583549499512	0.6277923583984375	0.0	0.0	1.0559816360473633	1.6415586471557617	1.6983006000518799	0.502791702747345	1.073071837425232	0.0	0.3968580365180969	0.7115263938903809	0.0	0.12275897711515427	1.8831075429916382	0.0	0.0	1.625045657157898	1.0285158157348633	1.9707056283950806
0.0	0.0	0.0	0.0	0.9929891228675842	0.0	2.399996519088745	2.1147396564483643	0.17336951196193695	0.21572132408618927	0.8754805326461792	0.0	0.0	0.0	0.0	1.7357596158981323	0.8642404675483704	0.0	2.0518457889556885	0.7330018281936646	0.24301229417324066	0.7071385979652405	1.1654695272445679	1.453039526939392	1.5650111436843872	3.2779324054718018	0.0	0.0	0.900284469127655	0.0	0.0	1.6829496622085571	0.0	0.0	0.9858695268630981	0.0	0.0	0.0	0.0	1.3507225513458252	0.655164897441864	1.7314902544021606	1.16566801071167	0.0	0.2177903950214386	0.799640417098999	0.0	0.0	1.0555284023284912	1.6040681600570679	1.7955877780914307	0.6814624071121216	1.0763849020004272	0.0	0.08034901320934296	0.5563625693321228	0.0	0.0	1.4398432970046997	0.0	0.14578993618488312	0.9416462779045105	1.0130361318588257	2.0777382850646973
0.0	0.0	0.1508108526468277	0.0	0.8491076827049255	0.0	2.5588126182556152	2.0618464946746826	0.12920230627059937	0.16189788281917572	1.2111234664916992	0.0	0.0	0.0	0.0	1.5555024147033691	0.8461410999298096	0.00012075580889359117	2.467501640319824	0.9413771629333496	0.34078890085220337	0.28906726837158203	0.9213341474533081	1.554598331451416	1.6453688144683838	3.060936212539673	0.0	0.0	0.8878296613693237	0.5931442379951477	0.0	1.607185959815979	0.11643107235431671	0.09702048450708389	1.2674638032913208	0.0	0.14697112143039703	0.0	0.0	1.5186697244644165	0.7670838236808777	1.4692634344100952	1.514419674873352	0.0	0.31684550642967224	0.7764922976493835	0.0	0.0	1.2558529376983643	1.4951322078704834	1.6322081089019775	0.6418628692626953	1.1684609651565552	0.0	0.0241722259670496	0.28606104850769043	0.0	0.0	1.5003145933151245	0.0	0.008607160300016403	1.1741520166397095	0.67197585105896	2.4650988578796387
0.0	0.0	0.0	0.0	1.0407828092575073	0.0	2.3699374198913574	1.8851001262664795	0.22824160754680634	0.11850016564130783	0.8279973268508911	0.0	0.0	0.0	0.0	1.578332781791687	1.1136412620544434	0.0	2.311016321182251	0.956224262714386	0.5779015421867371	0.5549132823944092	1.230603814125061	1.394465684890747	1.913832664489746	3.1642909049987793	0.0	0.0	0.9390798211097717	0.0	0.0	1.8589003086090088	0.0	0.0	1.185981273651123	0.0	0.0	0.0	0.0	1.2950884103775024	0.7814804315567017	1.3516979217529297	1.1797459125518799	0.0	0.22574569284915924	0.8351647853851318	0.0	0.0	1.1571087837219238	1.2166869640350342	1.8033573627471924	0.34290727972984314	1.3019986152648926	0.0	0.0	0.44456902146339417	0.0	0.06675104051828384	1.4440300464630127	0.0	0.0	1.2191482782363892	1.4271280765533447	2.1883938312530518
0.0	0.0	0.0	0.0	1.380746603012085	0.0	2.0401229858398438	2.157970428466797	0.24992434680461884	0.2944636940956116	0.931932806968689	0.0	0.0	0.0	0.0	1.5627022981643677	1.098956823348999	0.5024085640907288	2.474262237548828	0.8039178848266602	0.48949334025382996	0.9688296318054199	1.4036544561386108	1.3595333099365234	1.981730580329895	3.2035298347473145	0.0	0.0	0.9500126838684082	0.0	0.0	2.090484142303467	0.0	0.0	1.0073715448379517	0.0	0.0	0.0	0.0	1.4236096143722534	0.5150895118713379	1.5004276037216187	1.2264626026153564	0.0	0.178860604763031	0.592949628829956	0.046607017517089844	0.0	0.9450012445449829	0.8120073676109314	1.7531335353851318	0.7992050647735596	1.8309822082519531	0.0	0.0	0.643694281578064	0.0	0.0	1.7869294881820679	0.0	0.0	1.393364667892456	1.3168467283248901	1.9535549879074097
0.0	0.0	0.0	0.0	0.8885599970817566	0.0	2.516470432281494	2.0656051635742188	0.2642756998538971	0.25501617789268494	0.7981340289115906	0.0	0.0	0.0	0.0	1.2784148454666138	1.00214684009552	0.0	1.9900825023651123	0.6566036343574524	0.3687758147716522	0.12115471065044403	1.1710143089294434	1.3578013181686401	1.2583035230636597	3.2521581649780273	0.0	0.0	0.9270818829536438	0.0	0.0	1.0477266311645508	0.0	0.0	1.2254486083984375	0.0	0.0	0.0	0.0	1.3653510808944702	0.5878888368606567	1.4519468545913696	1.0397186279296875	0.0	0.02680344320833683	0.7340709567070007	0.04187215492129326	0.0	1.055191993713379	1.5201787948608398	2.0711545944213867	0.5900723338127136	0.9254610538482666	0.0	0.06415793299674988	0.3751959204673767	0.0	0.0	1.320340871810913	0.0	0.0	0.931870698928833	0.8949652910232544	1.5813943147659302
0.0	0.0	0.0	0.0	0.9537156224250793	0.0	1.975464940071106	1.8452672958374023	0.15876443684101105	0.005589645355939865	0.7007484436035156	0.0	0.0	0.11858145147562027	0.07155363261699677	1.3155241012573242	1.231356143951416	0.2193215936422348	2.1848599910736084	0.7465534806251526	0.31902867555618286	0.3915165364742279	1.098768711090088	1.5764292478561401	2.5895752906799316	3.0259335041046143	0.0	0.0	0.8486570715904236	0.373975545167923	0.36575400829315186	2.1803176403045654	0.0	0.1546163111925125	1.0871508121490479	0.0	0.0	0.0	0.0	1.3988786935806274	0.5928391814231873	1.5448709726333618	1.2186589241027832	0.0	0.5789798498153687	0.4627223610877991	0.0	0.0	0.8751574754714966	1.4805254936218262	1.595763087272644	0.586998462677002	1.3543272018432617	0.0	0.013012767769396305	0.5183280110359192	0.0	0.0	1.452681064605713	0.0	0.20989099144935608	1.1377664804458618	1.1288148164749146	2.591301679611206
0.0	0.0	0.0	0.0	0.9083979725837708	0.0	2.1336236000061035	1.5962802171707153	0.3045288324356079	0.35073330998420715	0.7447718381881714	0.0	0.0	0.0	0.0	1.4138343334197998	1.0219014883041382	0.0	2.057826519012451	0.7037999033927917	0.46347522735595703	0.11438006907701492	1.292138695716858	1.3725378513336182	1.4433199167251587	3.203603506088257	0.0	0.0	0.9779990911483765	0.0	0.0	1.2754899263381958	0.06672219932079315	0.0	0.9494702219963074	0.0	0.0	0.0	0.0	1.437600016593933	0.5750278234481812	1.2631644010543823	1.301559329032898	0.0	0.3070659041404724	0.5088772177696228	0.0	0.0	1.1808642148971558	1.6654072999954224	1.4666143655776978	0.4677448868751526	1.2971643209457397	0.0	0.050903934985399246	0.43848416209220886	0.0	0.0	1.427506685256958	0.0	0.0	1.5258007049560547	0.8217791318893433	2.0476737022399902
0.0	0.0	0.0	0.0	0.8788736462593079	0.0	2.2600207328796387	1.7566906213760376	0.015518983826041222	0.1905188411474228	1.026692271232605	0.0	0.0	0.0	0.1868886649608612	1.457939863204956	0.9839923977851868	0.6085648536682129	2.503506898880005	0.9188829660415649	0.558395266532898	0.2868732213973999	1.3644142150878906	1.5082894563674927	2.2258784770965576	3.397791862487793	0.0	0.0	1.2876875400543213	0.0	0.0	2.518509864807129	0.0	0.0	0.5991560220718384	0.0	0.0	0.0	0.0	1.6506497859954834	0.606514573097229	1.6480183601379395	1.6720471382141113	0.0	0.15720795094966888	0.6436244249343872	0.0	0.0	1.155555009841919	1.2568888664245605	1.4610000848770142	0.3169960677623749	1.8394207954406738	0.0	0.05065423995256424	0.2853587567806244	0.0	0.0	1.9047902822494507	0.0	0.23702594637870789	1.2893563508987427	0.9339123368263245	2.1367955207824707
0.0	0.0	0.0	0.0	1.2952392101287842	0.0	1.881820559501648	1.7372686862945557	0.489583820104599	0.21779212355613708	1.1011652946472168	0.0	0.0	0.7888489961624146	0.45716363191604614	1.2349660396575928	1.6168646812438965	1.1854969263076782	2.6858901977539062	1.049849033355713	0.9804714918136597	0.1476358026266098	0.7335038781166077	1.2650535106658936	2.5891025066375732	2.7340168952941895	0.0	0.0	0.8434031009674072	1.368739128112793	0.03687695786356926	2.027747631072998	0.0	0.0	0.4692552089691162	0.0	0.0	0.0	0.0	1.277354121208191	0.43355709314346313	1.1920946836471558	1.5004925727844238	0.0	0.19466127455234528	0.7059385776519775	0.29359742999076843	0.0	0.9265022873878479	0.7041828036308289	1.290436029434204	0.47742119431495667	1.941094160079956	0.0	0.26368263363838196	0.7532745003700256	0.0	0.0	1.641846776008606	0.0	0.0	1.191490888595581	0.7774534225463867	1.9941327571868896
0.0	0.0	0.0	0.0	0.9365024566650391	0.0	2.511368751525879	1.9269334077835083	0.039218056946992874	0.3566243648529053	0.8132450580596924	0.0	0.0	0.08717016875743866	0.0	1.6906657218933105	1.296288013458252	0.0	1.7487678527832031	0.9912341237068176	0.34815648198127747	0.33427464962005615	1.3457047939300537	1.37994384765625	1.2486515045166016	3.2237789630889893	0.0	0.0	1.1703283786773682	0.0	0.0	1.7098743915557861	0.0	0.0	1.0663834810256958	0.0	0.0	0.0	0.0	1.460231065750122	0.6165167689323425	1.3702547550201416	1.6825741529464722	0.0	0.0038817741442471743	0.9360545873641968	0.0	0.0	0.9288232326507568	1.354266881942749	1.807754635810852	0.5068033933639526	0.7977694869041443	0.0	0.14817048609256744	0.6915178298950195	0.0	0.0	1.7482106685638428	0.0	0.0	1.3918763399124146	1.3213567733764648	1.7766488790512085
0.0	0.0	0.0	0.0	0.7342658042907715	0.0	2.180147647857666	2.220771312713623	0.5181705355644226	0.19697773456573486	0.9106600284576416	0.0	0.0	0.02603679709136486	0.0	1.9015007019042969	1.16766357421875	0.0	1.6740533113479614	0.3449559807777405	0.32932451367378235	0.6407341957092285	1.364540457725525	1.5020941495895386	1.387600302696228	3.3967010974884033	0.0	0.0	0.9618200659751892	0.5454992055892944	0.0	1.5658037662506104	0.6434156894683838	0.0	1.052230954170227	0.0	0.0	0.0	0.0	1.3309980630874634	0.6150010228157043	1.5924091339111328	1.0107897520065308	0.0	0.11850301176309586	0.7095495462417603	0.0	0.0	0.8169324398040771	1.5996155738830566	1.780194640159607	1.326694369316101	1.0704094171524048	0.0	0.0896485224366188	0.6643795371055603	0.0	0.0	1.3823494911193848	0.0	0.0	1.2467982769012451	1.1777082681655884	2.1751842498779297
0.0	0.0	0.0	0.0	1.2797439098358154	0.0	2.214362382888794	1.8758753538131714	0.4672245979309082	0.11235584318637848	0.8827654123306274	0.0	0.0	0.31133776903152466	0.10948251932859421	1.5168814659118652	1.2363898754119873	0.9847204089164734	2.4085450172424316	1.0374019145965576	0.7181227207183838	0.26432687044143677	1.0925592184066772	1.4452879428863525	2.357074022293091	2.7238078117370605	0.0	0.0	1.249139666557312	0.8009967803955078	0.0	1.9399052858352661	0.7161380052566528	0.0	0.5370780825614929	0.0	0.0	0.0	0.0	1.2394026517868042	0.600225031375885	1.2657853364944458	1.70161771774292	0.0	0.18518556654453278	0.9793171286582947	0.0	0.0	0.9339178204536438	0.6595125794410706	1.5840650796890259	0.3345239460468292	1.7072781324386597	0.0	0.18520379066467285	0.6810610890388489	0.0	0.0	1.8909406661987305	0.0	0.0	1.2571264505386353	1.1167058944702148	2.2054808139801025
0.0	0.0	0.0	0.0	0.7599977850914001	0.0	2.0494346618652344	1.9560441970825195	0.024062691256403923	0.17514768242835999	0.8095749616622925	0.0	0.0	0.05812620371580124	0.0	1.664311170578003	0.9161534309387207	0.11877837032079697	2.180344581604004	0.943297803401947	0.5361827611923218	0.7483851909637451	1.4007600545883179	1.3596773147583008	1.3404711484909058	2.598231554031372	0.0	0.0	1.0045701265335083	0.37289300560951233	0.0	1.8649084568023682	0.1650494784116745	0.0	1.1267263889312744	0.0	0.0	0.0	0.0	1.3827491998672485	0.5756915211677551	1.4906251430511475	1.2264848947525024	0.0	0.0746050551533699	0.7844562530517578	0.0	0.0	1.0913032293319702	1.2506264448165894	2.042574882507324	0.7874246835708618	1.5469876527786255	0.0	0.15399593114852905	0.31963980197906494	0.0	0.0	1.7769451141357422	0.0	0.0	1.340588927268982	1.4271063804626465	2.1930994987487793
0.0	0.0	0.0	0.0	0.8416545391082764	0.0	2.295903444290161	2.2158827781677246	0.22343261539936066	0.39482611417770386	0.8131716847419739	0.0	0.0	0.0	0.043473247438669205	1.551221489906311	1.1015102863311768	0.0	1.9036870002746582	0.792657196521759	0.45819246768951416	0.2930266559123993	1.4914131164550781	1.4952656030654907	1.3139331340789795	3.356767177581787	0.0	0.0	0.9304955005645752	0.0	0.0	1.3781163692474365	0.0	0.0	0.8551381826400757	0.0	0.0	0.0	0.0	1.4550354480743408	0.6672054529190063	1.5925942659378052	1.166167974472046	0.0	0.08913758397102356	0.6910674571990967	0.0	0.0	1.150913119316101	1.42820405960083	1.6802726984024048	0.5500131249427795	1.1470222473144531	0.0	0.10795627534389496	0.43764740228652954	0.0	0.0	1.4158003330230713	0.0	0.0	1.3020610809326172	0.8681303262710571	1.6229907274246216
0.0	0.0	0.0	0.0	0.868182361125946	0.0	2.5177009105682373	1.9501936435699463	0.17651760578155518	0.40251263976097107	0.7800101637840271	0.0	0.0	0.0	0.0	1.4748773574829102	1.1568260192871094	0.0	2.1308183670043945	0.9408993721008301	0.46019670367240906	0.31734374165534973	1.2224807739257812	1.5637341737747192	1.5332196950912476	3.364811420440674	0.0	0.0	1.0278630256652832	0.0	0.0	1.383789300918579	0.0	0.0	0.8169892430305481	0.0	0.0	0.0	0.0	1.4641832113265991	0.5260114669799805	1.4924020767211914	1.2357197999954224	0.0	0.02769097499549389	0.8304027318954468	0.0	0.0	0.9763315320014954	1.4763779640197754	1.5674352645874023	0.5528715252876282	1.2149477005004883	0.0	0.05841135233640671	0.5219140648841858	0.0	0.0	1.4488884210586548	0.0	0.0	1.2134839296340942	1.0565811395645142	1.757392168045044
0.0	0.0	0.0	0.0	0.9803073406219482	0.0	2.33705472946167	1.9494692087173462	0.0	0.09571583569049835	1.4005471467971802	0.0	0.0	0.19887784123420715	0.21982057392597198	1.100866436958313	1.0142135620117188	1.0806657075881958	2.783144950866699	1.3007192611694336	0.7585517168045044	1.01264488697052	1.5060855150222778	1.423287272453308	2.0898609161376953	2.4611709117889404	0.0	0.0	1.2271249294281006	0.28661173582077026	0.0	1.6765633821487427	0.0	0.0	1.0781646966934204	0.0	0.0	0.0	0.0	1.466323733329773	0.6682859659194946	1.4076803922653198	1.7312055826187134	0.0	0.24207110702991486	0.698794960975647	0.3626326024532318	0.0	1.11541748046875	0.5862574577331543	1.6868031024932861	0.29247644543647766	1.8697459697723389	0.0	0.07574974745512009	0.48858270049095154	0.0	0.0	2.0205178260803223	0.0	0.0	1.001058578491211	0.9990322589874268	1.7890398502349854
0.0	0.0	0.0	0.0	0.7373627424240112	0.0	2.522490978240967	1.900288701057434	0.19124457240104675	0.3909616768360138	1.0023490190505981	0.0	0.0	0.0	0.00460822694003582	1.1131633520126343	0.9594125151634216	0.16771884262561798	2.1594085693359375	0.8748849630355835	0.32008814811706543	0.0	1.2120184898376465	1.4237697124481201	1.9460599422454834	3.431814432144165	0.0	0.0	0.9647291302680969	0.0	0.0	1.6297481060028076	0.0	0.0	0.949474573135376	0.0	0.0	0.0	0.0	1.3285735845565796	0.6657835245132446	1.6722908020019531	1.4363209009170532	0.0	0.04517555236816406	0.5090798139572144	0.0	0.0	1.1511543989181519	1.8119852542877197	1.6647021770477295	0.67585289478302	1.3390531539916992	0.0	0.14228932559490204	0.21935544908046722	0.0	0.0	1.8427492380142212	0.0	0.0	0.9859081506729126	1.0034853219985962	1.3123761415481567
0.0	0.0	0.0	0.0	0.8443374037742615	0.0	2.016941547393799	1.608500599861145	0.46204906702041626	0.09801070392131805	1.2787681818008423	0.0	0.0	0.34569963812828064	0.3600718379020691	1.1494024991989136	1.1001211404800415	1.0186574459075928	2.5701425075531006	1.0774462223052979	0.8997121453285217	0.7032880783081055	1.4236525297164917	1.4465107917785645	2.4046921730041504	3.091477870941162	0.0	0.05601958930492401	1.1857457160949707	0.6428653001785278	0.0	1.3713479042053223	0.0	0.0	0.3964397609233856	0.0	0.0	0.0	0.0	1.4552911520004272	0.6568974852561951	1.1983290910720825	1.7373462915420532	0.0	0.17734883725643158	0.5343483090400696	0.0	0.0	1.1357603073120117	0.9770916700363159	1.3257187604904175	0.7655497193336487	1.5977715253829956	0.0	0.18902143836021423	0.39586707949638367	0.0	0.0	1.8689744472503662	0.0	0.0	1.7257134914398193	0.7676421403884888	1.452985167503357
0.0	0.0	0.0	0.0	0.7575801610946655	0.0	2.7772181034088135	1.6830047369003296	0.08075492084026337	0.20612578094005585	0.9606071710586548	0.0	0.0	0.044183023273944855	0.05330526456236839	1.3903061151504517	0.9813661575317383	0.21460066735744476	2.1322286128997803	1.0302693843841553	0.34400829672813416	0.01367398351430893	0.8973543643951416	1.389266014099121	2.0700454711914062	2.9418983459472656	0.0	0.0	0.9892908930778503	0.16318677365779877	0.0	1.8255678415298462	0.0	0.4490046501159668	0.8575243353843689	0.0	0.0	0.0	0.0	1.1980441808700562	0.6102081537246704	1.5955227613449097	1.2767459154129028	0.0	0.0802958756685257	0.733625054359436	0.0	0.0	1.0277469158172607	1.4944069385528564	1.8984947204589844	0.5896852612495422	1.6060742139816284	0.0	0.12317000329494476	0.2929663062095642	0.0	0.0	1.707444667816162	0.0	0.0	0.9746473431587219	1.1009478569030762	2.0101163387298584
0.0	0.0	0.0	0.0	0.855438232421875	0.0	1.8963345289230347	1.6218305826187134	0.131204292178154	0.07325201481580734	1.167636513710022	0.0	0.0	0.25274214148521423	0.4122333228588104	1.3127638101577759	1.316441297531128	1.1505589485168457	2.791379928588867	1.316200613975525	0.8815163373947144	0.4230056405067444	0.9443062543869019	1.6814781427383423	2.3751931190490723	2.7220206260681152	0.0	0.0	1.1092790365219116	0.7931778430938721	0.0	2.0404629707336426	0.0	0.0	0.6489172577857971	0.0	0.02166748233139515	0.0	0.0	1.2708967924118042	0.5129348635673523	1.3399769067764282	1.634303092956543	0.0	0.3165529668331146	0.7305894494056702	0.0	0.0	1.0117082595825195	0.8512195348739624	1.4522377252578735	0.6960684657096863	1.9699839353561401	0.0	0.045271191745996475	0.4676046371459961	0.0	0.0	1.756231427192688	0.0	0.0	0.9753323793411255	1.054677128791809	1.9204936027526855
0.0	0.0	0.0	0.0	0.9575456380844116	0.0	2.210763931274414	1.565585970878601	0.148040771484375	0.23267534375190735	0.6707423329353333	0.0	0.0	0.1155937910079956	0.0	1.3452041149139404	1.3563597202301025	0.0	2.0320258140563965	0.9448292255401611	0.545958399772644	0.009852401912212372	1.1759272813796997	1.658176302909851	1.6048388481140137	3.35538911819458	0.0	0.0	1.1204675436019897	0.0	0.0	1.5487592220306396	0.0	0.0	0.6680713295936584	0.0	0.0	0.0	0.0	1.65127694606781	0.4692332148551941	1.279175043106079	1.5697749853134155	0.0	0.16400046646595	0.5313432216644287	0.0	0.0	1.0248559713363647	1.5143940448760986	1.4945138692855835	0.904323935508728	1.3771958351135254	0.0	0.19610819220542908	0.35421010851860046	0.0	0.0	1.6673964262008667	0.0	0.06653479486703873	1.4452197551727295	0.7779926061630249	1.377468466758728
0.0	0.0	0.0	0.0	1.2354271411895752	0.0	2.3118209838867188	2.058407783508301	0.0	0.2600761353969574	1.3117448091506958	0.0	0.0	0.13692837953567505	0.0	1.409022569656372	1.021162748336792	0.6855199933052063	2.547049045562744	1.2133122682571411	0.683612048625946	0.4901251792907715	1.0035154819488525	1.6884150505065918	1.9230682849884033	2.5636889934539795	0.0	0.0	1.1560554504394531	0.4024044871330261	0.0	2.336038589477539	0.0	0.1902855485677719	1.1559298038482666	0.0	0.05070978403091431	0.0	0.0	1.2122458219528198	0.6927410364151001	1.6305749416351318	1.4619966745376587	0.0	0.09465877711772919	0.8871780633926392	0.2531091570854187	0.0	1.1276071071624756	1.001850962638855	1.8342437744140625	0.26964542269706726	1.6684279441833496	0.0	0.0009084105840884149	0.5707198977470398	0.0	0.0	1.8671926259994507	0.0	0.0	0.9163678884506226	1.2455971240997314	2.219437599182129
0.0	0.0	0.0	0.0	0.624808669090271	0.0	2.6276021003723145	1.6409357786178589	0.27247801423072815	0.32977816462516785	0.9429392218589783	0.0	0.0	0.14022967219352722	0.0	1.6581608057022095	1.040204644203186	0.0	2.0448696613311768	0.8939242362976074	0.4236535429954529	0.8998767137527466	1.340108871459961	2.145033597946167	1.806715965270996	2.853102922439575	0.0	0.0	1.1699447631835938	0.0	0.0	1.537050724029541	0.0	0.0	1.272564172744751	0.0	0.0	0.0	0.0	1.4059398174285889	0.6889248490333557	1.0244327783584595	1.4726437330245972	0.0	0.11991441994905472	0.8042421936988831	0.0	0.0	1.192657470703125	1.4833987951278687	1.6862136125564575	0.3731638193130493	1.4494824409484863	0.0	0.1784776747226715	0.2990263104438782	0.0	0.0	1.7672845125198364	0.0	0.0	1.5417932271957397	1.0054712295532227	1.9192018508911133
0.0	0.0	0.0	0.0	0.8985775709152222	0.0	2.5441746711730957	2.0437469482421875	0.5139531493186951	0.5204541683197021	0.7734672427177429	0.0	0.0	0.20771077275276184	0.0	1.9550771713256836	1.1743062734603882	0.0	2.0958969593048096	0.8826379776000977	0.46596354246139526	0.21642009913921356	1.4997700452804565	1.6980981826782227	1.4298043251037598	2.8526153564453125	0.0	0.0	1.207688331604004	0.015552855096757412	0.0	1.626502275466919	0.7584415078163147	0.0	0.9747714400291443	0.0	0.0	0.0	0.0	1.5432770252227783	0.669284462928772	1.4672497510910034	1.3173280954360962	0.0	0.08951348811388016	0.805751383304596	0.0	0.0	1.1276793479919434	1.3260037899017334	1.8367873430252075	0.10827095061540604	0.7840589880943298	0.0	0.08262953907251358	0.7191954851150513	0.0	0.0	1.457455039024353	0.0	0.09257730096578598	1.3702679872512817	1.5564815998077393	2.3867037296295166
0.0	0.0	0.0	0.0	0.8569313287734985	0.0	2.2066540718078613	1.7387144565582275	0.2094029188156128	0.3127879500389099	0.5764673352241516	0.0	0.0	0.0	0.0	1.8767870664596558	1.014931321144104	0.0	1.9572714567184448	0.5185924172401428	0.36611196398735046	0.841097354888916	1.3095535039901733	1.494051456451416	1.604239583015442	2.9363133907318115	0.0	0.0	0.7276961803436279	0.0	0.0	1.545050859451294	0.016611767932772636	0.0	0.9213882684707642	0.0	0.11081264168024063	0.0	0.0	1.3726367950439453	0.6383587121963501	1.5807881355285645	1.0219725370407104	0.0	0.3324511647224426	0.7170528769493103	0.0	0.0	0.8418146371841431	1.7278193235397339	1.8502061367034912	0.48800644278526306	1.1121586561203003	0.0	0.11701110005378723	0.5423790216445923	0.0	0.0	1.2902756929397583	0.0	0.16289247572422028	1.4240670204162598	1.2248151302337646	2.437575101852417
0.0	0.0	0.2921020984649658	0.0	0.9547499418258667	0.0	2.0211029052734375	2.111902952194214	0.0	0.029473504051566124	1.0947035551071167	0.0	0.0	0.39021629095077515	0.04939230903983116	1.8651845455169678	1.2518563270568848	0.0	2.0502893924713135	0.5048298239707947	0.4746684730052948	1.0810060501098633	0.9343481659889221	1.6047180891036987	1.4402430057525635	2.8267178535461426	0.0	0.12465877830982208	0.8655190467834473	0.6182460784912109	0.0	2.312727928161621	0.11670093238353729	0.05542222037911415	1.0954275131225586	0.0	0.14211462438106537	0.0	0.0	1.491827368736267	0.46156933903694153	1.100387454032898	1.163892388343811	0.0	0.2724917531013489	0.8209022283554077	0.23214703798294067	0.0	0.8245649337768555	1.3272637128829956	1.88278329372406	0.6862879991531372	1.5003929138183594	0.0	0.13469411432743073	0.5150769352912903	0.0	0.0	1.7521743774414062	0.0	0.0	1.668867588043213	0.8307914137840271	2.2710211277008057
0.0	0.0	0.0	0.0	0.304015189409256	0.0	2.2185518741607666	1.2876389026641846	0.11999857425689697	0.22175581753253937	0.8960087895393372	0.0	0.0	0.027170300483703613	0.0	1.431342363357544	1.258927583694458	0.0	2.04063081741333	1.0453041791915894	0.4618363082408905	0.0	0.9719028472900391	1.8485690355300903	1.5882312059402466	3.0005359649658203	0.0	0.0	0.8971540331840515	0.0	0.0	1.9974626302719116	0.0	0.1013694480061531	1.0666264295578003	0.0	0.0	0.0	0.0	1.602943778038025	0.8440437912940979	1.0698457956314087	1.6615365743637085	0.0	0.3225492537021637	0.6446832418441772	0.0	0.0	1.3133941888809204	1.5911917686462402	1.5902163982391357	0.27450212836265564	1.5676926374435425	0.0	0.467134952545166	0.1619306206703186	0.0	0.03883635625243187	2.070380210876465	0.0	0.0	1.4185999631881714	0.9818735718727112	1.9885300397872925
0.0	0.0	0.11806055158376694	0.0	0.9826940894126892	0.0	2.6179184913635254	2.282349109649658	0.0	0.172296941280365	0.9171654582023621	0.0	0.0	0.0	0.0	1.7109614610671997	1.0088746547698975	0.0	2.134873867034912	0.9280950427055359	0.26341110467910767	0.4043055772781372	1.2258009910583496	1.4178006649017334	1.8493064641952515	3.2796919345855713	0.0	0.0	0.7960696816444397	0.0	0.0	2.2398681640625	0.0	0.386922150850296	0.9437742829322815	0.0	0.0	0.0	0.0	1.4075502157211304	0.701435923576355	1.3922775983810425	1.1964824199676514	0.0	0.16402015089988708	0.6440914273262024	0.0	0.0	1.085241436958313	1.6113876104354858	2.1005799770355225	0.6680623888969421	1.1819560527801514	0.0	0.07698395103216171	0.5105993747711182	0.0	0.0	1.9228450059890747	0.0	0.3917265236377716	0.7637967467308044	1.4587690830230713	2.173555374145508
0.0	0.0	0.0	0.0	1.0087932348251343	0.0	1.8119615316390991	2.010408401489258	0.0007574079791083932	0.06306992471218109	1.3202682733535767	0.0	0.0	0.7967631816864014	0.13359734416007996	1.3064056634902954	1.1836044788360596	0.9076685309410095	2.802036762237549	1.1945083141326904	0.7319439649581909	0.5888974070549011	1.1760655641555786	1.8435925245285034	2.4516756534576416	2.3794586658477783	0.0	0.0	0.9802841544151306	0.9692020416259766	0.0	2.1310346126556396	0.019405784085392952	0.07645516842603683	0.5925617814064026	0.0	0.03226878121495247	0.0	0.0	1.4923791885375977	0.6910576224327087	1.1862491369247437	1.6903235912322998	0.0	0.4552574157714844	0.8277097940444946	0.3431417942047119	0.0	0.9891499280929565	1.2748985290527344	1.7723859548568726	0.14982794225215912	1.726534128189087	0.0	0.31563493609428406	0.7742881774902344	0.0	0.0	1.964996099472046	0.0	0.0	1.3193941116333008	0.8026689291000366	2.193905830383301
0.0	0.0	0.0	0.0	0.7824990153312683	0.0	2.2822353839874268	1.9910202026367188	0.0	0.28211817145347595	0.8360547423362732	0.0	0.0	0.1288975477218628	0.0	1.7122676372528076	0.7755201458930969	0.0	2.1772677898406982	0.9607378840446472	0.33015578985214233	0.585928201675415	1.275504469871521	1.4584585428237915	1.5277652740478516	2.850586175918579	0.0	0.0	1.1907246112823486	0.0	0.0	1.7817834615707397	0.3727250397205353	0.0042197746224701405	1.0741935968399048	0.0	0.0	0.0	0.0	1.5598243474960327	0.6124289631843567	1.4685368537902832	1.399918556213379	0.0	0.11731807142496109	0.7507656216621399	0.0	0.0	1.0879820585250854	1.2667475938796997	1.7827147245407104	0.267128050327301	1.4884158372879028	0.0	0.08969351649284363	0.44909679889678955	0.0	0.0	1.9895431995391846	0.0	0.09178008139133453	1.2623289823532104	1.3072384595870972	2.2803685665130615
0.0	0.0	0.0	0.0	0.769614577293396	0.0	2.405876398086548	1.6738872528076172	0.2202826738357544	0.4076165556907654	0.8666300177574158	0.0	0.0	0.0	0.0	1.5069886445999146	0.7834765315055847	0.0	2.18957257270813	0.6587231755256653	0.23169803619384766	0.04965430498123169	0.9930896162986755	1.7452139854431152	1.3679718971252441	3.331721305847168	0.0	0.0	0.9284818768501282	0.0	0.0	1.4618757963180542	0.0	0.0	0.9662345051765442	0.0	0.0	0.0	0.0	1.5420540571212769	0.7686863541603088	1.4304143190383911	1.3057937622070312	0.0	0.06680963933467865	0.67836594581604	0.0	0.0	1.1226845979690552	1.7210140228271484	2.0100512504577637	0.6010873317718506	0.7964370250701904	0.0	0.1361479014158249	0.25971946120262146	0.0	0.15290407836437225	1.7079499959945679	0.0	0.0	1.3237035274505615	1.1539897918701172	1.9855775833129883
0.0	0.0	0.0	0.0	0.7138117551803589	0.0	2.2276394367218018	1.6651278734207153	0.5042123198509216	0.14122606813907623	0.9707186222076416	0.0	0.0	0.12298931181430817	0.0	1.4707890748977661	1.2067556381225586	0.0	1.8186808824539185	0.9668753147125244	0.7132283449172974	0.22188757359981537	0.8625638484954834	1.9492466449737549	1.3050328493118286	2.8262898921966553	0.0	0.0	1.0357812643051147	0.0	0.0	1.3391293287277222	0.0	0.0	1.2269703149795532	0.0	0.0	0.0	0.0	1.4770984649658203	0.6797012686729431	1.1653248071670532	1.5503119230270386	0.0	0.05687423050403595	0.6128000020980835	0.0	0.0	1.368351697921753	1.6735422611236572	1.72364342212677	0.3419996500015259	1.021358847618103	0.0	0.22470133006572723	0.3733155429363251	0.0	0.0	1.5377229452133179	0.0	0.0	1.334932565689087	0.6987537741661072	1.8662960529327393
0.0	0.0	0.0	0.0	0.4899430572986603	0.0	2.0201950073242188	1.6390198469161987	0.3838352560997009	0.06857047230005264	0.9754703640937805	0.01516550499945879	0.0	0.4043773412704468	0.0	1.770483136177063	1.537028193473816	0.0	1.758497953414917	0.4381601810455322	0.366380512714386	0.0	1.0983214378356934	2.0933656692504883	1.1704946756362915	3.473120927810669	0.0	0.0	0.9526873230934143	0.0	0.0	1.7774174213409424	0.6909570693969727	0.0	1.1390094757080078	0.0	0.1060112863779068	0.0	0.0	1.401774525642395	0.4711209833621979	1.1733319759368896	1.4713019132614136	0.0	0.3065760135650635	0.669335126876831	0.0	0.0	1.051505208015442	1.7928599119186401	1.8140714168548584	0.007968436926603317	1.5583842992782593	0.0	0.24782367050647736	0.5724086165428162	0.0	0.13659772276878357	1.580149531364441	0.0	0.3035546839237213	2.0907135009765625	0.9612701535224915	2.0969812870025635
0.0	0.0	0.0	0.0	0.6100310683250427	0.0	1.8859529495239258	2.1645302772521973	0.0	0.4696228504180908	1.1121907234191895	0.0	0.0	0.24160736799240112	0.008511682972311974	1.4121304750442505	1.0049294233322144	0.4051891267299652	2.657503366470337	1.076804757118225	0.5116585493087769	0.7908400893211365	1.2476272583007812	1.8139479160308838	2.2004215717315674	3.1308586597442627	0.0	0.0	1.469749927520752	0.6258720755577087	0.0	2.466282367706299	0.03754682466387749	0.06514526903629303	0.9303221106529236	0.0	0.08959335088729858	0.0	0.0	1.3145852088928223	0.5108389258384705	1.391792893409729	1.5334630012512207	0.0	0.2593876123428345	0.8859409689903259	0.0	0.0	0.9776530265808105	1.0667777061462402	1.8646925687789917	0.3802765905857086	1.695555567741394	0.0	0.0	0.6645010709762573	0.0	0.05166757106781006	2.042710542678833	0.0	0.0	1.3401539325714111	1.374585747718811	2.193176746368408
0.0	0.0	0.0	0.0	0.8456233739852905	0.0	2.134835958480835	1.8284683227539062	0.1034090667963028	0.1390889436006546	1.2009449005126953	0.0	0.0	0.5644428133964539	0.0	1.2808467149734497	1.4681830406188965	0.5640551447868347	2.4000658988952637	1.047757863998413	0.6728903651237488	0.0	1.0244923830032349	1.626448631286621	1.8303409814834595	2.875154733657837	0.0	0.0	0.7159984707832336	0.4290805459022522	0.0	2.010460615158081	0.16331884264945984	0.0	0.9359603524208069	0.0	0.0	0.0	0.0	1.3389240503311157	0.841810405254364	1.2098945379257202	1.4814475774765015	0.0	0.2623692452907562	0.5857698321342468	0.2670537233352661	0.0	1.0712708234786987	1.3645111322402954	1.5192049741744995	0.48416316509246826	1.1811864376068115	0.0	0.19776469469070435	0.6031248569488525	0.0	0.0	1.9211620092391968	0.0	0.0	1.1664453744888306	0.8247457146644592	1.7023319005966187
0.0	0.0	0.0	0.0	1.0462446212768555	0.0	2.5085365772247314	2.099869728088379	0.0	0.48547714948654175	1.1009206771850586	0.0	0.0	0.17050062119960785	0.0	1.2098100185394287	0.900632917881012	0.0	2.2899169921875	1.1722601652145386	0.4765743613243103	0.21476887166500092	1.441684603691101	1.6041408777236938	1.6645466089248657	2.9091429710388184	0.0	0.0	1.0979719161987305	0.0	0.0	1.7641061544418335	0.0	0.09058807045221329	1.0710252523422241	0.0	0.0	0.0	0.0	1.418205976486206	0.7656347155570984	1.8784289360046387	1.2241448163986206	0.0	0.09629601985216141	0.7882944941520691	0.0	0.0	1.0638799667358398	1.2716890573501587	1.6580471992492676	0.42405158281326294	1.3874822854995728	0.0	0.0	0.3572551906108856	0.0	0.0	1.5896201133728027	0.0	0.1308050900697708	1.0527539253234863	1.1134268045425415	2.0431697368621826
0.0	0.0	0.0	0.0	1.0686962604522705	0.0	1.972364902496338	2.0072786808013916	0.0	0.12193544209003448	1.2919723987579346	0.0	0.0	0.20533224940299988	0.40564030408859253	1.2408933639526367	1.0630801916122437	0.8558907508850098	3.121821403503418	1.1250510215759277	0.7979312539100647	0.5933412909507751	1.5882620811462402	1.5950968265533447	3.4323582649230957	2.970838785171509	0.0	0.0	1.0817663669586182	0.7374664545059204	0.0	2.0128870010375977	0.10747566819190979	0.0	0.9953559041023254	0.0	0.0	0.0	0.33674144744873047	1.5486764907836914	0.661618709564209	1.6688365936279297	1.7104853391647339	0.0	0.6380466222763062	0.6780716180801392	0.0	0.0	1.202480435371399	1.050830602645874	1.5360984802246094	0.6048247814178467	1.6792248487472534	0.0	0.19763348996639252	0.36696192622184753	0.0	0.0	1.6496193408966064	0.0	0.0	1.310010552406311	1.0348777770996094	1.8693039417266846
0.0	0.0	0.0	0.0	0.8253147602081299	0.0	2.2057034969329834	1.7165095806121826	0.0	0.4882812201976776	1.0632636547088623	0.0	0.0	0.0	0.05804285407066345	1.1331689357757568	1.007150650024414	0.5206301212310791	2.4736390113830566	1.1729083061218262	0.5610974431037903	0.0	1.1927810907363892	1.60785973072052	1.880190134048462	2.9010417461395264	0.0	0.0	1.2842457294464111	0.0	0.0	1.9901067018508911	0.0	0.0	0.7051163911819458	0.0	0.0	0.0	0.0	1.507405161857605	0.7281470894813538	1.6779918670654297	1.4769190549850464	0.0	0.13239553570747375	0.573681116104126	0.0	0.0	1.2397124767303467	1.3108251094818115	1.3578364849090576	0.2261579930782318	1.636349081993103	0.0	0.0	0.10248074680566788	0.0	0.0	1.7587825059890747	0.0	0.0	1.0676264762878418	0.9582642912864685	1.7683061361312866
0.0	0.0	0.0	0.0	0.7335128784179688	0.0	2.1407253742218018	2.3643133640289307	0.06064663454890251	0.41864678263664246	1.3282670974731445	0.0	0.0	0.0	0.0	1.5849206447601318	0.8998282551765442	0.0	2.379241943359375	0.9706151485443115	0.4472730755805969	0.0	1.1885132789611816	1.7028385400772095	1.5677624940872192	2.9188640117645264	0.0	0.0	1.3834725618362427	0.0	0.0	1.7727152109146118	0.015852918848395348	0.0	0.9848568439483643	0.0	0.0	0.0	0.0	1.5345635414123535	0.7923521399497986	1.5924327373504639	1.4525476694107056	0.0	0.11430871486663818	0.6959183216094971	0.0	0.0	1.381311058998108	1.4496736526489258	1.4746371507644653	0.638293445110321	1.2876530885696411	0.0	0.09303458034992218	0.27383148670196533	0.0	0.0	1.817909598350525	0.0	0.0	1.354166865348816	1.003657341003418	1.922358512878418
0.0	0.0	0.0	0.0	0.8707520365715027	0.0	2.1871886253356934	1.6162105798721313	0.057770371437072754	0.3067674934864044	1.0137748718261719	0.0	0.0	0.054026663303375244	0.1986478865146637	1.240011215209961	1.1255619525909424	0.27426108717918396	2.4724502563476562	1.0653780698776245	0.6047356724739075	0.0	0.9258019328117371	1.5197714567184448	2.022815227508545	2.93489408493042	0.0	0.0	1.468035340309143	0.002000379143282771	0.0	2.2174861431121826	0.18033680319786072	0.0	1.3377283811569214	0.0	0.2295888364315033	0.0	0.0	1.548036813735962	0.6903697848320007	1.8531932830810547	1.4347012042999268	0.0	0.024998079985380173	1.0618704557418823	0.09602643549442291	0.0	1.112934947013855	1.3623406887054443	1.428263783454895	0.6209121942520142	1.371837854385376	0.0	0.08254848420619965	0.29547610878944397	0.0	0.0	1.7435170412063599	0.0	0.0	1.2149779796600342	0.926724910736084	2.082190990447998
0.0	0.0	0.761629045009613	0.0	1.2074679136276245	0.0	2.127328395843506	2.3866424560546875	0.17722634971141815	0.0	1.5576375722885132	0.0	0.0	0.5180373787879944	0.2690970003604889	1.2995760440826416	1.0972028970718384	1.1509504318237305	2.9433939456939697	1.1778987646102905	0.8326550126075745	0.47565409541130066	1.276496410369873	1.6290276050567627	2.655852794647217	2.560360908508301	0.0	0.0	0.6859580874443054	0.7876412272453308	0.005900246091187	2.0228846073150635	0.0	0.9236589670181274	0.7951860427856445	0.0	0.053573258221149445	0.0	0.0	1.3782844543457031	0.6451383829116821	1.0539005994796753	1.5000755786895752	0.0	0.14435602724552155	0.631763219833374	0.0	0.0	1.0920178890228271	1.3671482801437378	1.807114839553833	0.12424706667661667	1.784605622291565	0.0	0.2475229799747467	0.5307683944702148	0.0	0.0	1.7738540172576904	0.0	0.044235434383153915	0.8534262180328369	1.1068035364151	2.009967803955078
0.0	0.0	0.0	0.0	1.011864423751831	0.0	2.2499821186065674	1.6141911745071411	0.0	0.1931150257587433	0.8339919447898865	0.0	0.0	0.06339546293020248	0.0	1.722904086112976	1.1174410581588745	0.23540356755256653	2.0018413066864014	1.0072561502456665	0.5900841951370239	0.6590689420700073	0.82844477891922	1.3016895055770874	1.5371372699737549	3.058910608291626	0.0	0.0	0.7634434700012207	0.25324922800064087	0.0	1.6730151176452637	0.0	0.0	1.0551908016204834	0.0	0.0	0.0	0.0	1.4104061126708984	0.6008574366569519	1.556172251701355	1.4567878246307373	0.0	0.33997491002082825	0.8917742967605591	0.0	0.0	1.079929232597351	1.199842095375061	2.1699743270874023	0.6811100840568542	1.3907575607299805	0.0	0.0	0.5475214719772339	0.0	0.0	1.789310097694397	0.0	0.0	0.6799806952476501	1.1482590436935425	2.3579747676849365
0.0	0.0	0.0	0.02612166479229927	0.9755703806877136	0.0	2.038524866104126	2.137521266937256	0.1716192066669464	0.22714711725711823	0.5827926993370056	0.0	0.0	0.0	0.0	1.7178620100021362	1.0491341352462769	0.0	1.7272616624832153	0.5584924221038818	0.2194482982158661	0.3463359773159027	1.0323596000671387	1.671351432800293	1.508192777633667	3.362673044204712	0.0	0.0	0.6064106822013855	0.12308467924594879	0.0	1.6252259016036987	0.028871232643723488	0.0	1.7549749612808228	0.0	0.09704369306564331	0.0	0.0	1.280848503112793	0.5900519490242004	1.4610556364059448	0.968712329864502	0.0	0.3155377209186554	0.686564028263092	0.0	0.0	0.7933008670806885	1.7387789487838745	2.0087053775787354	1.842505931854248	0.718885600566864	0.0	0.10439088195562363	0.4612117111682892	0.0	0.0	1.5213810205459595	0.0	0.12295688688755035	1.275640606880188	1.2723671197891235	2.4844624996185303
0.0	0.0	0.0	0.0	1.4455199241638184	0.0	2.116900682449341	2.1328651905059814	0.01696598529815674	0.09446251392364502	1.041551947593689	0.0	0.0	0.0	0.19412440061569214	1.0241210460662842	1.0417622327804565	0.9163264632225037	2.643418073654175	1.0833802223205566	0.6674216389656067	0.9188260436058044	1.3197287321090698	1.0395125150680542	2.3053524494171143	3.3850035667419434	0.0	0.0	0.8468763828277588	0.3467307388782501	0.0	2.1872122287750244	0.0	0.0	1.2867451906204224	0.0	0.0	0.0	0.0	1.3939886093139648	0.7014340162277222	1.402768850326538	1.544642686843872	0.0	0.28384608030319214	0.6532905697822571	0.06090826168656349	0.0	1.3179572820663452	1.079321026802063	2.021089792251587	0.8425584435462952	1.6471999883651733	0.0	0.01590689644217491	0.38131090998649597	0.0	0.0	1.7903475761413574	0.0	0.0	1.2992850542068481	0.7567293643951416	2.1390936374664307
0.0	0.0	0.0	0.0	0.6089723706245422	0.0	2.6291441917419434	2.4198474884033203	0.09679952263832092	0.2624475657939911	1.226824402809143	0.0	0.0	0.2889978885650635	0.0	2.022021532058716	1.139145851135254	0.0	2.2453114986419678	0.6664775013923645	0.31697702407836914	0.9995823502540588	1.1856170892715454	1.639039397239685	1.4002513885498047	2.982543706893921	0.0	0.0	0.6784551739692688	0.34905463457107544	0.0	1.6634469032287598	0.3709547519683838	0.40051624178886414	1.4672753810882568	0.0	0.1975851058959961	0.0	0.0	1.1657150983810425	0.7186766862869263	1.6454894542694092	0.9996238350868225	0.0	0.6336574554443359	0.5343671441078186	0.0	0.0	0.9885047674179077	2.0315499305725098	2.0731735229492188	1.1554499864578247	0.7882696986198425	0.0	0.14569470286369324	0.6049329042434692	0.0	0.0	1.7828036546707153	0.0	0.518253743648529	1.0784651041030884	1.3248497247695923	2.583281993865967
0.0	0.0	0.0	0.0	0.9183745384216309	0.0	2.1495978832244873	2.059813976287842	0.0	0.26324373483657837	0.8583651781082153	0.0	0.0	0.0	0.023234611377120018	1.3952021598815918	0.7828342318534851	0.1357504278421402	2.3806352615356445	1.0754549503326416	0.35832709074020386	0.29977947473526	1.3090330362319946	1.3006192445755005	2.0110254287719727	2.9982433319091797	0.0	0.0	1.4055712223052979	0.028271691873669624	0.0	1.5402542352676392	0.0	0.0	1.1820194721221924	0.0	0.0	0.0	0.0	1.503709077835083	0.5885940790176392	1.741275429725647	1.3009753227233887	0.0	0.009968597441911697	1.060157060623169	0.0	0.0	0.9863684773445129	0.8894661068916321	1.861859917640686	0.16533392667770386	1.8113906383514404	0.0	0.0	0.518439769744873	0.0	0.0	1.6683177947998047	0.0	0.05310214310884476	1.1857123374938965	1.2380547523498535	2.0163638591766357
0.0	0.0	0.0	0.0	0.6206663250923157	0.0	2.456223726272583	1.753499984741211	0.2575125992298126	0.21535079181194305	1.3324346542358398	0.0	0.0	0.206900954246521	0.0	1.895849347114563	0.8997486233711243	0.2927480936050415	2.241814374923706	0.9478314518928528	0.40144938230514526	0.6054425239562988	1.2100467681884766	1.6817903518676758	1.9909101724624634	3.157506227493286	0.0	0.0	1.0359983444213867	0.3195863664150238	0.0	2.2884085178375244	0.023574601858854294	0.0	0.9102208018302917	0.0	0.1320689171552658	0.0	0.0	1.5366626977920532	0.6879998445510864	1.3940026760101318	1.486197829246521	0.0	0.13720905780792236	0.9148598909378052	0.0	0.0	0.9292226433753967	1.250558853149414	1.717666506767273	0.7150426506996155	1.575717568397522	0.0	0.15459294617176056	0.27181917428970337	0.0	0.07023732364177704	1.744858741760254	0.0	0.0	1.5634868144989014	1.0206561088562012	1.6871839761734009
0.0	0.0	0.0	0.0	0.938862144947052	0.0	2.005887269973755	1.6446623802185059	0.04174619913101196	0.202016681432724	1.1571089029312134	0.0	0.0	0.08602425456047058	0.2468128204345703	0.9936547875404358	1.3012945652008057	0.5286967754364014	2.5879366397857666	1.1611722707748413	0.6152833104133606	0.0	1.094398856163025	1.4920547008514404	2.4356179237365723	2.9241652488708496	0.0	0.0	1.130243182182312	0.0	0.0	2.008286476135254	0.0	0.0	0.5937195420265198	0.0	0.0	0.0	0.0	1.5717742443084717	0.6883313059806824	1.5735588073730469	1.590311884880066	0.0	0.1518097221851349	0.4032619893550873	0.0	0.0	1.1802998781204224	1.339185357093811	1.2552798986434937	0.31455254554748535	1.9420191049575806	0.0	0.07062366604804993	0.2042209804058075	0.0	0.0	1.7648755311965942	0.0	0.0	0.9698801636695862	0.8426649570465088	1.914749026298523
0.0	0.0	0.0838427022099495	0.0	0.7706343531608582	0.0	2.1780412197113037	2.0545260906219482	0.0	0.15023605525493622	0.8967084288597107	0.0	0.0	0.1302366852760315	0.0	1.543630599975586	1.0129296779632568	0.39243724942207336	2.171583890914917	1.049473524093628	0.512856662273407	0.5888211131095886	0.9438112378120422	1.5184471607208252	1.7624844312667847	2.793874502182007	0.0	0.0	0.9439709186553955	0.35087478160858154	0.0	2.188749313354492	0.0	0.0	0.6816531419754028	0.0	0.0	0.0	0.0	1.4800941944122314	0.5400957465171814	1.5492022037506104	1.379157304763794	0.0	0.04906236752867699	0.8375375270843506	0.0	0.0	1.0186662673950195	1.1232331991195679	1.7050691843032837	0.23841820657253265	1.2409757375717163	0.0	0.11162354797124863	0.37001731991767883	0.0	0.0	1.6781995296478271	0.0	0.0	1.1566187143325806	1.5345110893249512	2.505392551422119
0.0	0.0	0.5583180785179138	0.0	0.9102521538734436	0.0	2.137357473373413	1.9472429752349854	0.5346670150756836	0.18214921653270721	1.2061628103256226	0.0	0.0	0.33140167593955994	0.13139034807682037	1.3119181394577026	1.180025339126587	0.5536704063415527	2.4727976322174072	1.0697416067123413	0.648495614528656	0.7008402943611145	1.0713446140289307	1.4081292152404785	2.4435603618621826	2.3096494674682617	0.0	0.0	0.8341017961502075	1.1852904558181763	0.0	2.421225070953369	0.0	0.2466893345117569	0.7749408483505249	0.0	0.0	0.0	0.0	1.475521445274353	0.5151703357696533	1.5325043201446533	1.4517781734466553	0.0	0.4346669018268585	0.9275749325752258	0.1417328268289566	0.0	1.1081359386444092	0.777157187461853	2.0172839164733887	0.09546543657779694	2.2488393783569336	0.0	0.23356151580810547	0.797021746635437	0.0	0.0	1.8818141222000122	0.12535521388053894	0.0	0.7473422288894653	1.1095277070999146	1.9998514652252197
0.0	0.0	0.38745424151420593	0.0	1.0245226621627808	0.0	2.3460400104522705	2.1066646575927734	0.0	0.43845683336257935	1.1059898138046265	0.0	0.0	0.2800418734550476	0.30122753977775574	1.2004562616348267	0.8587586879730225	0.9610487818717957	2.749631643295288	1.2998336553573608	0.7468917965888977	0.29741519689559937	1.396704912185669	1.2489222288131714	2.542210578918457	2.8893561363220215	0.0	0.0	1.317226529121399	0.8810820579528809	0.0	2.3990867137908936	0.34002768993377686	0.0	0.7526587247848511	0.08786619454622269	0.0	0.0	0.0	1.3467457294464111	0.6177359223365784	1.6356760263442993	1.588836669921875	0.0	0.12698477506637573	0.8639019131660461	0.29798802733421326	0.0	1.1533653736114502	0.9928567409515381	1.7353365421295166	0.3979703485965729	2.1041736602783203	0.0	0.03911300748586655	0.32093578577041626	0.0	0.0	1.8646281957626343	0.0	0.0	0.8335134983062744	1.4209051132202148	2.0122337341308594
0.0	0.0	0.0	0.0	0.9901936054229736	0.0	2.1475932598114014	1.7156530618667603	0.0	0.18314887583255768	0.8971863389015198	0.0	0.0	0.09787584096193314	0.0	1.3920648097991943	1.0664501190185547	0.0	2.258082151412964	1.0019593238830566	0.6305062174797058	0.0	1.1056163311004639	1.5955954790115356	1.4919159412384033	2.725587844848633	0.0	0.0	0.9144036173820496	0.0	0.0	1.5395197868347168	0.04645595699548721	0.0	1.061753273010254	0.0	0.0	0.0	0.0	1.4668446779251099	0.7307707071304321	1.276419758796692	1.4873496294021606	0.0	0.0	0.7073331475257874	0.0	0.0	1.2665183544158936	1.337242841720581	1.9169167280197144	0.27266645431518555	1.0651288032531738	0.0	0.10870151966810226	0.4594188630580902	0.0	0.0	1.637331247329712	0.0	0.09368102997541428	1.4429099559783936	0.8995622396469116	2.303386926651001
0.0	0.0	0.0	0.0	0.7180660367012024	0.0	2.3174378871917725	2.3587684631347656	0.06400486826896667	0.19370201230049133	0.8711013197898865	0.0	0.0	0.02855502814054489	0.0	1.8855217695236206	0.8731971979141235	0.0	2.526275873184204	0.7718072533607483	0.4732474088668823	0.6616823077201843	1.5524535179138184	1.3996806144714355	1.640803575515747	3.044285535812378	0.0	0.0	1.2108482122421265	0.0	0.0	1.4986501932144165	0.08536417037248611	0.052067823708057404	1.47837233543396	0.0	0.0	0.0	0.0	1.6217116117477417	0.6545969843864441	1.3211549520492554	1.3365092277526855	0.0	0.0033856742084026337	0.518106997013092	0.0	0.0	1.0363856554031372	1.3530831336975098	2.0037877559661865	0.5551938414573669	0.8439890146255493	0.0	0.0023544898722320795	0.7684509754180908	0.0	0.0	1.7502083778381348	0.0	0.4569022059440613	1.0795530080795288	1.482429027557373	2.286458969116211
0.0	0.0	0.0	0.0	1.0756757259368896	0.0	2.0583794116973877	1.8182446956634521	0.0850505456328392	0.3364522457122803	1.1170120239257812	0.0	0.0	0.0	0.18155160546302795	1.2840286493301392	1.0158275365829468	0.8769854307174683	2.5004594326019287	1.0766234397888184	0.6447067260742188	0.0	1.347573161125183	1.6844807863235474	2.0193021297454834	3.0426816940307617	0.0	0.0	1.1581593751907349	0.04345620423555374	0.0	1.9180396795272827	0.0	0.0	0.7379353046417236	0.0	0.043854884803295135	0.0	0.0	1.6122667789459229	0.6347349286079407	1.7361958026885986	1.3895117044448853	0.0	0.1173272356390953	0.4966157376766205	0.0	0.0	1.1718047857284546	1.296502709388733	1.4597034454345703	0.1368773877620697	1.8001346588134766	0.0	0.062050580978393555	0.3317371606826782	0.0	0.0	1.5390108823776245	0.0	0.0	1.1267914772033691	0.9251738786697388	1.9392378330230713
0.0	0.0	0.0	0.0	0.8796904683113098	0.0	2.2783327102661133	1.9003500938415527	0.2309994101524353	0.34448328614234924	0.8084556460380554	0.0	0.0	0.0	0.0	1.4148768186569214	1.0663703680038452	0.08188888430595398	1.934728980064392	0.5289672017097473	0.36675775051116943	0.23214495182037354	0.9436416625976562	1.5459972620010376	1.4439270496368408	3.3032548427581787	0.0	0.0	1.1794061660766602	0.0	0.0	1.4712944030761719	0.0	0.0	1.1038967370986938	0.0	0.0	0.0	0.0	1.5070024728775024	0.5708984136581421	1.510907769203186	1.3497079610824585	0.0	0.0	0.7180841565132141	0.0	0.0	1.2287852764129639	1.5514684915542603	1.6766419410705566	0.7668044567108154	1.5477615594863892	0.0	0.1691816747188568	0.221698597073555	0.0	0.0	1.620284914970398	0.0	0.0	1.246751070022583	0.8387289643287659	0.966921865940094
0.0	0.0	0.0	0.0	1.128603219985962	0.0	2.7130541801452637	1.8151531219482422	0.15828125178813934	0.3318059742450714	0.6395792961120605	0.0	0.0	0.0	0.0	1.2475438117980957	1.0746791362762451	0.0	1.942686676979065	0.9281036853790283	0.36883869767189026	0.06617548316717148	0.6947175860404968	1.4767611026763916	1.8287773132324219	3.2494781017303467	0.0	0.0	0.8087754845619202	0.0	0.0	1.732609748840332	0.0	0.04791952669620514	1.0663777589797974	0.0	0.0	0.0	0.0	1.3034138679504395	0.6507454514503479	1.3973578214645386	1.3856174945831299	0.0	0.1570426970720291	0.8595531582832336	0.0	0.0	1.101542592048645	1.5175807476043701	1.830986738204956	0.7198010087013245	1.290268063545227	0.0	0.25261878967285156	0.41921865940093994	0.0	0.0	1.5951740741729736	0.0	0.0	1.2645591497421265	1.0346330404281616	1.851933479309082
0.0	0.0	0.0	0.0	0.933414101600647	0.0	2.105071783065796	1.5762529373168945	0.2667689919471741	0.14459727704524994	0.5615000128746033	0.0	0.0	0.0	0.0	1.3772658109664917	1.2747567892074585	0.0	1.9975357055664062	0.6334138512611389	0.5690568089485168	0.0	0.9577236175537109	1.414111852645874	1.4697626829147339	3.2240843772888184	0.0	0.0	0.8472496271133423	0.0	0.0	1.3746105432510376	0.0	0.0	0.9795501828193665	0.0	0.0	0.0	0.0	1.4149783849716187	0.6094062328338623	1.288655400276184	1.3517853021621704	0.0	0.0	0.6331321001052856	0.0	0.0	1.1571396589279175	1.3806004524230957	1.6311992406845093	0.3599626123905182	0.9322348237037659	0.0	0.08017034083604813	0.2839449644088745	0.0	0.0	1.4731296300888062	0.0	0.0	1.3210614919662476	0.6601519584655762	1.437867283821106
0.0	0.0	0.0	0.0	0.9568110108375549	0.0	2.1597812175750732	1.7419590950012207	0.1034686267375946	0.40923547744750977	1.0559537410736084	0.0	0.0	0.0	0.226892352104187	1.0057463645935059	1.0134018659591675	0.7904157638549805	2.528571128845215	1.2527726888656616	0.594837486743927	0.13942702114582062	0.9247480034828186	1.4941076040267944	2.6435861587524414	2.9729256629943848	0.0	0.0	1.1941272020339966	0.07765936106443405	0.0	1.9012032747268677	0.0	0.0	0.8010155558586121	0.0	0.0	0.0	0.0	1.499080777168274	0.7385696172714233	2.0033938884735107	1.5146557092666626	0.0	0.1456252634525299	0.5847535729408264	0.0	0.0	1.151786208152771	1.3773863315582275	1.3456770181655884	0.6194983124732971	1.8557674884796143	0.0	0.0	0.1900598555803299	0.0	0.0	1.74833083152771	0.0	0.0	0.8479738831520081	0.9570614099502563	1.8921186923980713
0.0	0.0	0.0	0.0	1.03639817237854	0.0	2.658421039581299	1.7192800045013428	0.010980409570038319	0.37353193759918213	0.814194917678833	0.0	0.0	0.0	0.0	1.7149534225463867	0.7139492034912109	0.0	2.2155697345733643	1.1646076440811157	0.34786006808280945	0.4401218593120575	1.2446368932724	1.3027509450912476	1.4871118068695068	2.576554298400879	0.0	0.0	0.8107444643974304	0.0	0.0	1.0791517496109009	0.0	0.0	1.3418492078781128	0.0	0.0	0.0	0.0	1.5368993282318115	0.9176390171051025	1.2532936334609985	1.6618914604187012	0.0	0.24006162583827972	0.8400592803955078	0.0	0.0	1.5245722532272339	1.254248023033142	2.132246255874634	0.9451327919960022	0.8778545260429382	0.0	0.08815231919288635	0.08646557480096817	0.0	0.0	1.9866383075714111	0.0	0.0	1.2627183198928833	1.0563702583312988	1.4721500873565674
0.0	0.0	0.0	0.0	1.1645232439041138	0.0	2.553682804107666	1.753265142440796	0.3485691547393799	0.44502875208854675	0.6482142806053162	0.0	0.0	0.0	0.0	1.8458296060562134	0.9713304042816162	0.0	1.7366943359375	0.4735604226589203	0.3285806477069855	0.4050942659378052	1.151017665863037	1.5290316343307495	0.9631495475769043	3.4628546237945557	0.0	0.0	0.7736642956733704	0.0	0.0	0.9740475416183472	0.0	0.0	0.9437015652656555	0.0	0.0	0.0	0.0	1.4561914205551147	0.7941214442253113	1.5134449005126953	1.1521706581115723	0.0	0.1374082863330841	0.8763350248336792	0.0	0.0	1.3408405780792236	1.8384203910827637	2.1024372577667236	0.822494626045227	0.8313931822776794	0.0	0.3126637637615204	0.4286316931247711	0.0	0.011996355839073658	1.5916922092437744	0.0	0.0	1.457320213317871	1.0722333192825317	1.4265753030776978
0.0	0.0	0.0	0.0	0.7483798265457153	0.0	2.2062265872955322	1.6857012510299683	0.23233187198638916	0.29938116669654846	0.8945872783660889	0.0	0.0	0.07868940383195877	0.10995703190565109	1.4049159288406372	1.0625606775283813	0.07528019696474075	2.0087411403656006	0.9257219433784485	0.5636988282203674	0.3663746118545532	0.8529396653175354	1.5273534059524536	1.6350609064102173	3.1833345890045166	0.0	0.0	0.9303016066551208	0.0	0.0	1.5025461912155151	0.0	0.0	0.8594826459884644	0.0	0.0	0.0	0.0	1.2143012285232544	0.555040180683136	1.4505369663238525	1.3797719478607178	0.0	0.13516056537628174	0.6492146849632263	0.0	0.0	1.2420034408569336	1.41854989528656	1.6126861572265625	0.4765998423099518	1.3300093412399292	0.0	0.0	0.4672628939151764	0.0	0.0	1.4790717363357544	0.0	0.0	1.1374424695968628	0.9218963384628296	1.99213707447052
0.0	0.0	0.0	0.0	0.6800904273986816	0.0	2.0484907627105713	1.6683083772659302	0.3210946321487427	0.21035796403884888	0.8735679984092712	0.0	0.0	0.0	0.013254719786345959	1.4509336948394775	1.0953611135482788	0.0	1.9128745794296265	0.6625866293907166	0.6317426562309265	0.7271310687065125	1.1476655006408691	1.7157800197601318	1.77242112159729	3.326690196990967	0.0	0.0	0.6156132817268372	0.20407943427562714	0.0	1.5817183256149292	0.0	0.0	0.9259658455848694	0.0	0.0	0.0	0.0	1.3906842470169067	0.5911960005760193	1.177512526512146	1.1928672790527344	0.0	0.24106229841709137	0.5463130474090576	0.0	0.0	1.0714565515518188	1.6495022773742676	1.6891251802444458	0.4989396333694458	1.1474875211715698	0.0	0.1607399433851242	0.4197372794151306	0.0	0.0	1.268800139427185	0.0	0.0	1.4639755487442017	0.8263888955116272	2.331427812576294
0.0	0.0	0.0	0.0	0.6862770318984985	0.0	2.4221270084381104	1.9675816297531128	0.18439458310604095	0.6239210367202759	0.8619686961174011	0.0	0.0	0.0	0.0	1.6900498867034912	1.0040053129196167	0.0	1.8469635248184204	0.6864505410194397	0.2800096869468689	0.8513942360877991	1.0913681983947754	1.5656273365020752	0.9247176051139832	3.6832034587860107	0.0	0.0	0.8298280835151672	0.00717421667650342	0.0	1.561627745628357	0.0	0.0	1.6598864793777466	0.0	0.0	0.0	0.0	1.4428863525390625	0.7573696970939636	1.370910406112671	1.0714383125305176	0.0	0.0504913292825222	0.7837257385253906	0.0	0.0	1.1094118356704712	1.6451709270477295	2.0750949382781982	0.5908405184745789	0.9206777811050415	0.0	0.0589338056743145	0.4677041471004486	0.0	0.306054025888443	1.5511873960494995	0.0	0.8114794492721558	1.1285505294799805	1.3046915531158447	2.125002384185791
0.0	0.0	0.0	0.0	0.953606128692627	0.0	1.9713472127914429	1.7283662557601929	0.32540521025657654	0.292512983083725	0.7932350039482117	0.0	0.0	0.0	0.02089589089155197	1.820034146308899	1.2658177614212036	0.02804160863161087	1.894594430923462	0.6618797779083252	0.5840683579444885	0.3265533447265625	0.7177563905715942	1.5025696754455566	1.131502628326416	3.5303423404693604	0.0	0.0	0.716755211353302	0.31367430090904236	0.0	2.4438953399658203	0.0	0.0	1.0079951286315918	0.0	0.21500542759895325	0.0	0.0	1.4169929027557373	0.44463080167770386	1.5986301898956299	0.9998197555541992	0.0	0.26088249683380127	0.843621015548706	0.0	0.0	0.8520333170890808	1.6974371671676636	1.6547675132751465	0.31665632128715515	1.302172064781189	0.0	0.1257297247648239	0.6565232276916504	0.0	0.0	1.4226104021072388	0.0	0.0	1.2674245834350586	1.3097642660140991	2.019754648208618
0.0	0.0	0.0	0.0	0.9419394135475159	0.0	2.2192585468292236	1.6642307043075562	0.27816101908683777	0.3863174617290497	1.0484472513198853	0.0	0.0	0.26147451996803284	0.17535223066806793	0.9885691404342651	1.3671401739120483	0.40671321749687195	2.3640129566192627	1.0694019794464111	0.7332236766815186	0.0	0.9880653023719788	1.7689433097839355	2.25325083732605	3.371265172958374	0.0	0.0	0.9828112721443176	0.0	0.0	1.8584753274917603	0.0	0.0	0.8362544178962708	0.0	0.0	0.0	0.0	1.5280064344406128	0.7359705567359924	1.4544506072998047	1.5670695304870605	0.0	0.17424987256526947	0.44927480816841125	0.0	0.0	1.3099607229232788	1.5401825904846191	1.4546363353729248	0.4077191650867462	1.5895594358444214	0.0	0.07539563626050949	0.2178286761045456	0.0	0.0	1.7453949451446533	0.0	0.0	1.2859066724777222	0.7250076532363892	1.7254445552825928
0.0	0.0	0.0	0.0	0.9375638961791992	0.0	2.075756311416626	1.9358594417572021	0.0	0.5885162949562073	1.0492933988571167	0.0	0.0	0.0	0.21899551153182983	1.0470904111862183	0.9021516442298889	0.6551877856254578	2.5041792392730713	1.1195061206817627	0.512172520160675	0.14214758574962616	1.407336950302124	1.5746686458587646	1.9908277988433838	2.9671168327331543	0.0	0.0	1.273635983467102	0.0	0.0	1.7987492084503174	0.0	0.0	0.7482039332389832	0.0	0.0	0.0	0.0	1.7097623348236084	0.6798218488693237	1.6905778646469116	1.5139139890670776	0.0	0.09409884363412857	0.7008292078971863	0.0	0.0	1.2375986576080322	1.2053955793380737	1.4351726770401	0.2696627378463745	1.6867258548736572	0.0	0.005287739913910627	0.40204328298568726	0.0	0.0	1.5434125661849976	0.0	0.10769934952259064	0.9142248034477234	1.0206893682479858	2.217602252960205
0.0	0.0	0.0	0.0	0.8323636054992676	0.0	2.297567129135132	1.7792718410491943	0.12154702842235565	0.33665934205055237	1.1256214380264282	0.0	0.0	0.09787337481975555	0.0	1.3805116415023804	0.9758077263832092	0.0	2.213773250579834	1.148235559463501	0.5052963495254517	0.0	1.169381856918335	1.7136964797973633	1.662707805633545	3.276357889175415	0.0	0.0	1.1048394441604614	0.0	0.0	1.507393717765808	0.0	0.0	0.9410905241966248	0.0	0.0	0.0	0.0	1.5200018882751465	0.8428059816360474	1.4020302295684814	1.4633787870407104	0.0	0.018600713461637497	0.550207793712616	0.0	0.0	1.666675090789795	1.3972364664077759	1.5074100494384766	0.3786931037902832	1.2757115364074707	0.0	0.02954966202378273	0.1868365854024887	0.0	0.006726773921400309	1.9437087774276733	0.0	0.1556471288204193	1.015621542930603	0.9121673107147217	1.9898388385772705
0.0	0.0	0.06845400482416153	0.0	0.8230727314949036	0.0	2.4987239837646484	1.8159540891647339	0.3316096365451813	0.0	1.3612674474716187	0.0718340054154396	0.0	0.43138906359672546	0.0	1.8692948818206787	1.3479951620101929	0.038305941969156265	1.771504521369934	0.7710202932357788	0.6148254871368408	0.8108989596366882	1.4374444484710693	1.6453698873519897	1.8228657245635986	2.903759241104126	0.0	0.0	0.3077608644962311	1.1056586503982544	0.7415706515312195	1.5697782039642334	0.3778476119041443	0.02830379456281662	2.0934863090515137	0.0	0.1368487924337387	0.0	0.0	1.221605896949768	0.7006270885467529	0.8129863739013672	1.2600698471069336	0.0	0.7494619488716125	0.43523553013801575	0.16834530234336853	0.0	0.9034311771392822	1.600268006324768	1.8788681030273438	0.9816437363624573	1.5017061233520508	0.0	0.10877826809883118	0.6374173164367676	0.0	0.0	1.5433377027511597	0.0	0.14908519387245178	1.4862569570541382	0.8080896735191345	2.580047607421875
0.0	0.0	0.0	0.0	0.7643530368804932	0.0	2.1547274589538574	1.7058180570602417	0.0	0.19311495125293732	1.23338782787323	0.0	0.0	0.3265780210494995	0.0	1.4210844039916992	1.0972110033035278	0.35053378343582153	2.283463478088379	0.766290545463562	0.571610152721405	0.13396430015563965	1.1961673498153687	1.4638326168060303	2.051931142807007	3.305011510848999	0.0	0.0	1.17812180519104	0.01736852340400219	0.0	2.013134479522705	0.0	0.17812789976596832	0.8407627940177917	0.0	0.0	0.0	0.0	1.5511269569396973	0.8255478739738464	1.6249034404754639	1.4685471057891846	0.0	0.052111126482486725	0.36424580216407776	0.0	0.0	1.149332046508789	1.2616461515426636	1.6055376529693604	0.9986315369606018	1.5217857360839844	0.0	0.15214769542217255	0.32443374395370483	0.0	0.0	1.776140570640564	0.0	0.09660609066486359	1.0553920269012451	1.0887895822525024	2.027458667755127
0.0	0.0	0.0	0.0	0.6895685791969299	0.0	2.308799982070923	1.8556303977966309	0.11717996001243591	0.888494610786438	0.6892672181129456	0.0	0.0	0.0	0.0	1.612051248550415	0.9406003355979919	0.0804128497838974	2.197874069213867	0.7780655026435852	0.3685765862464905	0.47347593307495117	0.8747768402099609	1.1305546760559082	1.6361584663391113	3.194826364517212	0.0	0.0	0.7609890103340149	0.06559299677610397	0.0	2.3398501873016357	0.0	0.0	0.9770099520683289	0.0	0.0	0.0	0.0	1.4435110092163086	0.4554026424884796	1.6157526969909668	0.9885562062263489	0.0	0.24329210817813873	0.6890442967414856	0.0	0.0	1.0791250467300415	1.6509487628936768	1.7540607452392578	0.7366702556610107	1.4578468799591064	0.0	0.0	0.23599539697170258	0.0	0.2803654074668884	1.9791154861450195	0.0	0.14159591495990753	0.9305248260498047	1.4670040607452393	2.1486339569091797
0.0	0.0	0.0	0.0	0.3674035370349884	0.0	1.8026896715164185	1.7581136226654053	0.0	0.26699352264404297	0.5963394641876221	0.0	0.0	0.11741434037685394	0.0	2.0370419025421143	1.0773965120315552	0.0	2.1493539810180664	0.7203892469406128	0.40147075057029724	0.3539419174194336	1.3153631687164307	1.4423880577087402	1.2884119749069214	3.355759620666504	0.0	0.0	1.0094367265701294	0.0011603609891608357	0.0	1.8027832508087158	0.028389766812324524	0.0	1.1114144325256348	0.0	0.0	0.0	0.0	1.7636468410491943	0.4518175721168518	1.404523491859436	1.4424470663070679	0.0	0.32239222526550293	0.5866985321044922	0.0	0.0	0.9674618244171143	1.4011077880859375	1.6994061470031738	0.5878518223762512	1.4478095769882202	0.0	0.11795910447835922	0.40063998103141785	0.0	0.0	1.9737857580184937	0.0	0.09817081689834595	1.3057975769042969	1.2823952436447144	1.9733288288116455
0.0	0.0	0.0	0.0	0.8106958866119385	0.0	2.3423385620117188	1.8065173625946045	0.2758019268512726	0.1276474893093109	0.8084012269973755	0.0	0.0	0.0	0.0	1.4619032144546509	1.252673864364624	0.0	1.9338853359222412	0.887830913066864	0.7166270017623901	0.0	1.3209779262542725	1.7648826837539673	1.7320857048034668	3.1632988452911377	0.0	0.0	0.7011194825172424	0.0	0.0	1.125427007675171	0.0	0.050577059388160706	0.826241135597229	0.0	0.0	0.0	0.0	1.3410325050354004	0.7699675559997559	0.9479513764381409	1.5567353963851929	0.0	0.23326025903224945	0.5553352236747742	0.0	0.0	1.2914457321166992	1.6303156614303589	1.4944218397140503	0.6885839700698853	0.9682551026344299	0.0	0.05622218921780586	0.2082863599061966	0.0	0.0	1.3955084085464478	0.0	0.0	1.8105511665344238	0.5999851226806641	1.4488966464996338
0.0	0.0	0.0	0.0	1.158722996711731	0.0	2.5357484817504883	2.08135724067688	0.0013847036752849817	0.17840273678302765	1.0129395723342896	0.0	0.0	0.0	0.03048127517104149	1.3172153234481812	1.0402957201004028	0.5185189843177795	2.3983726501464844	1.3198108673095703	0.5732405185699463	0.5802993774414062	1.1364891529083252	1.521016240119934	1.8677725791931152	3.274930477142334	0.0	0.0	1.0492511987686157	0.33051931858062744	0.0	1.9312794208526611	0.0	0.14014287292957306	0.9830756783485413	0.0	0.0	0.0	0.0	1.605218529701233	0.6515166759490967	1.5896475315093994	1.3468265533447266	0.0	0.03541657328605652	0.736211895942688	0.0	0.0	1.2784415483474731	1.3984438180923462	1.7748452425003052	0.2833775281906128	1.608206868171692	0.0	0.09045662730932236	0.5626630187034607	0.0	0.0	1.5981669425964355	0.0	0.0	1.0776517391204834	0.85540372133255	2.1801400184631348
0.0	0.0	0.14620822668075562	0.0	1.004446029663086	0.0	2.3875370025634766	2.2922654151916504	0.0	0.1981905996799469	1.2697246074676514	0.0	0.0	0.1594722867012024	0.0	1.5250996351242065	0.5212540030479431	0.38907837867736816	2.5714669227600098	1.1364821195602417	0.40546610951423645	1.0114535093307495	1.953679084777832	0.9834540486335754	1.585386872291565	2.221209764480591	0.0	0.0	0.9237509369850159	0.3401664197444916	0.0	2.199960231781006	0.0	0.22755567729473114	1.4495278596878052	0.0	0.0683232918381691	0.0	0.0	1.491845726966858	0.7478996515274048	1.661367654800415	1.379778265953064	0.0	0.0	0.5241009593009949	0.21651338040828705	0.0	1.0480068922042847	1.2603020668029785	2.159217119216919	0.8268657326698303	1.3384456634521484	0.0	0.08953294903039932	0.46297377347946167	0.0	0.0	1.7625114917755127	0.0	0.9023123383522034	1.0124406814575195	1.4575048685073853	2.262269973754883
0.0	0.0	0.0	0.0	0.7209702730178833	0.0	2.263681650161743	2.084423303604126	0.0597556009888649	0.5439965128898621	1.4479097127914429	0.0	0.0	0.10398013889789581	0.0	1.3407577276229858	0.8600273132324219	0.0	2.4552934169769287	0.8719140291213989	0.5574737191200256	0.1531125009059906	1.279787540435791	1.507049560546875	1.688652753829956	3.2058067321777344	0.0	0.0	1.1302006244659424	0.0	0.0	1.6457778215408325	0.0	0.0	1.0847641229629517	0.0	0.0	0.0	0.0	1.4410451650619507	0.8211443424224854	1.8638403415679932	1.5043575763702393	0.0	0.05733989551663399	0.7672743797302246	0.0	0.0	1.3013654947280884	1.5676603317260742	1.433487057685852	0.47527846693992615	1.5771745443344116	0.0	0.15061789751052856	0.19616615772247314	0.0	0.0	1.6617693901062012	0.0	0.0	1.1946744918823242	1.2409899234771729	1.5274235010147095
0.0	0.0	0.0	0.0	0.7448961138725281	0.0	2.0948002338409424	1.9873156547546387	0.09257841110229492	0.4714798033237457	1.2535697221755981	0.0	0.0	0.15322130918502808	0.0	1.7717254161834717	1.0562762022018433	0.0	1.9809976816177368	0.8304979801177979	0.40979334712028503	0.8098530173301697	0.8837555646896362	1.9996724128723145	1.1946401596069336	2.875934600830078	0.0	0.0	1.0431795120239258	0.46273693442344666	0.0	2.44759464263916	0.0	0.04092884063720703	0.9968221783638	0.0	0.0	0.0	0.0	1.4527028799057007	0.7097266316413879	1.7666337490081787	1.2626063823699951	0.0	0.2009669989347458	0.6373698711395264	0.0	0.0	1.0904167890548706	1.6327447891235352	1.9472911357879639	0.47770559787750244	1.425441861152649	0.0	0.11031931638717651	0.35772907733917236	0.0	0.0	1.7687292098999023	0.0	0.0	1.0391106605529785	1.4041318893432617	2.334303379058838
0.0	0.0	0.0	0.0	0.8440051674842834	0.0	2.4586381912231445	1.7172728776931763	0.2280840128660202	0.29483747482299805	0.7059471011161804	0.0	0.0	0.08122996240854263	0.0	1.9548125267028809	1.1680735349655151	0.0	1.8585922718048096	0.9552397131919861	0.5950843095779419	0.1133362203836441	1.3131502866744995	1.7394822835922241	1.1349902153015137	3.303955554962158	0.0	0.0	0.759906530380249	0.0	0.0	1.492142915725708	0.49537786841392517	0.0	1.0476688146591187	0.0	0.0	0.0	0.0	1.4349918365478516	0.7263235449790955	1.3345973491668701	1.444324254989624	0.0	0.08974659442901611	0.7015494108200073	0.0	0.0	1.3390060663223267	1.4105631113052368	1.9928399324417114	0.4060564339160919	0.8970654606819153	0.0	0.10607262700796127	0.5241294503211975	0.0	0.0	1.7624324560165405	0.0	0.05988006666302681	1.4456228017807007	0.8972712755203247	2.0636661052703857
0.0	0.0	0.0	0.0	1.2989051342010498	0.0	2.0248310565948486	2.144317865371704	0.0	0.20343036949634552	1.4573993682861328	0.0	0.0	0.0	0.08919865638017654	1.7075765132904053	0.5195358395576477	0.7444500923156738	2.7249205112457275	1.0320030450820923	0.5822225213050842	0.9976946115493774	1.1153115034103394	1.3328241109848022	1.9241752624511719	2.450645685195923	0.0	0.0	0.83977872133255	0.5510313510894775	0.0	1.5969879627227783	0.0	0.22035564482212067	1.0636307001113892	0.0	0.0	0.0	0.0	1.1721550226211548	0.96208655834198	1.6637873649597168	1.2119755744934082	0.0	0.04323012754321098	0.780230700969696	0.0	0.0	1.1383569240570068	1.3094689846038818	1.8087587356567383	0.8474559187889099	1.5883781909942627	0.0	0.1375037282705307	0.41465920209884644	0.0	0.0	1.7868932485580444	0.0	0.0	0.6665225625038147	1.2138047218322754	2.1058614253997803
0.0	0.0	0.0	0.0	0.6350582242012024	0.0	2.520880937576294	1.6703541278839111	0.0	0.3785665035247803	0.8254116773605347	0.0	0.0	0.10303287953138351	0.0	1.4270800352096558	1.1607704162597656	0.0	2.407320022583008	0.9421098232269287	0.4657001197338104	0.1519395262002945	1.195081353187561	1.3673171997070312	1.4083802700042725	3.15637469291687	0.0	0.0	1.0124949216842651	0.0	0.0	1.8688902854919434	0.0	0.0	0.8355919718742371	0.0	0.0	0.0	0.0	1.537165641784668	0.7851292490959167	1.2695497274398804	1.5232218503952026	0.0	0.15306241810321808	0.5591633319854736	0.0	0.0	1.2092669010162354	1.3351070880889893	1.527233600616455	0.8062896728515625	0.9520775675773621	0.0	0.06035895273089409	0.3831224739551544	0.0	0.0	1.870025873184204	0.0	0.0	1.335315227508545	1.272614598274231	1.6551668643951416
0.0	0.0	0.0	0.0	0.6405928730964661	0.0	2.3171465396881104	1.7238194942474365	0.13236765563488007	0.28105485439300537	1.0239145755767822	0.0	0.0	0.22241203486919403	0.0	1.3950464725494385	1.0822196006774902	0.499885618686676	2.255603313446045	1.399527907371521	0.6010671854019165	0.10909765213727951	1.5542250871658325	1.8541929721832275	2.194197177886963	2.3446123600006104	0.0	0.0	1.0540233850479126	0.4064524173736572	0.0	1.7111669778823853	0.10228680819272995	0.3647322952747345	0.8394740223884583	0.0	0.048560649156570435	0.0	0.0	1.6147961616516113	0.6871659755706787	1.1811511516571045	1.563492774963379	0.0	0.14120393991470337	0.7567142844200134	0.0	0.0	1.2120494842529297	1.5171527862548828	2.0682177543640137	0.2881879210472107	1.3715028762817383	0.0	0.1566500961780548	0.3090406656265259	0.0	0.0	2.0205748081207275	0.0	0.0	1.1949832439422607	1.1728709936141968	2.273134469985962
0.0	0.0	0.0	0.0	0.8534626960754395	0.0	2.1559090614318848	1.64810049533844	0.0	0.3980489671230316	1.1194579601287842	0.0	0.0	0.0	0.0836062803864479	1.1680985689163208	0.8639513254165649	0.49667832255363464	2.6843459606170654	1.1385738849639893	0.5314099192619324	0.14765943586826324	1.069330096244812	1.5138508081436157	1.8228728771209717	2.9800543785095215	0.0	0.0	1.0704729557037354	0.07355643808841705	0.0	2.001845121383667	0.0	0.0	0.7110637426376343	0.0	0.0	0.0	0.0	1.5131338834762573	0.8220362663269043	1.7950034141540527	1.4618042707443237	0.0	0.12481821328401566	0.5052140355110168	0.0	0.0	1.286468267440796	1.36281418800354	1.6432112455368042	0.534829318523407	1.5538791418075562	0.0	0.09630319476127625	0.19958889484405518	0.0	0.021366583183407784	1.8319920301437378	0.0	0.0	0.76185142993927	0.9374513030052185	1.9131731986999512
0.0	0.0	0.6095056533813477	0.0	1.0813438892364502	0.0	2.2624452114105225	2.1128041744232178	0.03513555973768234	0.15581461787223816	1.1786969900131226	0.0	0.0	0.5257494449615479	0.0	2.092780113220215	0.9847781658172607	0.23054464161396027	2.1681082248687744	1.15078604221344	0.6050001382827759	0.6362362504005432	1.2639796733856201	1.5886430740356445	1.1722335815429688	2.8196604251861572	0.0	0.06732703000307083	1.1721314191818237	0.4009227454662323	0.0	1.780979871749878	0.0	0.18836581707000732	1.1306686401367188	0.0	0.0	0.0	0.0	1.705791711807251	0.3224831223487854	1.4004040956497192	1.2476879358291626	0.0	0.16211019456386566	0.9002488255500793	0.0	0.0	0.949097216129303	0.7427756786346436	2.052004337310791	0.3345583379268646	1.2161167860031128	0.0	0.06437181681394577	0.5732952952384949	0.0	0.0	1.7735341787338257	0.0	0.0	1.141097903251648	0.8737382888793945	2.290437936782837
0.0	0.0	0.0	0.0	0.8663429021835327	0.0	2.5134682655334473	1.9729294776916504	0.2628362476825714	0.5282384157180786	0.8963550329208374	0.0	0.0	0.0	0.0	1.2215787172317505	1.0994312763214111	0.0	1.959040880203247	0.8708736300468445	0.47512879967689514	0.0	1.061452865600586	1.613702654838562	1.2661958932876587	3.419265031814575	0.0	0.0	0.9220142960548401	0.0	0.0	1.4055520296096802	0.0	0.0	0.8340606093406677	0.0	0.0	0.0	0.0	1.429547905921936	0.6285051703453064	1.305362343788147	1.2458051443099976	0.0	0.0	0.46499451994895935	0.0	0.0	1.367283582687378	1.7148717641830444	1.5010466575622559	0.6928631663322449	0.8735281229019165	0.0	0.14012816548347473	0.19407421350479126	0.0	0.0	1.487028956413269	0.0	0.0	1.0157160758972168	0.8252658247947693	1.572485327720642
0.0	0.0	0.0	0.0	0.8199148178100586	0.0	2.6425869464874268	1.8603127002716064	0.19180363416671753	0.1399468034505844	0.9476909041404724	0.0	0.0	0.08066597580909729	0.036424633115530014	1.4861934185028076	1.210878610610962	0.5746634602546692	2.085810422897339	1.0381232500076294	0.45441433787345886	0.38945960998535156	1.1114270687103271	1.625453233718872	1.7362065315246582	2.9100654125213623	0.0	0.0	0.9357333183288574	0.12305445224046707	0.0	2.1993961334228516	0.0	0.0	0.7517814636230469	0.0	0.0	0.0	0.0	1.5638946294784546	0.6093935370445251	1.3162572383880615	1.4177390336990356	0.0	0.19007925689220428	0.6777970194816589	0.0	0.0	1.0518776178359985	1.1195976734161377	1.6680697202682495	0.2763427793979645	1.7017987966537476	0.0	0.029560290277004242	0.42034655809402466	0.0	0.0	1.8640711307525635	0.0	0.0	1.2846380472183228	1.0891664028167725	1.958982229232788
0.0	0.0	0.0	0.0	0.7386376261711121	0.0	2.2752223014831543	1.7151908874511719	0.35902202129364014	0.2668042480945587	1.41303551197052	0.0	0.0	0.5459904670715332	0.00816726591438055	1.2697697877883911	0.9258504509925842	0.48684820532798767	2.3944125175476074	1.3258774280548096	0.7479733228683472	0.2268940657377243	1.1588469743728638	1.8998804092407227	2.1433539390563965	2.7945027351379395	0.0	0.0	1.0692501068115234	0.13954173028469086	0.0	1.8616888523101807	0.0	0.08167815208435059	0.8338665962219238	0.0	0.0	0.0	0.0	1.5931686162948608	0.724551260471344	1.4250746965408325	1.693617582321167	0.0	0.17889513075351715	0.502972424030304	0.0	0.0	1.3608131408691406	1.2463326454162598	1.489038109779358	0.7658661007881165	1.7588562965393066	0.0	0.026747776195406914	0.19521215558052063	0.0	0.0	1.8587275743484497	0.0	0.07081753015518188	1.4636660814285278	1.251194953918457	2.298258066177368
0.0	0.0	0.0	0.0	0.6462361812591553	0.0	2.4543683528900146	1.582686424255371	0.3076947331428528	0.22228825092315674	0.923285186290741	0.0	0.0	0.07996270060539246	0.0	1.7604591846466064	1.3254629373550415	0.0	1.766287922859192	0.6233450770378113	0.3701379597187042	0.21817567944526672	1.1740550994873047	1.6392717361450195	1.011291265487671	3.3261868953704834	0.0	0.0	1.1749478578567505	0.0	0.0	1.4773770570755005	0.0	0.0	1.0032286643981934	0.0	0.0	0.0	0.0	1.666452169418335	0.6140785813331604	1.4618645906448364	1.1902023553848267	0.0	0.21503695845603943	0.5920937657356262	0.0	0.0	1.3126829862594604	1.7148641347885132	1.8152488470077515	0.5471096634864807	1.4731978178024292	0.0	0.12046945840120316	0.3662037253379822	0.0	0.0	1.5325372219085693	0.0	0.0	1.1236391067504883	1.0049419403076172	1.4696359634399414
0.0	0.0	0.0	0.09343431144952774	1.0279526710510254	0.0	2.1289985179901123	2.113863468170166	0.0	0.13150246441364288	1.3423843383789062	0.0	0.0	0.05916345492005348	0.4286271929740906	1.5036461353302002	1.0489344596862793	1.224776029586792	3.0290019512176514	1.035910725593567	0.8257426023483276	0.3578616976737976	0.8953202366828918	1.350100040435791	2.510160207748413	2.8863210678100586	0.0	0.0	0.8607737421989441	0.9043785333633423	0.0	2.027337074279785	0.0	0.19189782440662384	0.7050686478614807	0.0	0.0	0.0	0.0	1.2759389877319336	0.7001817226409912	1.38691246509552	1.6730077266693115	0.0	0.18088366091251373	0.8663653135299683	0.19666944444179535	0.0	1.2764112949371338	0.8276278376579285	1.7701536417007446	0.6302906274795532	1.8622102737426758	0.0	0.09838759899139404	0.4350384473800659	0.0	0.0	1.9452323913574219	0.0	0.0	0.8700220584869385	0.8821982741355896	2.383615255355835
0.0	0.0	0.22753706574440002	0.0	1.0490833520889282	0.0	2.6432836055755615	2.3768112659454346	0.019821032881736755	0.3788871467113495	1.043286919593811	0.0	0.0	0.0	0.026657721027731895	1.3726102113723755	0.49246400594711304	0.19620966911315918	2.826673746109009	1.2949188947677612	0.3830256760120392	0.9163335561752319	1.4574276208877563	0.9656225442886353	1.6643052101135254	2.7379062175750732	0.0	0.0	0.9981407523155212	0.0	0.0	1.7789233922958374	0.0	0.0	1.3771690130233765	0.0	0.0	0.0	0.0	1.2534213066101074	0.6419739127159119	1.8977627754211426	1.2689263820648193	0.0	0.0	0.8303043842315674	0.2810606062412262	0.0	0.9439355134963989	1.1658514738082886	2.0181190967559814	0.8912432789802551	1.2974896430969238	0.0	0.0	0.4999067187309265	0.0	0.0	1.7477798461914062	0.0	0.0	0.4233803451061249	1.2095102071762085	1.8034569025039673
0.0	0.0	0.0	0.0	0.7829803228378296	0.0	1.8942902088165283	1.6020628213882446	0.15326648950576782	0.09829423576593399	1.0016862154006958	0.0	0.0	0.24575208127498627	0.09330997616052628	1.1967947483062744	1.4899072647094727	0.40513738989830017	2.2630300521850586	1.011928915977478	0.6731336712837219	0.0	0.8535565733909607	1.6877011060714722	1.8991183042526245	3.209256410598755	0.0	0.0	1.078562617301941	0.0	0.0	1.44467294216156	0.0	0.0	0.6982779502868652	0.0	0.0	0.0	0.0	1.535783052444458	0.6820486783981323	1.4391847848892212	1.67592453956604	0.0	0.23658810555934906	0.49902185797691345	0.0	0.0	1.2766481637954712	1.5156654119491577	1.4860457181930542	0.4668809771537781	1.382591724395752	0.0	0.18239423632621765	0.3523504436016083	0.0	0.0	1.6579350233078003	0.0	0.0	1.1173350811004639	0.6508662104606628	1.6593927145004272
0.0	0.10009433329105377	0.0	0.0	0.4154667556285858	0.0	2.3011913299560547	1.904630422592163	0.19161856174468994	0.6151347160339355	0.7989253997802734	0.0	0.0	0.0	0.0	1.8534022569656372	0.49697345495224	0.0	1.9415792226791382	0.7284195423126221	0.30763527750968933	0.26691702008247375	1.5765048265457153	1.5632314682006836	1.0218642950057983	3.145136833190918	0.0	0.0	1.2012027502059937	0.0	0.0	1.7673170566558838	0.42618921399116516	0.0	1.061239242553711	0.0	0.08027592301368713	0.0	0.0	1.422352910041809	0.9108625054359436	1.9619227647781372	0.8132853507995605	0.0	0.15427926182746887	0.7436805963516235	0.0	0.0	1.1955190896987915	1.5596145391464233	2.323488712310791	0.47501450777053833	0.7669791579246521	0.0	0.009740350767970085	0.5782226324081421	0.0	0.2525392770767212	1.5461442470550537	0.0	0.6299445033073425	1.2506120204925537	1.321970820426941	2.4495880603790283
0.0	0.0	0.0	0.0	0.8015668392181396	0.0	2.2886440753936768	1.9277539253234863	0.5600723624229431	0.2692009508609772	0.7973190546035767	0.0	0.0	0.0	0.0	1.7172329425811768	0.6486397385597229	0.0	1.825666904449463	0.7123787999153137	0.38750800490379333	0.5395066738128662	0.9640893340110779	1.8437788486480713	1.243021845817566	2.9836442470550537	0.0	0.0	0.7418481707572937	0.012921832501888275	0.0	1.999082088470459	0.516961932182312	0.0	1.3721694946289062	0.0	0.1585019826889038	0.0	0.0	1.3713055849075317	0.6812776327133179	1.3220901489257812	1.0032860040664673	0.0	0.26584821939468384	0.6546569466590881	0.0	0.0	1.3412176370620728	1.5822538137435913	2.0275726318359375	0.38259580731391907	1.1516087055206299	0.0	0.006678217556327581	0.3957391083240509	0.0	0.12132285535335541	1.7398574352264404	0.0	0.19855770468711853	1.0575546026229858	1.7506110668182373	2.3437998294830322
0.0	0.0	0.22895614802837372	0.0	1.1085344552993774	0.0	2.3047637939453125	2.0200703144073486	0.0	0.5567573308944702	1.3703160285949707	0.0	0.0	0.06333200633525848	0.0	1.4846556186676025	0.8610657453536987	0.1620398461818695	2.3687262535095215	1.2997478246688843	0.6097345352172852	0.42876699566841125	1.637324333190918	1.7311345338821411	2.2758212089538574	2.871580123901367	0.0	0.0	0.9750304818153381	0.0	0.0	1.8844021558761597	0.0	0.23022513091564178	1.488035798072815	0.0	0.0	0.0	0.0	1.3980026245117188	0.7209845781326294	1.58543062210083	1.6726853847503662	0.0	0.058720026165246964	0.5720785856246948	0.0	0.0	1.3456708192825317	0.9583542346954346	1.7033356428146362	0.9537678956985474	1.837776780128479	0.0	0.041385717689991	0.16563065350055695	0.0	0.0	2.1148107051849365	0.0	0.25876325368881226	0.6788589954376221	1.0879642963409424	1.6711217164993286
0.0	0.0	0.0	0.0	1.1146763563156128	0.0	2.026547908782959	1.6006075143814087	0.0034332533832639456	0.2478514462709427	1.1332118511199951	0.0	0.0	0.010601276531815529	0.2130485624074936	1.0910190343856812	1.1495457887649536	0.3616107702255249	2.4170122146606445	1.3029146194458008	0.7086276412010193	0.0	1.2934504747390747	1.53116774559021	1.9351876974105835	2.901381015777588	0.0	0.0	1.0740574598312378	0.0	0.0	1.7847498655319214	0.0	0.043957460671663284	0.8735706806182861	0.0	0.0	0.0	0.0	1.4662672281265259	0.7996283769607544	1.5500935316085815	1.5769721269607544	0.0	0.13272976875305176	0.4852515161037445	0.0	0.0	1.278032660484314	1.3341988325119019	1.2929227352142334	0.33870670199394226	1.6302921772003174	0.0	0.0	0.18228456377983093	0.0	0.0	1.7676538228988647	0.0	0.0	0.9944754838943481	0.7856577634811401	1.9138680696487427
0.0	0.0	0.0	0.0	0.8829059600830078	0.0	2.2757551670074463	2.1276416778564453	0.2800544202327728	0.03355437144637108	0.7437805533409119	0.0	0.0	0.0	0.0	1.6794954538345337	0.9970033764839172	0.0	1.9061779975891113	0.9084755182266235	0.5561223030090332	0.16755716502666473	1.2381093502044678	1.3829818964004517	1.7729058265686035	3.566338300704956	0.0	0.0	0.9327394366264343	0.0	0.0	1.4483716487884521	0.0	0.0	1.068876028060913	0.0	0.0	0.0	0.0	1.3125041723251343	0.6193349361419678	1.6246917247772217	1.1206828355789185	0.0	0.0873490422964096	0.6453422904014587	0.0	0.0	1.151801347732544	1.5931771993637085	1.7848297357559204	0.7934955358505249	0.9653936624526978	0.0	0.10426103323698044	0.6627151370048523	0.0	0.0	1.3204609155654907	0.0	0.0	0.937787652015686	0.8495326638221741	2.2566142082214355
0.0	0.0	0.0	0.0	0.9069135189056396	0.0	2.29827618598938	1.8201062679290771	0.18788455426692963	0.302668958902359	1.0687007904052734	0.0	0.0	0.04031669721007347	0.0	1.1420060396194458	1.3196992874145508	0.22802789509296417	2.029221296310425	0.892772912979126	0.5465588569641113	0.0	0.7508124113082886	1.4969149827957153	2.108727216720581	3.310135841369629	0.0	0.0	1.076914668083191	0.0	0.0	1.6917403936386108	0.0	0.3182431757450104	1.0110805034637451	0.0	0.0	0.0	0.02211562544107437	1.4959831237792969	0.764227032661438	1.7349284887313843	1.2287813425064087	0.0	0.12066111713647842	0.46676385402679443	0.0	0.0	1.3916176557540894	1.7269065380096436	1.6317613124847412	0.8336284160614014	1.3354883193969727	0.0	0.16893324255943298	0.26260635256767273	0.0	0.0	1.7079524993896484	0.0	0.0	1.20526921749115	0.7999972701072693	1.7976577281951904
0.0	0.0	0.0	0.0	0.2209605574607849	0.0	2.3278751373291016	1.99972665309906	0.19021832942962646	0.5909355878829956	0.8407636284828186	0.0	0.0	0.0	0.0	2.143686532974243	0.9174476265907288	0.0	1.6586649417877197	0.6280649304389954	0.28950366377830505	0.44458243250846863	1.0469615459442139	1.6889774799346924	0.8861212134361267	3.228611707687378	0.0	0.0	0.8696407675743103	0.0	0.0	1.6448426246643066	0.22303928434848785	0.0	1.3653141260147095	0.0	0.10863444209098816	0.0	0.0	1.5261260271072388	0.682669460773468	1.4969795942306519	1.0925956964492798	0.0	0.0	0.6963308453559875	0.0	0.0	1.1715325117111206	1.52378511428833	1.9401296377182007	0.2756960391998291	0.9244622588157654	0.0	0.19262133538722992	0.717680811882019	0.0	0.0	1.443323016166687	0.0	0.03203843906521797	1.2565428018569946	1.1998322010040283	2.1003148555755615
0.0	0.0	0.0	0.0	0.6043171882629395	0.0	2.2055413722991943	1.6288690567016602	0.22980184853076935	0.29425162076950073	0.8658419251441956	0.0	0.0	0.0	0.0	1.7715542316436768	0.8989673852920532	0.0	2.148822784423828	0.5397692322731018	0.40162280201911926	0.23680523037910461	1.3590242862701416	1.6500461101531982	1.1602342128753662	3.5879993438720703	0.0	0.0	0.7117250561714172	0.06231129914522171	0.0	1.890708565711975	0.047108158469200134	0.0	1.1050493717193604	0.0	0.0	0.0	0.0	1.433372974395752	0.5448143482208252	1.5898689031600952	1.0195555686950684	0.0	0.06211701035499573	0.6066012978553772	0.0	0.0	0.8665940761566162	1.8136144876480103	1.8016576766967773	0.4301970303058624	1.0800552368164062	0.0	0.16715846955776215	0.30364418029785156	0.0	0.09207670390605927	1.6132858991622925	0.0	0.08000491559505463	1.822861909866333	1.2960764169692993	1.4539908170700073
0.0	0.0	0.0	0.0	0.8710185289382935	0.0	2.080758810043335	1.8861969709396362	0.14258140325546265	0.11290066689252853	0.7649051547050476	0.0	0.0	0.0	0.1978885680437088	1.3358879089355469	1.1723154783248901	0.24306373298168182	2.3269131183624268	0.8757038712501526	0.43843358755111694	0.28087812662124634	1.5425338745117188	1.3422012329101562	1.8656522035598755	3.1484296321868896	0.0	0.0	0.9817707538604736	0.0	0.0	1.9328134059906006	0.0	0.0	0.9120757579803467	0.0	0.0	0.0	0.0	1.491397738456726	0.6115557551383972	1.6623529195785522	1.448947787284851	0.0	0.23869571089744568	0.6080909967422485	0.0	0.0	1.2120057344436646	1.4247711896896362	1.605972409248352	0.43121644854545593	1.5250118970870972	0.0	0.0	0.4163099229335785	0.0	0.0	1.5777205228805542	0.0	0.0	1.316277027130127	0.8420060873031616	1.944846749305725
0.0	0.0	0.12861508131027222	0.0	1.2326467037200928	0.0	2.189980983734131	2.3689520359039307	0.058711692690849304	0.20681904256343842	1.2586669921875	0.0	0.0	0.0	0.370705246925354	1.3411632776260376	0.9125829935073853	0.7631512880325317	2.3929977416992188	0.9999828338623047	0.4780341684818268	1.3323216438293457	0.9903822541236877	1.337347388267517	2.5537235736846924	3.2048754692077637	0.0	0.0	1.1291255950927734	0.5121954679489136	0.03830736130475998	2.4067163467407227	0.0	0.1885373592376709	1.1615920066833496	0.0	0.0	0.0	0.0	1.2718082666397095	0.6670083403587341	1.8620671033859253	1.3541725873947144	0.0	0.17344439029693604	0.768977701663971	0.0	0.0	0.9492461681365967	0.9559576511383057	1.626416563987732	0.43023425340652466	1.6666016578674316	0.0	0.0	0.3844326138496399	0.0	0.0	1.7262598276138306	0.0	0.0	0.8921652436256409	1.294381856918335	1.9983856678009033
0.0	0.0	0.0	0.0	0.891451895236969	0.0	2.569526433944702	1.7305119037628174	0.20452705025672913	0.13629816472530365	0.7380312085151672	0.0	0.0	0.0	0.0	1.2387471199035645	1.2908293008804321	0.0	1.9346939325332642	0.8479504585266113	0.3888830840587616	0.0	0.8373470306396484	1.7244510650634766	1.4540069103240967	3.6769421100616455	0.0	0.0	1.010015845298767	0.0	0.0	1.4341671466827393	0.0	0.0	1.0213745832443237	0.0	0.0	0.0	0.0	1.5748342275619507	0.4900229871273041	1.6487133502960205	1.0657908916473389	0.0	0.0	0.48899659514427185	0.0	0.0	1.2054733037948608	1.5261026620864868	1.6216161251068115	0.6083701848983765	1.1946314573287964	0.0	0.21461036801338196	0.2630217373371124	0.0	0.0	1.4011852741241455	0.0	0.0	1.1392815113067627	0.748330295085907	1.1088017225265503
0.0	0.0	0.2433544248342514	0.0	1.0723552703857422	0.0	2.400689125061035	2.093787908554077	0.11155128479003906	0.2778703272342682	1.2460367679595947	0.0	0.0	0.036740273237228394	0.0	1.1956278085708618	0.6466400027275085	0.5248425602912903	2.516277313232422	1.1869900226593018	0.580042839050293	0.5560064911842346	1.1750469207763672	1.3370424509048462	2.349083185195923	2.581235885620117	0.0	0.0	0.9424041509628296	0.4026722013950348	0.0	2.0310699939727783	0.0	0.1692439764738083	1.2313367128372192	0.0	0.0	0.0	0.0	1.3942458629608154	0.8187292814254761	1.624630093574524	1.5408072471618652	0.0	0.1748914271593094	0.5528014302253723	0.0	0.0	1.1254475116729736	1.119204044342041	2.0031042098999023	0.8648180961608887	2.0785865783691406	0.0	0.0	0.19415493309497833	0.0	0.0	1.958159327507019	0.0	0.19906671345233917	0.6926469802856445	1.7839715480804443	2.0922610759735107
0.0	0.0	0.0	0.0	0.9793302416801453	0.0	2.202284812927246	1.8561660051345825	0.0	0.4816146194934845	1.2724711894989014	0.0	0.0	0.06629467755556107	0.12882064282894135	1.1850003004074097	0.7786505818367004	0.86336350440979	2.5314645767211914	1.2675988674163818	0.6260075569152832	0.4886091649532318	0.9004443287849426	1.2420976161956787	2.1155385971069336	2.7104601860046387	0.0	0.0	1.107955813407898	0.4841296970844269	0.0	1.8807555437088013	0.0	0.0	1.076581597328186	0.0	0.004570147022604942	0.0	0.0	1.4396929740905762	0.5759332180023193	1.520559549331665	1.6671035289764404	0.0	0.07308784127235413	0.8286821246147156	0.0	0.0	1.26248300075531	0.7201573252677917	1.5816928148269653	0.3057253360748291	2.0719916820526123	0.0	0.0	0.24045120179653168	0.0	0.0	1.8200325965881348	0.0	0.0	0.4612135589122772	1.0037257671356201	1.8656635284423828
0.0	0.0	0.1498597115278244	0.0	1.0986227989196777	0.0	2.0419223308563232	1.6671468019485474	0.1901196986436844	0.26488161087036133	0.7331371903419495	0.0	0.0	0.049460966140031815	0.0	1.6837130784988403	1.4209398031234741	0.20791496336460114	1.898514986038208	0.9322305917739868	0.4936506450176239	0.6743788719177246	0.9333953261375427	1.543717622756958	1.875657558441162	3.456852436065674	0.0	0.0	0.787489652633667	0.747029721736908	0.0	2.2111525535583496	0.0	0.36491331458091736	1.2746500968933105	0.0	0.0	0.0	0.0	1.506708025932312	0.48423245549201965	1.6585224866867065	1.2117483615875244	0.0	0.4384230375289917	0.5596264004707336	0.0	0.0	1.1118143796920776	1.81765878200531	1.5939208269119263	0.4398057758808136	1.7584418058395386	0.0	0.2167748510837555	0.3570367693901062	0.0	0.056050099432468414	1.668778419494629	0.0	0.13729339838027954	1.4210020303726196	1.0187562704086304	2.6736526489257812
0.0	0.0	0.0	0.0	0.8929687142372131	0.0	1.9967751502990723	1.724894404411316	0.2034366875886917	0.09408770501613617	0.7774344682693481	0.0	0.0	0.047783538699150085	0.0066274055279791355	1.3304588794708252	1.0424020290374756	0.14621593058109283	2.0550413131713867	0.995033323764801	0.48142367601394653	0.25887951254844666	1.0816341638565063	1.2857247591018677	1.934116005897522	3.191218137741089	0.0	0.0	1.0156238079071045	0.03164172172546387	0.0	1.8769376277923584	0.061631426215171814	0.0	0.7939363121986389	0.0	0.0	0.0	0.0	1.4245744943618774	0.6553745865821838	1.5555390119552612	1.3271522521972656	0.0	0.16247528791427612	0.547272264957428	0.0	0.0	1.0358686447143555	1.549619436264038	1.6495590209960938	0.6472302079200745	1.3024388551712036	0.0	0.07803111523389816	0.5398656725883484	0.0	0.0	1.489215612411499	0.0	0.0	0.9736359715461731	0.9144401550292969	2.3329358100891113
0.0	0.0	0.0	0.0	0.6721163988113403	0.0	2.1851015090942383	2.003873348236084	0.3097895681858063	0.11572985351085663	0.7139118909835815	0.09936336427927017	0.0	0.1416054666042328	0.1324853003025055	1.6927812099456787	1.1841022968292236	0.43088260293006897	2.2812464237213135	0.8285540342330933	0.5052347779273987	0.7258229851722717	1.5019124746322632	1.4780807495117188	1.7373863458633423	3.0441603660583496	0.0	0.0	0.8762552738189697	0.10423952341079712	0.0	1.8080374002456665	0.4599197804927826	0.0	0.7878926396369934	0.0	0.22133217751979828	0.0	0.0	1.438007116317749	0.4908442497253418	1.6171386241912842	1.1942980289459229	0.0	0.3845743238925934	0.9642585515975952	0.0	0.0	0.7631906270980835	1.108678936958313	1.5870591402053833	0.5601017475128174	1.1891093254089355	0.0	0.05014098435640335	0.6342832446098328	0.0	0.12930047512054443	1.5603156089782715	0.0	0.09112240374088287	1.703855276107788	1.1519105434417725	2.4767274856567383
0.0	0.0	0.0	0.0	0.7780510783195496	0.0	2.1008670330047607	1.7432446479797363	0.18041209876537323	0.4405561685562134	0.8531656265258789	0.0	0.0	0.0	0.0	1.5897630453109741	1.0602229833602905	0.0	1.9569950103759766	0.8028815984725952	0.6085411906242371	0.3902011215686798	1.2062009572982788	1.6710808277130127	1.3975787162780762	3.315946578979492	0.0	0.0	1.3450299501419067	0.0	0.0	1.9410791397094727	0.0	0.0	0.7391175031661987	0.0	0.0	0.0	0.0	1.58567214012146	0.766963005065918	1.9119549989700317	1.3757272958755493	0.0	0.08977674692869186	0.7482662200927734	0.0	0.0	1.284295678138733	1.6489042043685913	1.408515453338623	0.23830671608448029	1.2575275897979736	0.0	0.04937969520688057	0.4185580909252167	0.0	0.0	1.5193395614624023	0.0	0.0	1.3257862329483032	1.283853530883789	2.050711154937744
0.0	0.0	0.0	0.0	0.827863335609436	0.0	2.545923948287964	1.8674602508544922	0.4242938458919525	0.4402638375759125	1.243794322013855	0.0	0.0	0.16778871417045593	0.0	1.2183455228805542	1.0743061304092407	0.24638810753822327	2.5146396160125732	1.0874812602996826	0.7633930444717407	0.018453648313879967	1.5475847721099854	1.5250407457351685	1.7569451332092285	3.31032395362854	0.0	0.0	0.9494181871414185	0.2905343174934387	0.028102485463023186	1.7600798606872559	0.09281300008296967	0.0060663288459181786	0.7002742886543274	0.0	0.16171152889728546	0.0	0.0	1.5407108068466187	0.5962257385253906	0.9333921670913696	1.7412137985229492	0.0	0.11536943912506104	0.5054144859313965	0.0	0.0	1.1697766780853271	0.96982741355896	1.670118808746338	0.35019931197166443	1.6616870164871216	0.0	0.06312959641218185	0.19777822494506836	0.0	0.0	2.091869831085205	0.0	0.48108792304992676	1.6768882274627686	0.7238935828208923	1.9011197090148926
0.0	0.0	0.33059459924697876	0.0	1.0221399068832397	0.0	2.0274462699890137	2.148369073867798	0.0	0.30457887053489685	0.9439950585365295	0.0	0.0	0.2998773455619812	0.4352074861526489	1.2723283767700195	1.022338628768921	0.41361624002456665	2.4663350582122803	1.0189021825790405	0.34590578079223633	0.18163152039051056	1.0565701723098755	1.347393274307251	3.070859670639038	2.690871477127075	0.0	0.0	0.8281280994415283	0.3987896740436554	0.0	1.8176054954528809	0.0	0.9387893080711365	1.0381004810333252	0.0	0.0	0.0	0.0	1.5128837823867798	0.4408445954322815	1.275619387626648	1.7165729999542236	0.0	0.7750723361968994	0.7609334588050842	0.0	0.0	1.129292368888855	1.1468974351882935	1.676387906074524	0.8586288094520569	2.9403417110443115	0.0	0.32580921053886414	0.5391708016395569	0.0	0.0	2.262070655822754	0.0	0.9472196102142334	0.7296768426895142	1.3580447435379028	1.8218448162078857
0.0	0.0	0.0	0.0	0.8324272632598877	0.0	2.021257162094116	2.0127570629119873	0.05929366499185562	0.3403059244155884	0.6485122442245483	0.0	0.0	0.045492518693208694	0.0	1.9218425750732422	0.8742955327033997	0.0	2.098355293273926	0.8947488069534302	0.30022871494293213	0.36952802538871765	1.2870283126831055	1.4679744243621826	1.96863853931427	3.062628746032715	0.0	0.0	0.825439989566803	0.12247289717197418	0.0	2.1075384616851807	0.3795899450778961	0.0	1.165376901626587	0.0	0.3175390362739563	0.0	0.0	1.5699619054794312	0.5242618918418884	1.632382869720459	1.2290656566619873	0.0	0.025713393464684486	0.6608218550682068	0.0	0.0	0.8000684380531311	1.0585896968841553	1.7062724828720093	0.3400145471096039	1.3364160060882568	0.0	0.16836635768413544	0.4459705948829651	0.0	0.016136454418301582	1.7828906774520874	0.0	0.5266831517219543	1.4196116924285889	1.6779420375823975	2.495468854904175
0.0	0.0	0.0	0.0	0.7563670873641968	0.0	2.1130363941192627	1.889278769493103	0.14031797647476196	0.534205436706543	0.5930929780006409	0.0	0.0	0.04603106901049614	0.0	1.9694421291351318	1.0069186687469482	0.0	1.651992917060852	1.1436073780059814	0.447784960269928	0.36442768573760986	1.0113126039505005	1.7897610664367676	1.203015923500061	3.3074707984924316	0.0	0.0	1.1081920862197876	0.19279268383979797	0.0	1.989875316619873	0.3659972846508026	0.0	1.0855809450149536	0.0	0.023702889680862427	0.0	0.0	1.4698272943496704	0.6130412817001343	1.6652554273605347	1.1727179288864136	0.0	0.30342981219291687	0.5869925022125244	0.0	0.0	1.1652190685272217	1.1461936235427856	1.4966869354248047	0.5156967043876648	1.0879112482070923	0.0	0.12940609455108643	0.5471324324607849	0.0	0.0	1.532141089439392	0.0	0.11269975453615189	1.271967887878418	1.4501407146453857	2.361586093902588
0.0	0.0	0.0	0.0	0.9383927583694458	0.0	2.298159599304199	1.7862193584442139	0.1370171755552292	0.06074593588709831	0.8579754829406738	0.0	0.0	0.041824642568826675	0.121176578104496	1.308670163154602	1.0896000862121582	0.2355179488658905	2.1225180625915527	0.9896750450134277	0.44831180572509766	0.36484962701797485	0.9311087727546692	1.3886446952819824	1.819197654724121	3.0364086627960205	0.0	0.0	0.9413930177688599	0.0	0.0	1.7922000885009766	0.0	0.0	1.072609305381775	0.0	0.0	0.0	0.0	1.4266468286514282	0.6467299461364746	1.559937834739685	1.2682830095291138	0.0	0.11519736796617508	0.789663553237915	0.0	0.0	1.161429762840271	1.4634578227996826	1.763456106185913	0.5603347420692444	1.2325890064239502	0.0	0.05151628330349922	0.4800768792629242	0.0	0.0	1.4633513689041138	0.0	0.0	0.9457736611366272	1.0925372838974	2.048522710800171
0.0	0.0	0.0	0.0	0.7719685435295105	0.0	2.006277322769165	1.8897055387496948	0.10098379850387573	0.2581939101219177	1.042834758758545	0.0	0.0	0.17795157432556152	0.0	1.2636488676071167	1.3977423906326294	0.18620511889457703	2.2858262062072754	0.9314084053039551	0.5545598864555359	0.4222429394721985	0.9820566177368164	1.6068280935287476	1.4870798587799072	2.965474843978882	0.0	0.0	0.8845723867416382	0.3413606882095337	0.0	1.596030831336975	0.0	0.0	1.2123717069625854	0.0	0.0	0.0	0.0	1.5628925561904907	0.7057881355285645	1.4335055351257324	1.5330945253372192	0.0	0.23338361084461212	0.582489013671875	0.0	0.0	1.2912877798080444	2.0456924438476562	1.5868521928787231	0.6453336477279663	1.4896105527877808	0.0	0.06691524386405945	0.3516782522201538	0.0	0.0	1.7711929082870483	0.0	0.180026113986969	0.8987884521484375	0.8827580809593201	1.9648898839950562
0.0	0.0	0.0	0.0	1.162974238395691	0.0	2.0368118286132812	1.7744005918502808	0.1306518018245697	0.12460947036743164	1.2474037408828735	0.0	0.0	0.29974883794784546	0.14722642302513123	1.3920670747756958	1.0355147123336792	0.7839003205299377	2.841980457305908	1.3388795852661133	0.7473787069320679	0.40521806478500366	1.3687456846237183	1.2947170734405518	2.235074043273926	2.9217569828033447	0.0	0.0	1.2242220640182495	0.45174193382263184	0.0	1.9401426315307617	0.0	0.1864398568868637	1.1588749885559082	0.0	0.0018227531109005213	0.0	0.0	1.5708683729171753	0.586057722568512	1.2159444093704224	1.598933219909668	0.0	0.05595846101641655	0.48305997252464294	0.0	0.0	1.0833021402359009	1.028969407081604	1.5790258646011353	0.19974032044410706	2.1873581409454346	0.0	0.07327663153409958	0.3609798550605774	0.0	0.0	1.8031917810440063	0.0	0.0	1.0808720588684082	1.1416257619857788	2.1262524127960205
0.0	0.0	0.0	0.0	0.8686559796333313	0.0	2.6698074340820312	1.8224639892578125	0.2204870730638504	0.4914166331291199	0.8127112984657288	0.0	0.0	0.0	0.0	1.4215927124023438	1.041664958000183	0.0	1.977400302886963	0.7368727326393127	0.43502649664878845	0.08058999478816986	1.2510961294174194	1.7844045162200928	1.1252458095550537	3.374776601791382	0.0	0.0	0.7798095345497131	0.0	0.0	1.071097493171692	0.0	0.0	0.8167828917503357	0.0	0.0	0.0	0.0	1.4409340620040894	0.7008891105651855	1.4007883071899414	1.0991408824920654	0.0	0.048236336559057236	0.5848411321640015	0.0	0.0	1.1376804113388062	1.8343172073364258	1.760249137878418	0.5271312594413757	0.6774321794509888	0.0	0.10041983425617218	0.18854489922523499	0.0	0.0	1.4132479429244995	0.0	0.0	1.3868980407714844	0.9535182118415833	1.4209160804748535
0.0	0.0	0.0	0.0	1.307789921760559	0.0	2.4278736114501953	1.984999418258667	0.30907389521598816	0.27463945746421814	0.9121522903442383	0.0	0.0	0.17588801681995392	0.0	1.702029824256897	1.5112944841384888	0.0	2.0715692043304443	0.8394252061843872	0.6590532660484314	0.2348620444536209	1.1681551933288574	1.6120712757110596	1.3244348764419556	2.378936529159546	0.0	0.0	0.783747136592865	0.20301558077335358	0.0	1.6476863622665405	0.14267975091934204	0.0	1.2164061069488525	0.0	0.0	0.0	0.0	1.3777965307235718	0.7773948311805725	0.9826024770736694	1.3255319595336914	0.0	0.13084354996681213	0.7804343104362488	0.0	0.0	1.4186131954193115	1.7263740301132202	2.3638267517089844	0.8067644834518433	0.7174034118652344	0.0	0.15547128021717072	0.40245679020881653	0.0	0.0	1.6130406856536865	0.0	0.0	1.3505213260650635	0.8720183968544006	2.2785048484802246
0.0	0.0	0.0	0.0	1.127583384513855	0.0	2.0091023445129395	1.844076156616211	0.3036178648471832	0.13012298941612244	0.9776047468185425	0.0	0.0	0.0	0.010311353020370007	1.305580735206604	1.4096578359603882	0.17709991335868835	1.8274401426315308	1.0139681100845337	0.6191888451576233	0.0	0.7332890033721924	1.8732810020446777	1.6033835411071777	3.464785575866699	0.0	0.0	0.9245834350585938	0.0	0.0	1.9070713520050049	0.0	0.0	0.5747555494308472	0.0	0.0	0.0	0.0	1.4999645948410034	0.6414709091186523	1.5581012964248657	1.2729216814041138	0.0	0.10040062665939331	0.5290265679359436	0.0	0.0	1.123925805091858	1.6066466569900513	1.4586819410324097	0.360706090927124	1.609809398651123	0.0	0.11621386557817459	0.31691446900367737	0.0	0.020760824903845787	1.6009035110473633	0.0	0.0	1.128269076347351	0.6299222707748413	1.7921159267425537
0.04767904803156853	0.0	0.6307467222213745	0.016513511538505554	0.882737934589386	0.0	3.0175912380218506	1.7482653856277466	0.4059559106826782	0.11956103891134262	1.0409512519836426	0.0	0.0	0.18381436169147491	0.23363256454467773	1.4810270071029663	1.4170430898666382	0.5449789762496948	1.8873974084854126	1.2669419050216675	0.6406735777854919	0.4943438470363617	1.4489929676055908	1.7183761596679688	2.2965126037597656	2.8923497200012207	0.0	0.0	0.736329197883606	0.25860610604286194	0.0	1.143864393234253	0.0	0.9590187668800354	0.7820397019386292	0.0	0.0	0.0	0.0	0.9908304810523987	0.6981098055839539	1.286202311515808	1.3828269243240356	0.0	0.17840217053890228	1.0154829025268555	0.0	0.0	0.8406596779823303	1.0506446361541748	1.7808912992477417	1.0435343980789185	1.334364891052246	0.0	0.11584688723087311	0.8186222314834595	0.0	0.0	1.7463613748550415	0.0	0.0	1.5345840454101562	1.1038951873779297	2.009485960006714
0.0	0.0	0.0	0.0	0.32872894406318665	0.0	2.1670875549316406	1.6038397550582886	0.36798834800720215	0.5030701160430908	0.7852897047996521	0.0	0.0	0.0	0.0	1.9112861156463623	1.215476155281067	0.0	2.0078988075256348	0.9266899824142456	0.4653344750404358	0.05335665121674538	1.0207629203796387	1.7824565172195435	1.373970866203308	3.5529983043670654	0.0	0.0	0.7100767493247986	0.0	0.0	1.7794804573059082	0.0	0.0	1.2020573616027832	0.0	0.0	0.0	0.0	1.4205559492111206	0.5598340034484863	1.3881257772445679	1.3922253847122192	0.0	0.25718241930007935	0.7241954803466797	0.0	0.0	1.214703917503357	1.6271281242370605	1.7630319595336914	0.6784354448318481	0.9144741296768188	0.0	0.17379604279994965	0.27314281463623047	0.0	0.0	1.7734887599945068	0.0	0.19389064610004425	1.606380820274353	1.1705198287963867	1.7680190801620483
0.0	0.0	0.0	0.0	0.886337161064148	0.0	2.1779274940490723	1.2707260847091675	0.3626258373260498	0.026166971772909164	1.0893007516860962	0.013089693151414394	0.0	0.2702461779117584	0.10590356588363647	0.9158357381820679	1.3775410652160645	0.0	1.9333081245422363	0.6698315143585205	0.7432588338851929	0.0	1.046891212463379	1.8290998935699463	1.7382166385650635	3.363483190536499	0.0	0.0	1.1115456819534302	0.0	0.0	1.687646746635437	0.0	0.21203094720840454	0.6315615773200989	0.0	0.0	0.0	0.0	1.3945155143737793	0.7333531379699707	1.4629136323928833	1.6224379539489746	0.0	0.2734045088291168	0.5367622375488281	0.0	0.0	1.2170478105545044	1.6601594686508179	1.3885198831558228	0.3792761266231537	1.8421854972839355	0.0	0.18439173698425293	0.2104806751012802	0.0	0.0	1.6346731185913086	0.0	0.2367066591978073	1.5148956775665283	0.6173012256622314	1.8208537101745605
0.0	0.0	0.0	0.0	1.0550912618637085	0.0	2.311143636703491	1.842471957206726	0.10232394933700562	0.5192638635635376	0.7762390971183777	0.0	0.0	0.0	0.0	1.4210025072097778	0.9405015110969543	0.0	1.997846007347107	0.7086378931999207	0.3002668023109436	0.15563645958900452	1.1570550203323364	1.6522901058197021	0.9193452000617981	3.1091456413269043	0.0	0.0	0.839152455329895	0.0	0.0	1.0465571880340576	0.0	0.0	1.2291361093521118	0.0	0.0	0.0	0.0	1.445976734161377	0.8082756996154785	1.3292542695999146	1.1388123035430908	0.0	0.0017114686779677868	0.6218165755271912	0.0	0.0	1.3070940971374512	1.5830687284469604	1.8203860521316528	0.7425349354743958	0.6478939652442932	0.0	0.16643372178077698	0.2465948909521103	0.0	0.0	1.5881383419036865	0.0	0.04569918289780617	1.5104856491088867	0.8976040482521057	1.2401047945022583
0.0	0.0	0.0	0.0	1.0129458904266357	0.0	2.3991012573242188	1.9911271333694458	0.0	0.06181451678276062	1.2351293563842773	0.0	0.0	0.2728634476661682	0.48437967896461487	0.9629309773445129	1.1650584936141968	1.1289457082748413	2.831376314163208	1.2202365398406982	0.7172548174858093	0.46692779660224915	1.4988940954208374	1.495574712753296	2.687685966491699	2.856964588165283	0.0	0.0	1.0534164905548096	0.3113226592540741	0.12423387914896011	1.9896150827407837	0.0	0.20481723546981812	0.6466517448425293	0.0	0.0	0.0	0.0	1.3983933925628662	0.5923357605934143	1.7431539297103882	1.5518618822097778	0.0	0.10720158368349075	0.6480653882026672	0.1511518657207489	0.0	0.8439517021179199	0.7529520988464355	1.5133119821548462	0.42042768001556396	1.799855351448059	0.0	0.059218209236860275	0.5256950855255127	0.0	0.0	1.6867414712905884	0.0	0.11204018443822861	0.8689397573471069	1.0929930210113525	1.8435159921646118
0.0	0.0	0.0	0.0	0.8599911332130432	0.0	2.56428861618042	1.7816779613494873	0.19325339794158936	0.07599664479494095	0.8599011301994324	0.0	0.0	0.0	0.059202712029218674	1.4300241470336914	1.3028007745742798	0.13844215869903564	1.9644231796264648	1.0380936861038208	0.7373638153076172	0.0	1.1526168584823608	1.6259571313858032	1.500411868095398	3.416560173034668	0.0	0.0	0.9167926907539368	0.0	0.0	1.2162920236587524	0.0	0.0	0.9174214005470276	0.0	0.0	0.0	0.0	1.5526872873306274	0.6073002219200134	1.4500950574874878	1.5707329511642456	0.0	0.11899100244045258	0.5024756193161011	0.0	0.0	1.1491726636886597	1.523582935333252	1.5219783782958984	0.5361760854721069	0.9239723086357117	0.0	0.12451886385679245	0.4477573037147522	0.0	0.0	1.4375841617584229	0.0	0.0	1.236280083656311	0.5616956353187561	1.7684935331344604
0.0	0.0	0.0	0.0	1.0373283624649048	0.0	2.1905629634857178	1.6513370275497437	0.0	0.18569155037403107	1.0287981033325195	0.0	0.0	0.07002683728933334	0.10670461505651474	1.5223495960235596	1.2490355968475342	0.45105305314064026	2.5424740314483643	0.9866111278533936	0.717426061630249	0.0	1.017163872718811	1.663954734802246	2.3190114498138428	2.9090218544006348	0.0	0.0	1.1512912511825562	0.0	0.0	2.365051031112671	0.0	0.0	0.994203507900238	0.0	0.294885516166687	0.0	0.0	1.7697021961212158	0.6594142317771912	1.6649245023727417	1.5257439613342285	0.0	0.21181495487689972	0.7710874676704407	0.0	0.0	1.1801602840423584	1.3217507600784302	1.6484519243240356	0.260635644197464	1.7930550575256348	0.0	0.04456168785691261	0.24704240262508392	0.0	0.0	1.6143096685409546	0.0	0.0	1.0016530752182007	0.9127547144889832	2.221024513244629
0.0	0.0	0.0	0.0	0.5008290410041809	0.0	2.119112491607666	1.8177683353424072	0.16415917873382568	0.18535122275352478	0.8319015502929688	0.0	0.0	0.0	0.0	1.6119357347488403	0.8407169580459595	0.0	2.1601333618164062	0.6590614914894104	0.5324437618255615	0.35952287912368774	1.1479071378707886	1.3824903964996338	1.1928492784500122	3.0295157432556152	0.0	0.0	0.8605178594589233	0.0400630459189415	0.0	1.5602110624313354	0.0	0.0	1.2474734783172607	0.0	0.0	0.0	0.0	1.4466489553451538	0.7704159617424011	1.2182915210723877	1.1723425388336182	0.0	0.1514931470155716	0.8651241064071655	0.0	0.0	1.099289059638977	1.378786325454712	1.775874137878418	0.527391791343689	0.9964675903320312	0.0	0.269061803817749	0.3209042549133301	0.0	0.0	1.565810203552246	0.0	0.0	1.2805653810501099	0.9816295504570007	1.896538257598877
0.0	0.0	0.0	0.0	0.6952587962150574	0.0	2.44291615486145	2.0268173217773438	0.0	0.4113040566444397	0.9726741313934326	0.0	0.0	0.1978575587272644	0.00877189077436924	1.0544167757034302	0.746109664440155	0.5385990142822266	2.397540807723999	1.0641759634017944	0.4752805531024933	0.4182455539703369	1.2254307270050049	1.268746256828308	2.326976776123047	3.10844349861145	0.0	0.0	1.1433955430984497	0.0	0.0	1.4647400379180908	0.0	0.38867881894111633	0.976860523223877	0.0	0.0	0.0	0.0	1.484412431716919	0.7245599031448364	1.261330485343933	2.107344627380371	0.0	0.3178994357585907	0.4748675525188446	0.0	0.0	1.2275208234786987	1.1481506824493408	1.7782073020935059	0.794100821018219	1.890749454498291	0.0	0.0860670953989029	0.03950569033622742	0.0	0.0	2.209883689880371	0.0	0.0	1.0028022527694702	1.2352851629257202	1.8132768869400024
0.0	0.0	0.0	0.0	1.1731581687927246	0.0	2.3554928302764893	2.1272809505462646	0.09443247318267822	0.3312150239944458	0.76413494348526	0.0	0.0	0.0	0.0	1.6556432247161865	0.7314286828041077	0.0	2.116133451461792	0.5925907492637634	0.40781906247138977	0.2000500112771988	1.2408173084259033	1.3275046348571777	1.148375391960144	3.117561101913452	0.0	0.0	0.7283363342285156	0.0577692836523056	0.0	1.6494840383529663	0.05840618163347244	0.0	1.0829031467437744	0.0	0.0	0.0	0.0	1.5284184217453003	0.5728394985198975	1.2534719705581665	1.1097408533096313	0.0	0.017615266144275665	0.8929715752601624	0.0	0.0	1.255902647972107	1.184112310409546	2.3239054679870605	0.6434716582298279	1.0233958959579468	0.0	0.0	0.5441684126853943	0.0	0.0	1.5128612518310547	0.0	0.0	1.3357006311416626	0.8856000900268555	2.204211473464966
0.0	0.0	0.0	0.0	1.1656543016433716	0.0	2.4255688190460205	2.172286033630371	0.18275554478168488	0.26040562987327576	1.0043020248413086	0.0	0.0	0.0	0.18863019347190857	1.298464059829712	1.1152842044830322	0.22021910548210144	2.1584582328796387	0.714015543460846	0.4081186354160309	0.20428316295146942	1.2530980110168457	1.6583062410354614	1.832122802734375	3.227992296218872	0.0	0.0	0.9801136255264282	0.0	0.0	1.4858283996582031	0.0	0.0	1.1534876823425293	0.0	0.0	0.0	0.0	1.380759596824646	0.6977852582931519	1.5418487787246704	1.1992179155349731	0.0	0.11536486446857452	0.7337307333946228	0.0	0.0	0.949117124080658	1.5872209072113037	1.8149036169052124	0.6902653574943542	1.242505431175232	0.0	0.03663082420825958	0.39722591638565063	0.0	0.0	1.4548897743225098	0.0	0.0	1.0079628229141235	0.9661992788314819	1.909430980682373
0.0	0.0	0.0	0.0	0.8772231936454773	0.0	1.9934184551239014	1.847049355506897	0.10171780735254288	0.12578101456165314	1.2850539684295654	0.0	0.0	0.5278130173683167	0.305653840303421	1.4116464853286743	0.7713508605957031	0.7828638553619385	2.7319493293762207	1.085418939590454	0.7038818597793579	0.5605799555778503	1.2013334035873413	1.475551724433899	2.2552237510681152	2.7333507537841797	0.0	0.0	1.029885172843933	0.9653810858726501	0.0	1.8582298755645752	0.373404860496521	0.10589610785245895	0.7036595344543457	0.0	0.04292340576648712	0.0	0.0	1.452620506286621	0.7602269649505615	1.2028141021728516	1.6938711404800415	0.0	0.31280413269996643	0.6215027570724487	0.0	0.0	1.0033951997756958	1.0778250694274902	1.692307472229004	0.19372345507144928	1.917781114578247	0.0	0.10170165449380875	0.4836471378803253	0.0	0.0	1.730914831161499	0.0	0.0	1.1954172849655151	1.0780751705169678	2.144409418106079
0.0	0.0	0.0	0.0	0.8258576393127441	0.0	2.0508058071136475	2.091472625732422	0.029282554984092712	0.4189801514148712	1.01997709274292	0.0	0.0	0.0	0.16312359273433685	1.473426103591919	0.8751411437988281	0.32382673025131226	2.3696579933166504	1.069408893585205	0.5197916030883789	0.43146398663520813	1.2135893106460571	1.3794546127319336	1.9209147691726685	3.0179176330566406	0.0	0.0	1.1886810064315796	0.0	0.0	1.8522834777832031	0.0	0.4244478642940521	1.1811212301254272	0.0	0.0	0.0	0.257303923368454	1.4492610692977905	0.6969389915466309	1.7459943294525146	1.082775592803955	0.0	0.056489259004592896	0.6136000752449036	0.0	0.0	1.287257194519043	1.3386359214782715	1.5963280200958252	0.6176848411560059	1.5740187168121338	0.0	0.0	0.4417644143104553	0.0	0.0	1.833505392074585	0.0	0.19935756921768188	0.8592385649681091	1.218374490737915	1.9302327632904053
0.011043626815080643	0.0	0.0	0.0	0.8186419010162354	0.0	2.3324387073516846	2.225485324859619	0.1992466151714325	0.21344222128391266	0.9805998802185059	0.0	0.0	0.06212783604860306	0.05495665594935417	1.5857797861099243	1.106680154800415	0.0	1.9805139303207397	0.7498217225074768	0.3814012110233307	0.2160036563873291	1.0857192277908325	1.5102838277816772	1.2851176261901855	3.303149461746216	0.0	0.0	0.9421677589416504	0.0	0.0	1.825474739074707	0.0	0.0	1.1547160148620605	0.0	0.0	0.0	0.0	1.5229921340942383	0.6602749824523926	1.5838345289230347	1.1406817436218262	0.0	0.14032748341560364	0.7122891545295715	0.0	0.0	1.0350102186203003	1.5284301042556763	1.7836896181106567	0.6017084121704102	1.505363941192627	0.0	0.14597298204898834	0.41544610261917114	0.0	0.0	1.4400949478149414	0.0	0.0	1.1859512329101562	0.9396605491638184	1.8626608848571777
0.0	0.0	0.0	0.0	0.9300467371940613	0.0	2.3451290130615234	2.074937343597412	0.06738755106925964	0.20794986188411713	1.1909765005111694	0.0	0.0	0.02696233056485653	0.0	1.8654409646987915	1.1536070108413696	0.21484170854091644	2.155641555786133	0.9030004739761353	0.5031683444976807	0.7165155410766602	0.7990401387214661	1.662966251373291	1.4773669242858887	2.9854891300201416	0.0	0.0	0.9234932661056519	0.0	0.0	1.9340766668319702	0.0	0.0	0.9991249442100525	0.0	0.0	0.0	0.0	1.3721343278884888	0.7329813241958618	1.2876107692718506	1.4492473602294922	0.0	0.0	0.628325879573822	0.0	0.0	1.2212082147598267	1.6263759136199951	1.9052393436431885	0.34265029430389404	1.5430610179901123	0.0	0.07442466169595718	0.5791254639625549	0.0	0.0	1.78512442111969	0.0	0.0	1.450873851776123	0.7035432457923889	2.029151439666748
0.0	0.0	0.0	0.0	0.6334391236305237	0.0	2.5629920959472656	1.863842248916626	0.20583872497081757	0.21960866451263428	0.9101155400276184	0.0	0.0	0.3530443012714386	0.0	1.5162806510925293	1.260292649269104	0.8090271949768066	2.007004737854004	1.5549997091293335	0.6675362586975098	0.1633111834526062	1.1602498292922974	1.6992378234863281	1.5639429092407227	2.852611541748047	0.0	0.0	1.257204532623291	0.6200752854347229	0.0	2.2611842155456543	0.04677967727184296	0.0	1.23853600025177	0.0	0.0	0.0	0.0	1.4766408205032349	0.6497189402580261	1.2847301959991455	1.3491294384002686	0.0	0.3845434784889221	0.5396082997322083	0.0	0.0	1.1176984310150146	1.4688624143600464	1.6372774839401245	0.7094471454620361	1.654388427734375	0.0	0.06647814810276031	0.7573431134223938	0.0	0.1049220860004425	1.876570224761963	0.0	0.18093983829021454	1.160825252532959	1.0277223587036133	2.0034689903259277
0.0	0.0	0.0	0.0	0.8439342379570007	0.0	2.0064048767089844	1.8188823461532593	0.1532183587551117	0.390943706035614	1.0658047199249268	0.0	0.0	0.030381962656974792	0.016821755096316338	1.505109190940857	0.9207860827445984	0.1949470341205597	2.0305988788604736	0.6427260637283325	0.35633301734924316	0.269586980342865	1.3198155164718628	1.9694633483886719	2.0641109943389893	3.426398277282715	0.0	0.0	1.2528306245803833	0.0	0.0	1.4367347955703735	0.0	0.0	1.183546781539917	0.0	0.0	0.0	0.0	1.6322637796401978	0.6979255080223083	1.5097730159759521	1.3676987886428833	0.0	0.2955099046230316	0.46668532490730286	0.0	0.0	1.1696268320083618	1.4882723093032837	1.7751322984695435	0.639126181602478	1.9487814903259277	0.0	0.020270463079214096	0.37453386187553406	0.0	0.0	1.6255075931549072	0.0	0.0	1.0672727823257446	1.161575436592102	1.5839648246765137
0.0	0.0	0.0	0.0	1.008786916732788	0.0	2.3696393966674805	1.5454217195510864	0.2806648313999176	0.0	0.9459666609764099	0.0	0.0	0.0	0.09058975428342819	1.1319705247879028	1.439475178718567	0.18341650068759918	2.136812686920166	1.125000238418579	0.6197220087051392	0.0	1.0358937978744507	1.6671538352966309	1.9370278120040894	3.2936301231384277	0.0	0.0	0.8168092966079712	0.0	0.0	1.6947609186172485	0.0	0.0	0.7712815403938293	0.0	0.0	0.0	0.0	1.4530190229415894	0.6119547486305237	1.183922529220581	1.4810285568237305	0.0	0.11652297526597977	0.49169281125068665	0.0	0.0	1.2301201820373535	1.7685446739196777	1.4270230531692505	0.37996241450309753	1.4758408069610596	0.0	0.200471892952919	0.1788901686668396	0.0	0.0	1.50508713722229	0.0	0.0	1.2598319053649902	0.5841310024261475	1.5450292825698853
0.0	0.0	0.0	0.0	0.6957842111587524	0.0	2.4042344093322754	2.101006507873535	0.3185279965400696	0.14499612152576447	0.8689219951629639	0.0	0.0	0.0	0.0	1.5065295696258545	1.037667155265808	0.0	2.017421007156372	0.6938397288322449	0.7173536419868469	0.06518599390983582	1.472474217414856	1.6741294860839844	1.175986647605896	3.6491384506225586	0.0	0.0	0.9552381038665771	0.0	0.0	1.6908128261566162	0.0	0.0	0.867598295211792	0.0	0.0	0.0	0.0	1.5563877820968628	0.6631162762641907	1.7466826438903809	1.0837228298187256	0.0	0.18821237981319427	0.4875272810459137	0.0	0.0	1.2429245710372925	1.5539202690124512	1.4796479940414429	0.5708456039428711	1.1532574892044067	0.0	0.1811477243900299	0.37348127365112305	0.0	0.028591051697731018	1.4049673080444336	0.0	0.0	1.3261085748672485	1.0055925846099854	1.9412428140640259
0.0	0.0	0.0	0.0	0.6750930547714233	0.0	2.0958127975463867	1.5966256856918335	0.1546604335308075	0.06965530663728714	0.9441115856170654	0.0	0.0	0.041069164872169495	0.0	1.3310874700546265	1.1808700561523438	0.10370062291622162	1.9346011877059937	0.923002302646637	0.5072047114372253	0.0	1.0091595649719238	1.5880186557769775	1.8198498487472534	3.102684259414673	0.0	0.0	1.0362306833267212	0.28248438239097595	0.0	2.0805768966674805	0.0	0.0	0.8601326942443848	0.0	0.0	0.0	0.0	1.5059239864349365	0.6469076871871948	1.578094244003296	1.2042502164840698	0.0	0.18610414862632751	0.7854599356651306	0.0	0.0	1.1305723190307617	1.6999454498291016	1.7856688499450684	0.7082445025444031	1.4900158643722534	0.0	0.015339739620685577	0.33320412039756775	0.0	0.0	1.6145164966583252	0.0	0.0	1.069756031036377	0.9184951186180115	2.2117843627929688
0.0	0.0	0.0	0.0	0.7248115539550781	0.0	1.844092845916748	1.7291561365127563	0.21109119057655334	0.35328173637390137	0.9360325336456299	0.0	0.0	0.20206083357334137	0.008376105688512325	1.3131741285324097	1.2633402347564697	0.8689665198326111	2.339191198348999	0.8919622302055359	0.6083875894546509	0.0	1.109445571899414	1.6214500665664673	2.176844596862793	2.8134074211120605	0.0	0.0	0.7272111773490906	0.12352459132671356	0.0	2.2531566619873047	0.0	0.0	1.1221128702163696	0.0	0.08317703008651733	0.0	0.0	1.493806004524231	0.6282182931900024	0.9727975130081177	1.6653016805648804	0.0	0.24037548899650574	0.6877877712249756	0.0	0.0	1.159816026687622	1.5702263116836548	1.740281581878662	0.802200198173523	1.4799829721450806	0.0	0.03993836045265198	0.2492622435092926	0.0	0.0666133463382721	1.8835294246673584	0.0	0.0	1.5879429578781128	0.9223609566688538	2.1086888313293457
0.0	0.0	0.0	0.0	0.8930752873420715	0.0	2.3371329307556152	2.2997968196868896	0.0	0.15378150343894958	1.0477724075317383	0.0	0.0	0.018239574506878853	0.0	1.4210867881774902	0.9361270070075989	0.42220738530158997	2.4244441986083984	0.947227418422699	0.46336907148361206	0.4752049446105957	1.0319346189498901	1.3264923095703125	1.770591139793396	2.8456897735595703	0.0	0.0	0.8827570676803589	0.0	0.0	1.7174650430679321	0.0	0.0	1.082088828086853	0.0	0.14211305975914001	0.0	0.0	1.3347241878509521	0.6886211037635803	1.5921034812927246	1.2838056087493896	0.0	0.09455966204404831	0.8595949411392212	0.0	0.0	1.2496713399887085	1.1038752794265747	2.4361732006073	0.45074263215065	1.3224986791610718	0.0	0.0	0.5014723539352417	0.0	0.0	1.7742425203323364	0.0	0.0	1.1330077648162842	1.033764123916626	1.8199177980422974
0.0	0.0	0.0	0.0	1.0954804420471191	0.0	2.109564781188965	1.7402780055999756	0.12364335358142853	0.25966882705688477	0.8227562308311462	0.0	0.0	0.4108678698539734	0.02800576202571392	1.6376665830612183	1.0040618181228638	0.5190756916999817	2.4017117023468018	0.8801947236061096	0.653924286365509	0.558634340763092	0.8530410528182983	1.5971431732177734	1.7739819288253784	2.9121272563934326	0.0	0.0	1.0496222972869873	0.6700777411460876	0.0	2.2185935974121094	0.0	0.0	0.6746187806129456	0.0	0.06694296002388	0.0	0.0	1.409613847732544	0.42521870136260986	1.5439395904541016	1.3090271949768066	0.0	0.21532931923866272	0.6806957125663757	0.0	0.0	1.1038724184036255	1.5020060539245605	1.825785517692566	0.2062498778104782	1.5651755332946777	0.0	0.07532138377428055	0.6773671507835388	0.0	0.09075586497783661	1.5172538757324219	0.0	0.0	1.1483027935028076	1.1015825271606445	2.532139539718628
0.0	0.0	0.0	0.0	1.0732789039611816	0.0	2.115100860595703	2.159954071044922	0.15863516926765442	0.04253688082098961	0.9016594290733337	0.0	0.0	0.21766823530197144	0.08996515721082687	1.365803599357605	1.1160324811935425	0.48297208547592163	2.5943446159362793	1.1249359846115112	0.5813096761703491	0.553805947303772	1.2002447843551636	1.190650463104248	2.3747739791870117	2.990687131881714	0.0	0.0	1.1067267656326294	0.10416649281978607	0.0	1.9081586599349976	0.0	0.0	0.8278045654296875	0.0	0.0	0.0	0.0	1.3238919973373413	0.40820780396461487	1.4889655113220215	1.3892995119094849	0.0	0.08320185542106628	0.8258218169212341	0.0	0.0	1.1016573905944824	0.8323819637298584	1.7974826097488403	0.5002360343933105	1.424291729927063	0.0	0.29221466183662415	0.6118831634521484	0.0	0.0	1.7888412475585938	0.0	0.0	0.9496774673461914	0.9460045695304871	1.898394227027893
0.0	0.0	0.0	0.0	1.2380645275115967	0.0	2.381359100341797	2.094942092895508	0.0	0.20543204247951508	1.363082766532898	0.0	0.0	0.01922842673957348	0.30579161643981934	0.7465724945068359	0.973170816898346	0.7732473611831665	2.8737270832061768	1.4928287267684937	0.8906039595603943	0.6845555901527405	1.4107335805892944	1.2032021284103394	2.6999294757843018	2.5985305309295654	0.0	0.0	1.2307085990905762	0.38032621145248413	0.0	2.203794479370117	0.0	0.0	0.9520286917686462	0.0	0.0	0.0	0.0	1.5434868335723877	0.6568295955657959	1.647026777267456	1.6603063344955444	0.0	0.2894749641418457	0.5875322818756104	0.0	0.0	1.1772537231445312	0.7693325281143188	1.6544406414031982	0.597395122051239	2.0633490085601807	0.0	0.10161943733692169	0.08819062262773514	0.0	0.0	1.7658220529556274	0.0	0.0	0.5349060297012329	0.8302666544914246	1.7636173963546753
