1.2671669721603394	0.0	2.4852774143218994	0.0	1.5571324825286865	0.12814539670944214	3.099228858947754	0.24178285896778107	0.24913184344768524	3.656059980392456	0.0	0.43500036001205444	1.6158175468444824	0.0	1.8184330463409424	2.3181018829345703	0.125737264752388	0.0	1.3076187372207642	0.0	0.0	0.0	2.60973858833313	0.0	0.0	1.2708863019943237	1.4583892822265625	1.716478705406189	1.6048388481140137	0.197892427444458	0.39146167039871216	0.0	1.9675421714782715	0.0	1.0530591011047363	1.1417145729064941	0.7685428261756897	0.0	0.0	0.24867378175258636	1.8851734399795532	1.4319099187850952	0.0	2.733527898788452	3.6632447242736816	2.190296173095703	0.0	1.7802551984786987	0.036409951746463776	0.0	0.0	0.20870155096054077	0.0	0.0	2.0016062259674072	1.4382048845291138	0.0	3.6018428802490234	2.928431510925293	0.0	2.805375337600708	0.23497791588306427	1.531564474105835	0.06091274321079254
0.0	0.0	2.3872439861297607	2.014415979385376	1.4988551139831543	0.7467125654220581	0.0	0.8159509301185608	1.1806679964065552	0.8934027552604675	0.8852702379226685	0.22224918007850647	0.1262487918138504	0.6921717524528503	0.2578398883342743	2.9567830562591553	0.030516987666487694	0.04077926650643349	1.8750431537628174	0.3981455862522125	0.15802523493766785	1.248497724533081	1.3622804880142212	1.0421855449676514	1.4854317903518677	1.8191404342651367	1.5174274444580078	2.951805353164673	0.37155935168266296	3.098205089569092	1.7019797563552856	0.10198512673377991	2.2839694023132324	1.7844035625457764	0.0	0.23810690641403198	1.4526621103286743	1.075416088104248	0.7095600366592407	3.7673656940460205	3.7825183868408203	0.32602164149284363	0.25321993231773376	0.021487103775143623	3.9494752883911133	0.0	0.05088796466588974	0.0	3.176632881164551	2.1116020679473877	0.4438476264476776	0.8494522571563721	0.0	0.03940627723932266	2.7173800468444824	0.5702959895133972	0.0	0.658004105091095	0.0	1.7686465978622437	0.7563238739967346	0.8412275910377502	2.509638547897339	0.2380782514810562
0.5028610825538635	0.38241392374038696	2.4431941509246826	0.2476312816143036	2.2962770462036133	1.1067897081375122	1.3480218648910522	0.509769082069397	0.3549150824546814	3.1708643436431885	1.1898088455200195	0.6634228229522705	1.59756338596344	0.3451955020427704	1.6486432552337646	2.8130736351013184	0.007960419170558453	0.21963109076023102	2.1670339107513428	0.5737870335578918	0.0	0.0	2.79287052154541	0.13308009505271912	0.07203428447246552	0.9729382395744324	1.0226167440414429	1.9731656312942505	1.6459558010101318	1.092675805091858	1.5094512701034546	0.42625629901885986	2.2109622955322266	0.0	0.0	0.6303372979164124	0.9530578851699829	0.0	0.4153469204902649	1.1398051977157593	2.820686101913452	1.0241068601608276	0.44834643602371216	2.341440200805664	4.1165266036987305	2.359058380126953	0.29998528957366943	0.7397868633270264	0.4546186327934265	0.0	0.0	0.6459671854972839	0.0	0.0	1.8050340414047241	3.6102471351623535	1.0465131998062134	3.464843988418579	2.62628436088562	1.6895376443862915	2.367219924926758	1.7380640506744385	2.018040180206299	0.2927451729774475
0.0664999783039093	0.5098811984062195	2.6099934577941895	1.8686226606369019	1.2090001106262207	0.0	0.19436988234519958	0.7020038366317749	0.20808252692222595	2.0838193893432617	0.7570013403892517	0.0	0.1327349990606308	0.024735666811466217	0.4171581566333771	2.9898884296417236	0.0	0.0	1.4603509902954102	0.1923845410346985	0.015382709912955761	1.446597695350647	0.9034028053283691	0.42077136039733887	1.3495814800262451	2.7304370403289795	1.1527864933013916	3.1921939849853516	0.21402323246002197	2.4143524169921875	0.8642899990081787	0.0	2.2480385303497314	1.2428569793701172	0.33104273676872253	0.2957826852798462	1.2951167821884155	0.9799729585647583	0.0	2.3615574836730957	3.476309299468994	0.6528018712997437	0.1806604117155075	0.6356897950172424	4.29219913482666	0.29932671785354614	0.0	0.2914985418319702	3.7081754207611084	2.6329433917999268	0.28014281392097473	0.7184054851531982	0.0	0.6774987578392029	2.347325325012207	0.11880863457918167	0.0	1.3505878448486328	0.45062288641929626	0.06718849390745163	0.964055061340332	0.5720826387405396	2.207859754562378	0.0
0.2688102424144745	0.0	2.5941267013549805	0.0	1.8001399040222168	0.8932795524597168	1.2066071033477783	0.0	0.6928762197494507	3.00905442237854	0.0	1.0783149003982544	1.0299347639083862	0.641095757484436	1.7956241369247437	3.3106017112731934	0.0	0.0	1.5930031538009644	0.7023611068725586	0.0	0.0	2.999819278717041	0.018109770491719246	0.0	0.8227375149726868	1.1152645349502563	1.2491682767868042	1.5300462245941162	0.38925790786743164	0.7858906388282776	0.0	2.015650510787964	0.0	0.0	0.22347350418567657	0.6276013255119324	0.0	0.38770341873168945	0.0	1.9561011791229248	0.4528704583644867	0.0	1.7155183553695679	4.048259735107422	1.9832274913787842	0.764599621295929	0.17032408714294434	0.0	0.0	0.0	0.1485784351825714	0.14886535704135895	0.06460601091384888	1.552087664604187	2.7248220443725586	0.0	3.611485004425049	1.6820857524871826	0.0	2.643676996231079	1.595468521118164	1.600362777709961	0.2559172809123993
0.2016046792268753	0.08109796792268753	2.831390380859375	1.1264758110046387	1.109431505203247	0.013689400628209114	4.135063648223877	0.5128130912780762	0.8494740128517151	0.0019454840803518891	0.0	0.5703578591346741	2.533982038497925	0.3080865442752838	0.9482877254486084	1.5704379081726074	3.8115954399108887	0.0	0.5830573439598083	0.4091607332229614	2.730191230773926	0.2717416286468506	3.598093271255493	0.49249231815338135	0.6519657969474792	0.15534038841724396	2.2484629154205322	0.0	2.318397045135498	0.0	0.0	0.2512578070163727	1.2172847986221313	0.0	0.0	2.610266923904419	0.641237199306488	0.0	1.0833722352981567	0.27088746428489685	0.21688991785049438	0.17635226249694824	3.426126003265381	0.41108620166778564	2.674255847930908	0.4669143259525299	1.6995915174484253	2.9555695056915283	0.0	0.0	0.0	0.8224741220474243	0.5424787402153015	0.5949541330337524	0.7003834247589111	1.4145687818527222	0.7096431851387024	0.0	0.889722466468811	0.0	2.736647605895996	0.8834423422813416	1.4284428358078003	0.5385801196098328
0.0	0.0	0.907387912273407	1.2170701026916504	0.0	0.0	2.195528745651245	2.1817197799682617	2.42444109916687	0.40183764696121216	0.273281067609787	0.0	0.4105096757411957	0.0	0.04229352995753288	0.7352415919303894	0.8741961121559143	0.31404462456703186	0.0	1.8812103271484375	0.0	1.8868858814239502	2.3188140392303467	2.089629650115967	1.6214344501495361	0.0	0.0	0.0	0.3425320088863373	1.0057491064071655	1.3178755044937134	1.6020961999893188	0.9339222311973572	0.10451092571020126	3.7892918586730957	0.0	1.2315529584884644	2.1652779579162598	0.4935009181499481	2.8804869651794434	0.0	1.224969744682312	0.0	3.7148337364196777	0.39007019996643066	2.1857798099517822	0.0	0.0	3.9918904304504395	3.4296627044677734	0.11040161550045013	0.0	0.27862992882728577	0.771589457988739	0.0	0.12639398872852325	0.0	0.40317603945732117	0.8356063961982727	1.8275986909866333	1.3588824272155762	0.8785905838012695	0.0	0.09085432440042496
1.8494789600372314	2.5435237884521484	1.4489357471466064	0.8210520148277283	1.5167633295059204	1.421888828277588	4.299371242523193	0.5230413675308228	0.0	0.9893710017204285	1.4921478033065796	0.6082333326339722	2.619523763656616	0.9746556878089905	1.2798908948898315	0.3684351146221161	2.768695116043091	1.5718897581100464	0.0505465529859066	0.7465968728065491	2.367126941680908	0.5245497226715088	0.0	0.6040874123573303	1.33356773853302	1.4096314907073975	2.654095411300659	0.0	1.7492642402648926	0.0	0.0	0.888437032699585	0.7653380632400513	0.2438257783651352	0.10876195132732391	2.5780439376831055	0.0	0.0931120291352272	2.143887758255005	0.531781017780304	0.0	0.0	2.7654571533203125	0.9501931667327881	0.41877806186676025	1.8086597919464111	1.6824151277542114	2.2701377868652344	0.08752540498971939	0.0	1.3139445781707764	1.3072363138198853	1.9996228218078613	1.4381675720214844	2.2644741535186768	0.28426238894462585	1.7933200597763062	1.6926378011703491	2.9997427463531494	2.7550172805786133	2.1950817108154297	3.2360949516296387	1.4903056621551514	1.2111281156539917
1.577056646347046	2.303349018096924	2.446765661239624	0.9324482083320618	1.0435826778411865	0.9515517950057983	3.3054051399230957	0.5899648070335388	0.4702756702899933	0.0	0.947968602180481	1.028899908065796	2.2014622688293457	1.3284660577774048	1.3504801988601685	1.237341046333313	3.3005824089050293	1.863942265510559	0.0	1.5692058801651	2.6549007892608643	0.23851975798606873	0.8830798268318176	0.3180297613143921	0.6228289604187012	0.7946553826332092	2.909055471420288	0.0	2.3483216762542725	0.0	0.0	1.16029691696167	1.0181397199630737	0.8880499005317688	0.0	2.5273311138153076	0.31338897347450256	0.0	2.8273932933807373	0.40460607409477234	0.0	0.7354708909988403	2.628030776977539	0.0	1.555464267730713	1.0967341661453247	2.424142837524414	2.665740728378296	0.0	1.6537328958511353	0.5667572617530823	0.9949554800987244	2.0318679809570312	1.3604093790054321	0.07614956796169281	0.39447021484375	1.7139707803726196	0.13637997210025787	1.4024401903152466	1.1352252960205078	1.2816630601882935	3.1332216262817383	2.619208574295044	1.3306268453598022
2.2710909843444824	3.0974018573760986	1.159183144569397	1.1151456832885742	0.0	1.3275494575500488	1.531420111656189	0.6949719786643982	0.2632642686367035	0.0	1.3508051633834839	0.7328793406486511	2.008859157562256	1.43666672706604	0.656611979007721	0.0	2.5252389907836914	1.5667750835418701	0.0	1.4210855960845947	3.233675718307495	0.5104584693908691	0.0	0.0	0.24929207563400269	1.5215282440185547	2.54034423828125	1.1409331560134888	0.9510142207145691	0.0	0.0	0.4587937593460083	0.0	1.0059715509414673	0.5919338464736938	3.1110894680023193	0.0	0.0	2.9267349243164062	0.33619850873947144	0.0	0.03879757225513458	2.969762086868286	0.3175909221172333	0.23354023694992065	0.0	1.9109408855438232	2.1097121238708496	0.0	0.5477048754692078	0.8519070744514465	1.1753932237625122	1.150280237197876	1.5322754383087158	0.549373209476471	0.0	0.7315521240234375	0.0	1.5075833797454834	1.3172346353530884	1.2090402841567993	2.616032123565674	1.046126127243042	1.2469682693481445
0.0	1.4890657663345337	2.3681130409240723	0.5468567609786987	1.745636224746704	1.0948714017868042	3.8250246047973633	0.7312453985214233	0.6009706258773804	0.0	0.2617892324924469	0.943136990070343	2.2534563541412354	1.193454384803772	1.3480181694030762	1.3735398054122925	3.5194242000579834	3.213099956512451	0.046737972646951675	0.9900904297828674	2.0406415462493896	0.44447216391563416	2.4120168685913086	0.30067959427833557	0.7547833919525146	0.4062310457229614	2.3315751552581787	0.0	2.4480414390563965	0.9273688793182373	0.665027916431427	1.214585781097412	1.1486345529556274	0.03190186619758606	0.0	1.302598476409912	0.7275205254554749	0.0	2.534543514251709	0.4667209982872009	0.0	0.5734290480613708	2.7878592014312744	0.19617129862308502	2.2221689224243164	1.844298005104065	1.9652488231658936	1.966963768005371	0.0	1.0709013938903809	0.0	0.7212935090065002	2.105698823928833	0.9061593413352966	0.0	2.62146258354187	1.4274030923843384	0.0	1.198348879814148	2.2602853775024414	2.083585500717163	2.6918792724609375	2.4685566425323486	0.9254546761512756
0.6473650336265564	0.37405288219451904	2.8430798053741455	1.3009655475616455	1.1551897525787354	0.899080753326416	0.590297520160675	0.6295837759971619	0.4851873517036438	1.142236590385437	1.0681322813034058	1.1049692630767822	0.28318047523498535	1.2443708181381226	0.4881388545036316	2.970146894454956	1.561801791191101	1.5877126455307007	1.2963635921478271	0.08410050719976425	2.427076578140259	1.2695671319961548	0.6596139669418335	2.1452393531799316	0.9650251865386963	2.9092700481414795	2.254937171936035	1.236758828163147	0.5931387543678284	2.4799580574035645	0.6613737940788269	0.1937805861234665	1.8573455810546875	1.6671726703643799	0.0	1.723609209060669	1.0878016948699951	1.1356793642044067	0.3559684157371521	3.0966744422912598	2.113227605819702	0.3352932631969452	2.6548194885253906	0.0	3.7002930641174316	0.1893567442893982	0.8642013072967529	0.0	1.6474632024765015	1.3684778213500977	0.5498827695846558	0.7463647723197937	0.3625834882259369	0.24290259182453156	3.5844900608062744	0.2110653668642044	0.05374489352107048	0.21636585891246796	0.0	1.998803734779358	1.1154500246047974	2.317592144012451	2.8294856548309326	0.9767926931381226
0.0	0.0	0.8249601125717163	1.3364040851593018	0.17999516427516937	0.0	2.4975333213806152	2.254030466079712	2.4802474975585938	0.23154431581497192	0.15577930212020874	0.0	0.6608321666717529	0.0	0.0	0.11088520288467407	0.56731116771698	0.13944728672504425	0.06001288443803787	1.842469573020935	0.3511555790901184	1.7213181257247925	2.2391979694366455	1.6590452194213867	1.7057876586914062	0.0	0.06422517448663712	0.0	0.8400564193725586	1.1043308973312378	1.2720308303833008	1.4663053750991821	0.7197632789611816	0.0	3.979976177215576	0.0	1.1602863073349	2.0894558429718018	0.6369773149490356	2.929724931716919	0.0	1.3520362377166748	0.05998653918504715	3.5557217597961426	0.5367573499679565	2.3526952266693115	0.0	0.0	3.8341705799102783	3.5446183681488037	0.29672881960868835	0.0	0.0	0.9250442385673523	0.0	0.0	0.0	0.5054181814193726	0.5888795852661133	1.6737425327301025	0.9370160698890686	0.0	0.0	0.0
0.21979792416095734	0.21546213328838348	3.1015231609344482	0.7822583913803101	1.4877903461456299	0.0	0.8965888023376465	0.5898122787475586	0.22541293501853943	2.9502005577087402	0.09195725619792938	0.0	0.8871679306030273	0.0	0.7696082592010498	2.9855763912200928	0.10816892981529236	0.0	1.7794724702835083	0.590276300907135	0.0	1.1954599618911743	2.287659168243408	0.0003431033983360976	0.0	2.174290180206299	1.2775299549102783	2.8361926078796387	0.996492326259613	1.6986501216888428	0.9120902419090271	0.0	2.1649131774902344	0.3898027539253235	0.0	0.2871096730232239	1.1819407939910889	0.16796982288360596	0.0	0.2425815910100937	3.6512300968170166	0.9937557578086853	0.08302903175354004	1.3498703241348267	4.278913497924805	1.1096158027648926	0.0	0.8295875191688538	0.32101771235466003	0.6595479249954224	0.4208361804485321	0.603061854839325	0.0	0.12385573238134384	1.9385439157485962	1.0239312648773193	0.0	2.6613669395446777	0.809646487236023	0.0	1.902641773223877	0.12546272575855255	1.814225435256958	0.1671627312898636
2.066220283508301	3.1814675331115723	1.2282278537750244	0.9057876467704773	0.6624142527580261	1.5348490476608276	3.290372371673584	0.67510586977005	0.46077844500541687	0.007932160049676895	1.5980671644210815	0.8872473239898682	2.1587624549865723	0.8540810346603394	0.6628512740135193	0.0	3.0426743030548096	2.9459173679351807	0.0	2.6063082218170166	3.052215337753296	0.0	0.0	0.38472312688827515	0.3026406466960907	1.788631796836853	2.2378311157226562	0.787093997001648	0.6772899031639099	0.0	0.0	1.258680820465088	0.0	1.8755074739456177	1.3551688194274902	3.006418466567993	0.0	0.09916934370994568	3.211883068084717	0.5807958245277405	0.0	0.38562268018722534	3.5208427906036377	1.131980061531067	0.0	0.1148458942770958	2.503710985183716	2.0965611934661865	0.0	0.559785008430481	0.894412636756897	1.9089685678482056	2.0069735050201416	1.3658350706100464	1.3304508924484253	0.3845246434211731	1.0593386888504028	0.04659024998545647	0.7058711647987366	2.3438963890075684	1.0724278688430786	2.23060941696167	0.9790524244308472	1.1232082843780518
0.0	0.3378887474536896	2.2151405811309814	1.9279524087905884	0.6843602061271667	0.4665381610393524	0.0	1.088365077972412	0.7218638062477112	0.6601699590682983	1.6270159482955933	0.04650840908288956	0.07419884949922562	1.0181691646575928	0.35727035999298096	3.156186819076538	0.0	0.0	1.3879632949829102	0.3477862775325775	0.7813373804092407	1.7798404693603516	0.9336149096488953	1.088287591934204	1.1176676750183105	2.423682451248169	1.6728259325027466	2.0922601222991943	0.49610885977745056	3.1444759368896484	1.334191918373108	0.0	1.9547537565231323	1.726779818534851	0.0	0.7576619386672974	1.3415958881378174	1.3854529857635498	0.21904167532920837	3.214843511581421	2.464308023452759	0.3796224594116211	0.33750078082084656	0.0	3.3823230266571045	0.0	0.0	0.03903665393590927	3.4828131198883057	2.7556960582733154	0.5941763520240784	0.6080858111381531	0.0	0.7077345848083496	2.2957441806793213	0.7894468307495117	0.0	0.0	0.0	0.7201535105705261	0.23167747259140015	1.617714524269104	2.725748300552368	0.3136075437068939
0.0	0.6336963772773743	2.61116361618042	1.480775237083435	0.5139358639717102	0.47894662618637085	0.23951515555381775	1.1764863729476929	0.25358474254608154	1.0220047235488892	0.5673441886901855	0.0	0.0	0.35680899024009705	0.0	3.189995050430298	0.08815044909715652	0.0	0.4025574326515198	0.0	0.0	2.242629289627075	0.308536171913147	1.1094244718551636	1.294559359550476	2.4446563720703125	1.6302939653396606	2.776184320449829	0.9838650822639465	2.660709857940674	1.2987743616104126	0.0	2.6089234352111816	1.4415644407272339	0.09200034290552139	0.0	1.2684450149536133	1.1554241180419922	0.011188345029950142	2.5671558380126953	2.5851621627807617	0.0	0.006306239403784275	0.0	3.5451550483703613	0.8433138728141785	0.0	0.2154746651649475	3.3794925212860107	3.577040672302246	0.6999172568321228	0.35154253244400024	0.35071659088134766	1.2195099592208862	2.414400577545166	0.0002040370600298047	0.0	0.7843808531761169	0.22748532891273499	0.10367819666862488	0.7591701149940491	1.9737374782562256	3.061732053756714	0.0
0.0	0.4662924110889435	2.809189558029175	1.540779709815979	0.8418140411376953	1.3861641883850098	0.0	0.8706305027008057	0.9875718951225281	0.4606645107269287	0.5455924272537231	0.07005859166383743	0.16701596975326538	0.7562709450721741	0.0	2.988790988922119	0.14529308676719666	0.7397053241729736	1.2227258682250977	0.020290596410632133	0.0	2.020730495452881	0.260268896818161	0.8015807271003723	1.9176957607269287	1.8589706420898438	1.2684526443481445	3.0972325801849365	0.0	3.049563407897949	1.8082035779953003	0.14616627991199493	2.447007894515991	1.2491631507873535	0.0	0.0	1.3270978927612305	1.0270315408706665	0.6102581024169922	3.2559609413146973	2.5954315662384033	0.11308718472719193	0.021603025496006012	0.0	3.8411812782287598	0.0	0.0	0.0	3.945974349975586	3.4318556785583496	0.4581831097602844	0.8305671215057373	0.0	0.9194993376731873	2.203160524368286	0.005476096179336309	0.0	0.22641544044017792	0.34943464398384094	0.8446232080459595	1.01183021068573	1.7419100999832153	2.8621699810028076	0.22314561903476715
0.0	0.03526705875992775	2.4627342224121094	2.095226764678955	0.605496883392334	0.42250585556030273	0.0	0.9388962388038635	0.24601684510707855	0.9466974139213562	0.6284482479095459	0.0	0.0	0.06344390660524368	0.0	3.031237840652466	0.021629881113767624	0.0	0.9348544478416443	0.0	0.044286537915468216	1.6163372993469238	0.5878976583480835	0.5520471334457397	1.05674409866333	1.8779164552688599	1.1899935007095337	2.7330451011657715	0.11995606124401093	2.6594936847686768	1.0892910957336426	0.0	2.2379443645477295	1.4964708089828491	0.0	0.0	1.3702304363250732	0.9729309678077698	0.06772306561470032	2.1752748489379883	3.012145519256592	0.6217943429946899	0.22924569249153137	0.0	4.081350326538086	0.0	0.0	0.2073173224925995	3.676060199737549	3.051583766937256	0.4657411575317383	0.5541707873344421	0.0	0.7381826043128967	1.9222277402877808	0.8221450448036194	0.0	0.4758516252040863	0.0	0.0	0.8457134962081909	0.7655276656150818	2.2898924350738525	0.0
0.0	0.23900233209133148	2.611907720565796	2.0058584213256836	0.42110320925712585	0.6145147681236267	0.2999584674835205	1.1351789236068726	1.0128483772277832	0.0	0.7666042447090149	0.0	0.1302574723958969	0.742480456829071	0.17671026289463043	2.6059632301330566	0.15444554388523102	0.2550557553768158	1.293580174446106	0.26385751366615295	0.21954123675823212	2.0655977725982666	1.4422173500061035	1.2009083032608032	1.5372833013534546	1.5210762023925781	1.802532434463501	1.8742812871932983	0.0	2.997776746749878	1.1804112195968628	0.09002941101789474	1.773590326309204	1.7352792024612427	0.0	0.0	1.4591912031173706	1.5627059936523438	0.0	3.213453531265259	2.245907783508301	0.06019103527069092	0.19232875108718872	0.0	4.161850929260254	0.0	0.0	0.07557050883769989	4.205522537231445	3.3152964115142822	0.6144900321960449	0.6898772120475769	0.08687779307365417	0.6293005347251892	1.718509554862976	0.0	0.0	0.0	0.1330021470785141	0.5491935014724731	0.08426316827535629	0.7560246586799622	2.919705629348755	0.0
0.5423353910446167	3.2485978603363037	1.0411961078643799	0.9105652570724487	0.25258249044418335	1.5675634145736694	1.7788485288619995	0.007620804477483034	0.86720871925354	0.0	2.100248336791992	0.8908300995826721	1.7626357078552246	0.43475043773651123	2.096473455429077	0.0	3.765468120574951	3.6742992401123047	0.09309904277324677	2.61269474029541	2.636470317840576	0.0	0.0	0.7844930291175842	0.2048882246017456	0.7266253232955933	2.3135147094726562	0.0	1.3064249753952026	0.0	0.0	1.292681097984314	0.0	2.7564311027526855	0.0	2.499314785003662	0.0	0.0	3.889688730239868	0.4164142906665802	0.0	0.0	4.051809787750244	0.276529461145401	0.5319610238075256	0.04327303543686867	2.644754648208618	0.4939204752445221	0.0	0.12059001624584198	0.7690960168838501	1.3244353532791138	1.4724912643432617	0.0690915435552597	0.40724870562553406	0.45033594965934753	0.6855526566505432	0.04738575592637062	0.09997884929180145	2.0288243293762207	0.019370796158909798	1.9923542737960815	1.6523627042770386	0.7716525197029114
2.6318507194519043	2.9580256938934326	0.5979139804840088	0.025214074179530144	0.0	0.838624894618988	0.0	1.127606987953186	1.3018227815628052	0.7244109511375427	2.2826948165893555	1.7162798643112183	0.9360960721969604	2.150376319885254	1.1776609420776367	0.0	2.1984474658966064	2.2378759384155273	0.0	2.725729465484619	2.7656092643737793	1.0237126350402832	0.0	0.03305128961801529	0.5523421168327332	2.6233839988708496	1.549421787261963	1.1013712882995605	0.4760286808013916	0.1428188532590866	0.043043334037065506	1.6561896800994873	0.3034505844116211	1.9231270551681519	3.0690321922302246	2.435706377029419	0.0	1.324491024017334	2.5778121948242188	1.5271756649017334	0.7326936721801758	1.3997514247894287	2.5894272327423096	1.9489754438400269	0.0	0.6212451457977295	1.9489145278930664	0.5478405952453613	0.0	1.5420777797698975	1.0741609334945679	0.99787837266922	1.5176258087158203	0.9392176270484924	1.6720994710922241	1.21780526638031	1.975056767463684	0.06299556791782379	0.47537702322006226	3.0651910305023193	0.8706886768341064	2.810267448425293	0.860970139503479	1.4871152639389038
0.26624882221221924	0.3426850438117981	2.725412607192993	0.9686873555183411	1.7771981954574585	0.018711332231760025	0.15204420685768127	0.5062587857246399	0.3825403153896332	2.884232759475708	0.0	0.0	1.0288218259811401	0.0	1.3556839227676392	3.0475285053253174	0.0	0.0	1.7471991777420044	0.5933891534805298	0.2875770032405853	0.4087952971458435	1.7671170234680176	0.24994368851184845	0.16767646372318268	2.903684139251709	0.9222825169563293	3.1627092361450195	0.6678788661956787	1.5507794618606567	0.8733574748039246	0.0	1.4759607315063477	1.1258472204208374	0.0	0.6562215089797974	0.9857268333435059	0.5005148649215698	0.0	0.9745741486549377	3.9460368156433105	0.8719614148139954	0.12797944247722626	0.934334933757782	4.37481689453125	0.989581823348999	0.0	0.17199796438217163	1.485940933227539	1.9287593364715576	0.5304559469223022	1.3154758214950562	0.0	0.10008493810892105	2.8573122024536133	0.5796286463737488	0.0	1.7945921421051025	0.3484129309654236	0.0	1.5770946741104126	0.0	1.4671491384506226	0.7885205745697021
0.0	0.13886845111846924	2.538184881210327	2.1871652603149414	0.7820889353752136	0.31346696615219116	0.10660599917173386	0.8795101642608643	0.562997043132782	0.30855128169059753	1.115989089012146	0.0	0.07626668363809586	0.8361450433731079	0.0	3.540684223175049	0.0	0.0	1.4471156597137451	0.023696724325418472	0.0	1.9939887523651123	0.908249020576477	1.3890466690063477	1.3267651796340942	2.084465742111206	1.5966906547546387	2.5430068969726562	0.0	3.0505549907684326	1.4036660194396973	0.0	2.158787727355957	1.598214864730835	0.13869398832321167	0.0	1.3001840114593506	1.0820159912109375	0.11994008719921112	2.5507009029388428	3.1920955181121826	0.8806178569793701	0.0	0.0	3.4825241565704346	0.0	0.0	0.08852256089448929	4.125414848327637	3.0500895977020264	0.6248365640640259	0.49610579013824463	0.0	0.843833863735199	1.6492482423782349	0.0	0.0	0.0	0.0	0.0	0.6591936349868774	0.45562613010406494	2.572336435317993	0.0
1.9831960201263428	1.0392546653747559	0.0	0.33646345138549805	0.1334088146686554	1.1146870851516724	1.1479921340942383	1.8152904510498047	2.021972894668579	0.572043240070343	0.7434239387512207	1.9330066442489624	0.251447856426239	0.44766637682914734	0.9245568513870239	0.5107003450393677	0.0	2.801074981689453	1.4368091821670532	2.6042771339416504	0.9290009140968323	1.6276957988739014	1.055186152458191	1.1791303157806396	1.2601439952850342	1.9129282236099243	0.0	0.8614035248756409	0.0	1.0067298412322998	1.0096330642700195	1.8336000442504883	0.6541286110877991	0.5208291411399841	3.562774419784546	0.7341321110725403	0.46300408244132996	1.6182883977890015	1.4710288047790527	2.3163602352142334	0.1282913088798523	2.274995803833008	1.7190003395080566	3.6285789012908936	0.2730671167373657	1.6026915311813354	0.9885210394859314	0.0	1.1314293146133423	2.2726798057556152	0.5515527725219727	0.0	1.0200533866882324	1.1825764179229736	2.0496575832366943	2.758098602294922	1.6164385080337524	0.626678466796875	0.31259843707084656	4.018711566925049	1.0984183549880981	1.5241230726242065	0.0	0.5874067544937134
0.0	0.0	1.048831820487976	1.0058598518371582	0.5172754526138306	0.2833786904811859	2.7735633850097656	2.1271703243255615	2.272857666015625	0.28820276260375977	0.4891939163208008	0.8082209825515747	0.6115545630455017	0.0	0.5483209490776062	0.6949745416641235	0.185643270611763	1.502824068069458	0.6358112692832947	1.8107885122299194	0.0	2.007664918899536	2.7849364280700684	1.173112154006958	2.0543558597564697	0.3981446325778961	0.0	0.26897698640823364	0.5608256459236145	1.1485576629638672	2.3541948795318604	1.7300751209259033	1.2937989234924316	0.0	3.3283562660217285	0.0	0.9762976765632629	1.7739434242248535	0.7505788803100586	2.673860549926758	0.4367590546607971	0.9731239676475525	0.0	3.383871078491211	0.6384181380271912	2.309699296951294	0.0	0.0	2.9620139598846436	3.361800193786621	0.0	0.0	0.7332480549812317	1.5125558376312256	0.8395010828971863	1.5799094438552856	0.0831916555762291	0.0	0.31090766191482544	3.4930403232574463	1.2396842241287231	1.2935547828674316	0.7821118831634521	0.02733468823134899
1.078789234161377	0.0	2.6437606811523438	0.008380801416933537	1.813673734664917	1.001992106437683	0.8823115229606628	0.4510713815689087	0.39007052779197693	3.094048261642456	0.0	1.0781725645065308	1.55925452709198	0.6164906620979309	1.917192816734314	3.206031560897827	0.0	0.19640503823757172	1.663689136505127	0.1752549260854721	0.16532140970230103	0.19413623213768005	2.532869577407837	0.6567294597625732	0.19686074554920197	1.6128462553024292	0.6757879853248596	2.0677576065063477	1.4910080432891846	1.5903117656707764	1.2589526176452637	0.0	2.2347660064697266	0.33151674270629883	0.0	0.0	0.9479051232337952	0.0	0.19517257809638977	0.0	2.7232253551483154	0.7247107028961182	0.18255503475666046	1.828058123588562	4.233123779296875	1.8824739456176758	0.2313101440668106	0.0	0.0	0.25865763425827026	0.0	0.6066666841506958	0.0	0.24818122386932373	2.199329137802124	2.6435983180999756	0.0	3.7185888290405273	1.7698267698287964	0.0	2.1501846313476562	2.0702648162841797	1.9940553903579712	0.08915092051029205
1.1432393789291382	0.0	2.691107988357544	0.181257963180542	1.5800485610961914	0.0	0.0	0.1858062595129013	0.39611175656318665	3.3910539150238037	0.0	0.7663573026657104	1.1239702701568604	0.0	1.4870396852493286	3.2785825729370117	0.0	0.0	1.3246991634368896	0.0	0.04065961018204689	0.20478235185146332	2.32354474067688	0.2831006348133087	0.0	1.544475793838501	0.95301353931427	2.506453275680542	1.2623308897018433	1.6054052114486694	0.642417848110199	0.0	2.0512306690216064	0.4801780879497528	0.025510478764772415	0.43640509247779846	0.9938318133354187	0.0	0.0	0.0	2.971163034439087	1.0695345401763916	0.014220516197383404	1.9618843793869019	4.264490127563477	1.9958692789077759	0.0	0.5534816384315491	0.0	0.7546589374542236	0.0	1.2369376420974731	0.0	0.0	2.3220293521881104	1.6511526107788086	0.0	3.6571731567382812	1.9618055820465088	0.0	2.3541927337646484	0.10388606786727905	1.671649694442749	0.44751331210136414
0.0	0.0	0.4224391579627991	1.84676194190979	0.0	0.0055508362129330635	2.398566246032715	2.1014857292175293	3.143453359603882	0.5732704997062683	0.6176971793174744	0.5104843378067017	0.8030147552490234	0.0	0.2969360649585724	0.0	0.6460263729095459	0.6499429941177368	0.7440651059150696	1.959834098815918	0.0	1.4279385805130005	2.3176779747009277	1.9325650930404663	1.629879355430603	0.11159767210483551	0.0	0.0	0.0	1.2762603759765625	1.3248989582061768	1.748655080795288	0.3330325484275818	0.0957278311252594	3.3574912548065186	0.0	1.1011695861816406	2.2952191829681396	0.672240674495697	2.7835135459899902	0.049176305532455444	1.5738472938537598	0.2245693951845169	3.337458610534668	0.5949554443359375	1.2036309242248535	0.0	0.7006364464759827	4.157618522644043	3.1576523780822754	0.0	0.0	0.0	0.09632386267185211	0.442462295293808	0.8234316110610962	0.0	0.2469353973865509	0.5031929612159729	1.868660807609558	1.300632357597351	0.0	0.0	0.4714500308036804
1.153162956237793	0.8834936022758484	2.088884115219116	2.0675413608551025	0.0	0.8151034712791443	0.0	1.3277212381362915	0.4013245403766632	0.14332936704158783	1.162588119506836	0.46719929575920105	0.0	1.623176097869873	0.0	1.5250858068466187	0.0	0.19551004469394684	0.01487040612846613	0.36854618787765503	0.8994007706642151	2.168445587158203	0.1007690504193306	0.716239333152771	0.7390830516815186	1.7135133743286133	2.587658166885376	1.7259925603866577	0.7562998533248901	1.531412124633789	0.3054507076740265	0.6723138689994812	1.5077922344207764	2.2999942302703857	1.688407063484192	0.9843694567680359	0.4404185116291046	1.1798821687698364	1.4727061986923218	2.573122024536133	2.1576297283172607	0.0	0.0	1.3056129217147827	0.6605874300003052	0.0	0.0	0.3805410861968994	2.8492541313171387	3.3643553256988525	1.3215292692184448	0.23436078429222107	0.8612788915634155	1.8566527366638184	2.094766855239868	0.0	0.0	0.0	0.0	0.7250540852546692	0.9782934784889221	2.232090950012207	2.4814507961273193	1.733042597770691
0.0	0.0	0.7543027997016907	1.5436619520187378	0.0	0.0	2.286224126815796	2.369539260864258	2.346653938293457	0.19316986203193665	0.2585983872413635	0.0	0.3940392732620239	0.0	0.0	0.2103251814842224	0.353142648935318	0.0	0.2761578857898712	1.777138113975525	0.0	1.5523123741149902	2.309192657470703	2.0901436805725098	1.7636728286743164	0.0	0.0	0.07790713012218475	0.0	1.1132705211639404	0.818792462348938	1.6810182332992554	0.4674040675163269	0.1843852400779724	4.0671868324279785	0.0	0.9859457015991211	2.1772513389587402	0.6971253752708435	2.7414965629577637	0.0	0.9578003287315369	0.13162140548229218	3.5611321926116943	0.6876809597015381	1.2624831199645996	0.0	0.0	3.8466296195983887	3.575878858566284	0.19597169756889343	0.0	0.0	0.8093644380569458	0.0	0.0	0.0	0.21232099831104279	0.7570443749427795	1.1716545820236206	2.0106236934661865	0.0	0.0	0.0
0.0	0.3704219460487366	2.464961528778076	1.9119926691055298	0.6394316554069519	0.0	0.0	0.8809047937393188	0.15483595430850983	1.1138215065002441	0.7838467955589294	0.0	0.0	0.3003646433353424	0.08630713075399399	3.3046793937683105	0.0	0.0	1.0592564344406128	0.15028822422027588	0.14473938941955566	1.8117035627365112	0.30323928594589233	0.6445756554603577	0.8234443664550781	2.354692220687866	1.269636631011963	2.9581406116485596	0.0	2.838169813156128	0.8359683156013489	0.0	2.259267807006836	1.404380202293396	0.0	0.4501171410083771	1.306067705154419	0.9199299812316895	0.0	2.343625545501709	2.626760721206665	0.4210439920425415	0.14670071005821228	0.0	4.097237586975098	0.0	0.12018819898366928	0.20236606895923615	2.9437448978424072	3.025559902191162	0.5570864677429199	0.9289695024490356	0.0	1.144960641860962	2.6359269618988037	0.0	0.012030865997076035	0.4026436507701874	0.0	0.0	0.7038105130195618	0.5923227667808533	2.3995578289031982	0.0
0.0	0.21522580087184906	0.2566772997379303	1.8128743171691895	0.0	0.16105836629867554	1.6680527925491333	2.2264134883880615	3.041145086288452	0.3679555058479309	0.6261622905731201	1.0257889032363892	0.36119699478149414	0.0	0.20816175639629364	0.0	0.3075673580169678	1.4238018989562988	0.484602153301239	2.2207400798797607	0.0	1.5128004550933838	2.504577875137329	2.08886981010437	1.702215313911438	0.0	0.0	0.5393328666687012	0.0	1.1379830837249756	1.0732688903808594	1.9390493631362915	0.19500349462032318	0.19294191896915436	3.7589943408966064	0.0	0.8964329957962036	2.2571163177490234	1.206213355064392	2.904362916946411	0.0	1.552040457725525	0.0	3.527743101119995	0.48284557461738586	1.7831701040267944	0.1988217830657959	0.0	3.4082772731781006	3.3136000633239746	0.0	0.0	0.0	0.16849331557750702	0.10648316144943237	0.24029166996479034	0.0	0.5268401503562927	0.22510507702827454	2.9057250022888184	1.6154335737228394	0.0	0.0	0.2208084613084793
0.12517483532428741	0.0	2.2343811988830566	0.0	1.5769597291946411	0.0	1.2032463550567627	0.3101472854614258	1.2092657089233398	3.0639593601226807	0.0	1.4036403894424438	1.5101683139801025	0.4265115261077881	2.3608925342559814	1.2225744724273682	0.6875708699226379	0.0	1.8294678926467896	0.6986757516860962	0.5260873436927795	0.0	3.6373114585876465	0.4880872964859009	0.0	0.17188525199890137	0.6615926623344421	0.5163489580154419	1.4893406629562378	0.25649717450141907	0.7957401275634766	0.07393801212310791	0.7083731293678284	0.0719701498746872	0.0	0.2432706356048584	0.7608832120895386	0.0	0.3892168402671814	0.0	2.101278066635132	0.6048299670219421	0.3124459981918335	1.0174962282180786	3.6665942668914795	1.8910630941390991	0.3750387728214264	0.5262694954872131	0.3336312472820282	0.0	0.0	0.014824111014604568	0.06080849841237068	0.0	1.2336680889129639	2.089641571044922	0.2574673593044281	3.12624192237854	1.9628465175628662	0.0	2.1235439777374268	0.0	0.4398338794708252	0.054870206862688065
0.15849193930625916	0.9372692108154297	2.486501693725586	1.2854251861572266	0.7487865090370178	0.7075293660163879	3.353496789932251	0.5294597744941711	0.17215664684772491	0.0	0.21664144098758698	0.6658596396446228	2.5348799228668213	1.4074878692626953	1.0174399614334106	1.6628764867782593	3.6292853355407715	0.7202428579330444	0.1721605807542801	0.5268266201019287	2.820356607437134	0.7224690318107605	2.58174467086792	1.111609935760498	1.060006022453308	0.5642004013061523	2.6365010738372803	0.0	2.480473041534424	0.17161136865615845	0.20961859822273254	0.5339067578315735	1.012208342552185	0.3360603451728821	0.0	2.487178325653076	0.5531641840934753	0.0	1.7399351596832275	0.31384822726249695	0.0	0.0019366992637515068	3.2024521827697754	0.10817323625087738	2.155207872390747	1.0645686388015747	1.8222582340240479	3.0327842235565186	0.0	0.0	0.0	1.4085901975631714	1.2633851766586304	1.0432562828063965	0.4755640923976898	0.8910301327705383	0.732336163520813	0.0	1.0203707218170166	0.0	2.205991268157959	3.5297200679779053	1.985159993171692	0.47011274099349976
1.4123708009719849	0.030669035390019417	2.9895858764648438	0.8080756664276123	1.2656018733978271	0.0	3.397019624710083	0.44820278882980347	0.4973523020744324	1.193336844444275	0.0	0.6457160711288452	1.966044306755066	0.2878362536430359	1.1861343383789062	2.1433796882629395	3.486565589904785	0.0	0.5511590242385864	0.6738083362579346	2.609736442565918	1.0082778930664062	3.253702163696289	0.7045667767524719	0.7005331516265869	0.20651523768901825	2.162257432937622	0.0	2.3709444999694824	0.29588982462882996	0.0	0.532992959022522	1.4189071655273438	0.0	0.2751721739768982	2.1959285736083984	0.7449730634689331	0.07832949608564377	0.5964120626449585	0.27505213022232056	0.010286963544785976	0.21411235630512238	2.492960214614868	0.9769411087036133	2.9366588592529297	1.5214003324508667	1.6248373985290527	2.6214821338653564	0.0	0.0	0.0	0.6226022839546204	0.897197425365448	0.3712081015110016	0.4976713955402374	1.108086109161377	1.2260105609893799	0.8431716561317444	1.7371618747711182	0.0	2.718858480453491	1.4070463180541992	1.6951993703842163	0.08587391674518585
0.8090875148773193	0.9016643762588501	2.695767879486084	1.1535570621490479	1.4742776155471802	0.7842123508453369	3.493161201477051	0.42030230164527893	0.3992542028427124	0.17337800562381744	0.26015791296958923	0.7571164965629578	2.3053879737854004	1.299444556236267	1.2235357761383057	1.6131172180175781	3.472017526626587	0.7272058129310608	0.47595322132110596	0.5190024375915527	3.0374608039855957	0.536121666431427	2.5685067176818848	0.7830209136009216	0.698145866394043	0.48627811670303345	2.623424530029297	0.0	2.4731335639953613	0.08967991918325424	0.377983421087265	0.5548889636993408	1.1673364639282227	0.43249791860580444	0.0	2.4466850757598877	0.4697214961051941	0.13369904458522797	2.163475275039673	0.3122219145298004	0.05925401300191879	4.1292667447123677e-05	3.088634967803955	0.12216967344284058	2.1361773014068604	0.7697093486785889	2.4150733947753906	3.102721929550171	0.0	0.0	0.13561522960662842	1.1549729108810425	1.3883346319198608	0.9595581889152527	0.6363386511802673	0.7092485427856445	1.4598551988601685	0.0	0.827160120010376	0.7673755884170532	2.2468502521514893	3.3879497051239014	1.97930109500885	0.5133563876152039
1.1115270853042603	0.0	3.0813000202178955	0.66705322265625	1.5680724382400513	0.7919563055038452	3.5267300605773926	0.3739056885242462	0.5964541435241699	2.013009786605835	0.0	0.9721019864082336	2.31626558303833	1.1799014806747437	1.2868781089782715	2.52847957611084	3.852400064468384	0.6012065410614014	0.901201605796814	0.013627137057483196	2.432406187057495	0.8359231948852539	3.0065853595733643	0.6022052764892578	1.3623130321502686	2.21412992477417	2.2533786296844482	0.07419831305742264	2.2759058475494385	1.229051947593689	0.2364785373210907	0.23368732631206512	1.8735873699188232	0.3902393579483032	0.0	2.5576062202453613	0.7822290062904358	0.10871967673301697	0.7252011895179749	0.20691677927970886	0.373366117477417	0.41115403175354004	2.9155452251434326	0.6538530588150024	3.9547817707061768	0.7762942910194397	2.2234790325164795	1.8452889919281006	0.0	0.0	0.2596704959869385	1.4790328741073608	0.477557897567749	0.9599250555038452	2.1779167652130127	1.3959935903549194	1.1098216772079468	0.7114447951316833	1.1784955263137817	0.2824932634830475	2.5729570388793945	3.4074137210845947	2.1168951988220215	1.100422978401184
0.34645307064056396	0.46895328164100647	2.6124894618988037	0.8916216492652893	1.2285223007202148	0.0	0.19954001903533936	0.6877793073654175	0.17994782328605652	2.2339186668395996	0.5404505133628845	0.20168982446193695	0.02330487221479416	0.06083575636148453	0.44789502024650574	3.2709765434265137	0.0	0.0	1.497070550918579	0.13999176025390625	0.0	1.3104164600372314	0.8932309150695801	0.8160980939865112	0.6516653895378113	3.0190656185150146	1.3428292274475098	3.505439519882202	0.29523953795433044	2.408008098602295	0.9825493097305298	0.0	2.1871371269226074	0.9635673761367798	0.0	0.4100174009799957	1.2326619625091553	0.69534832239151	0.0	1.5212438106536865	3.150491237640381	0.4939718246459961	0.2982211410999298	0.4549746513366699	4.176049709320068	0.2114255577325821	0.0	0.2617812752723694	2.045417308807373	2.6492650508880615	0.26167380809783936	0.6937057375907898	0.0	0.6700447201728821	2.53995943069458	0.0	0.0	2.1761393547058105	0.9297727346420288	0.0	0.8921718597412109	1.4862436056137085	2.456580400466919	0.4395280182361603
0.0	0.1566634327173233	2.450244426727295	1.959456443786621	1.1853386163711548	0.5488182306289673	0.0	0.6228814721107483	0.5692195892333984	0.6118146181106567	0.8298267126083374	0.0	0.0	0.7827851176261902	0.0	3.6138389110565186	0.2567019760608673	0.0	1.397849202156067	0.0	0.0	1.7469958066940308	0.9619610905647278	0.8810003399848938	1.764776587486267	1.9763559103012085	1.4012278318405151	2.697873592376709	0.2782120406627655	2.9436614513397217	1.5267828702926636	0.0	2.22709059715271	1.6226438283920288	0.0	0.0	1.3393045663833618	0.991178572177887	0.10161056369543076	3.2211475372314453	2.8667659759521484	0.0	0.19631054997444153	0.0	4.119894981384277	0.0	0.0	0.16725867986679077	4.259032726287842	3.632768392562866	0.32911011576652527	0.7701194286346436	0.11903391778469086	0.8730205297470093	2.028759241104126	0.0	0.0	0.0	0.0	0.2722353935241699	1.441339135169983	1.1648856401443481	2.781693935394287	0.755306601524353
1.656751275062561	3.6479835510253906	0.4394983947277069	0.6196143627166748	0.08157648146152496	1.2053008079528809	0.0	0.16232623159885406	1.2954301834106445	0.0	2.1112241744995117	1.9515602588653564	0.7443930506706238	0.8511804938316345	2.425698757171631	0.0035626462195068598	2.525188684463501	3.5495364665985107	0.024802543222904205	2.848092555999756	2.1801955699920654	0.0	0.0	0.4191496670246124	0.5194502472877502	1.3516093492507935	1.7112711668014526	0.0	0.5449408888816833	0.0	0.0	1.2972640991210938	0.0	2.4995486736297607	0.6101670861244202	2.0951292514801025	0.0	0.0	3.6505486965179443	0.9119232296943665	0.0	0.7633166909217834	2.5333845615386963	0.0002593947574496269	0.6315444111824036	0.37267470359802246	2.969508409500122	0.17956125736236572	0.0	0.0	0.9379297494888306	0.6483842730522156	2.063204050064087	0.5702184438705444	0.5075573921203613	1.5363974571228027	1.889326572418213	0.6594994068145752	0.017297405749559402	2.5137786865234375	0.04149171710014343	2.523685932159424	1.232903003692627	1.4995410442352295
0.33737990260124207	2.36397385597229	0.5694326758384705	0.31754183769226074	0.0	1.3374994993209839	0.0	0.0	0.21179215610027313	0.0	1.627363920211792	1.2888357639312744	0.0	1.6294662952423096	0.5691235661506653	0.7330999970436096	0.0	1.56479811668396	0.0	0.8204519152641296	0.1578894555568695	0.021857216954231262	0.0	0.07805097103118896	0.9108824133872986	0.4229848384857178	2.709068536758423	0.0	1.542746901512146	0.0	0.21136346459388733	1.2936944961547852	1.3099008798599243	0.0	0.0	0.0	0.0374886579811573	0.0	2.4767327308654785	0.10618678480386734	0.0	0.0	0.0	0.0	0.08844855427742004	0.3667408525943756	0.5655102729797363	0.0903826430439949	0.0	0.0	0.5136615633964539	0.0	2.0022971630096436	1.1904062032699585	0.0	0.629438579082489	1.0696214437484741	0.0	0.017692185938358307	1.1439409255981445	1.0880755186080933	3.6090779304504395	2.1497890949249268	1.424225091934204
1.7620502710342407	0.7720590233802795	0.0	0.5962728261947632	0.0	0.3189822733402252	1.8436003923416138	2.224749803543091	2.8144590854644775	0.646431028842926	0.9429960250854492	2.417837142944336	1.0047214031219482	0.9279271364212036	0.9627230167388916	0.0	0.7313804030418396	2.4237167835235596	0.44178760051727295	2.210463762283325	0.07787320762872696	1.3332380056381226	1.8853946924209595	0.8091554641723633	1.1404165029525757	2.1817965507507324	0.0	1.0082467794418335	0.0	0.3212282955646515	0.7409240007400513	1.7059141397476196	0.0	0.4025140702724457	3.717210531234741	0.48534414172172546	0.3985414206981659	1.9861507415771484	0.5608887076377869	3.1874196529388428	0.0	1.6911816596984863	0.46054425835609436	3.2741878032684326	0.0	1.0109480619430542	1.2493762969970703	0.0	2.1120872497558594	2.4262630939483643	0.0	0.0	0.3460623621940613	1.4881491661071777	2.163369655609131	1.654436707496643	1.4376705884933472	0.8850697875022888	0.2443995177745819	2.915177345275879	0.2383234202861786	0.5454877018928528	0.0	0.5560721755027771
1.0127321481704712	0.0636785700917244	2.9797372817993164	1.036973237991333	1.5528512001037598	0.4518020451068878	3.443171262741089	0.47393175959587097	0.37940800189971924	0.7241201996803284	0.0	0.8581891059875488	2.0921528339385986	0.6959009170532227	0.8178609013557434	2.627310276031494	3.747185230255127	0.0	0.5492680668830872	0.03053516149520874	2.863654375076294	0.8398011326789856	2.6750359535217285	0.6865556836128235	0.575046956539154	1.4013431072235107	2.513901472091675	0.0	2.7089180946350098	0.0	0.0	0.008802957832813263	1.795168399810791	0.0	0.0	2.507932424545288	0.8153969645500183	0.0	1.5993130207061768	0.11538150161504745	0.0	0.5445010662078857	2.972675085067749	0.6458828449249268	2.6019489765167236	1.2819890975952148	1.5076804161071777	2.58379864692688	0.0	0.7882074117660522	0.0509038046002388	0.6568050384521484	1.0596792697906494	0.7752566933631897	0.6266427636146545	0.7457281351089478	1.1229766607284546	0.0	1.4539977312088013	0.0	2.498370409011841	3.658602237701416	1.8232682943344116	0.6314448714256287
0.0	0.17336644232273102	0.07119528204202652	0.8365928530693054	0.0	0.0	1.7455569505691528	2.13442063331604	2.8914053440093994	0.28223487734794617	1.1918801069259644	0.8087206482887268	0.5943198204040527	0.0	0.3101848065853119	0.0	0.1800641566514969	1.3058838844299316	0.9182525277137756	1.7491058111190796	0.0	1.7069944143295288	2.1121156215667725	1.1731605529785156	1.5954642295837402	0.28172194957733154	0.0	0.0	0.0	1.0510644912719727	1.3601678609848022	1.8816592693328857	0.3661688566207886	0.14101296663284302	3.9627692699432373	0.0	0.521390438079834	2.251873254776001	0.9563931226730347	3.3543765544891357	0.0	2.061378240585327	0.17007894814014435	3.4818003177642822	0.23730313777923584	1.8825340270996094	0.0	0.09684380143880844	2.960944175720215	3.251835346221924	0.4675689935684204	0.0	0.0065361312590539455	0.7179107069969177	0.16347190737724304	0.7641506195068359	0.0	0.5744166374206543	0.39259061217308044	3.1937475204467773	0.9160944819450378	0.045766234397888184	0.0	0.0
0.0785176157951355	0.47441935539245605	1.3579087257385254	0.6354371309280396	0.3145498037338257	1.3103219270706177	1.3493682146072388	2.262943983078003	1.3289827108383179	0.0	1.2950177192687988	0.6805949211120605	0.12913048267364502	1.2717591524124146	0.0	1.5033824443817139	0.0	0.7400426268577576	0.717958927154541	1.5999174118041992	0.0	2.407219886779785	0.17414066195487976	1.296992540359497	1.4801222085952759	0.0	1.9429887533187866	0.6104491949081421	0.9469321966171265	1.0732817649841309	1.5123041868209839	1.5001333951950073	1.9673666954040527	0.0	3.0148816108703613	0.0	0.5084220170974731	1.5825738906860352	1.431542158126831	1.2325035333633423	0.18971344828605652	0.3415040373802185	0.0	2.7415082454681396	0.2105729728937149	1.2930593490600586	0.0	0.15935328602790833	2.3537845611572266	3.180689573287964	0.6447068452835083	0.0	1.317859172821045	1.5122431516647339	0.0	0.2139185220003128	0.2341882288455963	0.0	0.16241730749607086	1.3264472484588623	1.9603416919708252	3.3879451751708984	1.8332860469818115	0.2908625304698944
1.9251657724380493	3.081108570098877	0.07070384174585342	0.4114436209201813	0.135188490152359	0.7329459190368652	0.1511664092540741	0.6738178730010986	1.3938298225402832	1.2830077409744263	1.9382665157318115	1.6944818496704102	0.8915783762931824	0.6421054005622864	2.0852761268615723	0.0	2.829178810119629	2.9119606018066406	0.0	3.0696351528167725	2.5031332969665527	0.29615581035614014	0.0	0.08441291004419327	0.35478922724723816	2.503349781036377	0.42002397775650024	0.459712415933609	0.0	0.0	0.0	0.986164927482605	0.0	2.332578659057617	2.423266649246216	2.3837976455688477	0.0	0.9372976422309875	2.3914947509765625	1.7988361120224	0.0	1.6300384998321533	3.219297170639038	1.8176023960113525	0.024991782382130623	0.13522905111312866	2.8483848571777344	0.0	0.0	0.0	0.7486100196838379	0.8579878211021423	0.573609471321106	0.9921038150787354	1.4488434791564941	1.5544570684432983	1.6806244850158691	0.8114518523216248	0.0	2.6215922832489014	0.0	1.0265439748764038	0.0	1.4877729415893555
0.0	0.2657454311847687	2.870774745941162	0.7093594670295715	2.2716381549835205	0.406522274017334	1.4514670372009277	0.8988301157951355	0.36368706822395325	3.070117712020874	2.3714959621429443	0.3403637707233429	1.888366460800171	0.6519774794578552	2.0511975288391113	2.579852342605591	0.21480919420719147	0.37888914346694946	2.4594573974609375	0.1986575573682785	0.1256473958492279	0.2139049470424652	2.7320711612701416	1.3017750978469849	0.2519875168800354	1.7780057191848755	1.9488834142684937	2.2556233406066895	1.4709020853042603	1.9876902103424072	1.5355461835861206	0.15826496481895447	2.0525641441345215	1.0001882314682007	0.0	0.47910913825035095	1.2671394348144531	0.14155064523220062	0.044273026287555695	0.8477202653884888	3.068213939666748	2.3114607334136963	0.6439483165740967	1.7502444982528687	3.791011095046997	1.402360439300537	0.10718641430139542	1.4156849384307861	0.20002888143062592	0.29640743136405945	0.09057759493589401	0.82904052734375	0.0	0.0	2.303309917449951	2.23564076423645	0.6190037727355957	2.7473058700561523	1.8920114040374756	1.1667648553848267	1.8473072052001953	1.2404274940490723	2.023773670196533	0.43529632687568665
0.2598913311958313	0.0	3.008270502090454	1.1029118299484253	1.5409908294677734	0.0	3.6160197257995605	0.4728354811668396	0.8503232002258301	0.5934927463531494	0.0	0.513931930065155	2.4759302139282227	0.005038868170231581	1.3961483240127563	2.389895439147949	3.7053921222686768	0.0	0.9259657263755798	0.2941025197505951	2.5216481685638428	0.5728952884674072	3.560241937637329	0.7533159255981445	0.7072507739067078	0.0	1.74573814868927	0.0	2.3155226707458496	0.3793164789676666	0.0	0.0953574851155281	1.0096681118011475	0.0	0.0	2.229069709777832	0.574152946472168	0.008395198732614517	0.39501672983169556	0.14455728232860565	0.08757489919662476	0.21033306419849396	2.804532527923584	0.8091112971305847	3.1149661540985107	1.1769888401031494	1.42951500415802	2.7549943923950195	0.0	0.0	0.013009034097194672	0.8028108477592468	0.6279296875	0.5528641939163208	0.5649251937866211	1.3147821426391602	1.0212327241897583	0.5050407648086548	1.495391845703125	0.0	2.998340368270874	0.6579345464706421	0.7765532732009888	0.0
2.046661138534546	3.4689512252807617	1.3314635753631592	0.9749235510826111	0.40751227736473083	0.6591095328330994	1.621673583984375	0.2160070687532425	0.23681168258190155	0.5096592307090759	1.5519232749938965	1.2551281452178955	1.4201425313949585	0.6767529845237732	2.194817543029785	0.3139706552028656	3.1552999019622803	1.8387513160705566	0.0	1.8143861293792725	2.5056662559509277	0.0998365581035614	0.0	0.05708671733736992	0.6615596413612366	0.9573858380317688	2.461594581604004	0.29123926162719727	1.9607864618301392	0.0	0.0	0.7523519396781921	0.06267204880714417	1.5280765295028687	0.0	2.5023140907287598	0.5112035274505615	0.0	3.5554935932159424	0.8848989009857178	0.0	0.025603966787457466	2.0454487800598145	0.40553513169288635	0.496987521648407	0.8735242486000061	2.270695924758911	1.822332739830017	0.24387189745903015	0.4216870069503784	0.9501581192016602	0.19169902801513672	2.279825210571289	0.6943391561508179	0.35029226541519165	0.4881114661693573	1.9236483573913574	1.0280745029449463	1.726054072380066	1.962235927581787	1.5303287506103516	3.2300729751586914	1.472766637802124	0.7911898493766785
0.912417471408844	3.037672281265259	0.8941004872322083	0.6020256280899048	0.23452891409397125	1.6924757957458496	1.0848159790039062	0.06792188435792923	0.7628699541091919	0.0	1.9484022855758667	1.000251054763794	1.3495533466339111	0.9991000890731812	2.1308791637420654	0.0	3.507615566253662	3.8827619552612305	0.0	2.413902521133423	2.8070011138916016	0.1310049593448639	0.0015417925314977765	0.25191059708595276	0.4333481192588806	0.9884220957756042	2.363179922103882	1.4300934076309204	1.5087125301361084	0.0	0.0	1.2767548561096191	0.0	2.4702577590942383	0.0	2.5743510723114014	0.0	0.0	3.9178378582000732	0.5528321266174316	0.0	0.0	3.6965153217315674	0.0	0.5365719795227051	0.4025298058986664	2.9249441623687744	0.5425064563751221	0.0	0.0	0.974121630191803	1.332829475402832	2.0299062728881836	0.16039584577083588	0.2268761396408081	0.27285236120224	1.1432695388793945	0.2980441153049469	0.30806344747543335	2.056699752807617	0.1432466059923172	2.4840025901794434	1.5335447788238525	0.8639395833015442
0.0	0.08375666290521622	2.486010789871216	1.7076491117477417	0.9996110796928406	0.6319987773895264	0.10136055946350098	0.8663255572319031	0.4628545641899109	0.45502933859825134	0.7448365092277527	0.0	0.0	0.5631412267684937	0.0	3.4069674015045166	0.19098129868507385	0.0	1.2846956253051758	0.05900738015770912	0.0	1.8471612930297852	0.30834725499153137	1.4354883432388306	1.1795117855072021	2.058615207672119	1.2797106504440308	2.6758761405944824	0.19392848014831543	3.058903694152832	1.2785567045211792	0.029330994933843613	2.2262754440307617	1.1561453342437744	0.0	0.035306043922901154	1.3517050743103027	1.1844885349273682	0.0	2.4081954956054688	2.8816559314727783	0.2354505956172943	0.1568005383014679	0.0	3.809819221496582	0.0	0.0	0.14090251922607422	3.345999002456665	2.602092742919922	0.36772704124450684	0.8317309617996216	0.1744385063648224	0.7124190330505371	2.0658528804779053	0.0	0.0	0.014834512956440449	0.0	0.0	0.3648071885108948	1.2773020267486572	2.585442066192627	0.0
2.09291672706604	2.7294774055480957	0.26966729760169983	0.9144340753555298	0.0	1.2462711334228516	0.8447375893592834	1.4204968214035034	0.9789049625396729	0.11110901087522507	0.9468885064125061	1.723070740699768	0.25536635518074036	1.4967124462127686	1.4862624406814575	0.0	0.7601500749588013	2.677396774291992	0.0	3.0298349857330322	1.515316128730774	0.9836724996566772	0.0	0.0	0.5792890191078186	2.466309070587158	0.7627502083778381	1.3838492631912231	0.0	0.0	0.0	1.1014045476913452	0.0	1.6939940452575684	3.0524284839630127	2.0138494968414307	0.0	1.363588809967041	1.963140845298767	2.175912380218506	0.0	1.5644187927246094	1.214045524597168	2.071840286254883	0.0	0.0	2.352776050567627	0.0	0.0	0.8666312098503113	0.6504282355308533	1.2299052476882935	1.0512168407440186	1.4762932062149048	1.627109169960022	0.8753776550292969	1.4950344562530518	1.0866894721984863	0.0	3.0389437675476074	0.14102213084697723	1.3854306936264038	0.10645692050457001	1.229380488395691
0.9325960278511047	0.0	2.697897434234619	0.6187331080436707	1.9258641004562378	0.0	1.1300421953201294	0.26171037554740906	0.2266068458557129	2.968803644180298	0.0	0.874153196811676	0.9012110829353333	0.0	1.5342540740966797	2.7812728881835938	0.0	0.0	1.6885377168655396	0.835780143737793	0.0	0.16835059225559235	2.351487159729004	0.0	0.0	2.2882518768310547	0.8079903721809387	2.5185866355895996	0.7657329440116882	1.1814072132110596	0.4426221549510956	0.0	1.9572465419769287	0.4297419488430023	0.0	0.368034303188324	0.9168633818626404	0.0	0.0	0.3089697062969208	3.239635467529297	0.9064990878105164	0.13407540321350098	1.6704306602478027	4.338172912597656	1.2620700597763062	0.0	0.2400498241186142	0.0	0.49397990107536316	0.0	0.4334791898727417	0.0	0.3035375475883484	2.3564085960388184	1.008312463760376	0.0	3.657867670059204	1.430457353591919	0.0	2.3637642860412598	0.0790821984410286	1.650622844696045	0.11546482890844345
0.0	0.08305893838405609	2.4254395961761475	1.9680322408676147	1.3383432626724243	0.4328293800354004	0.6308550238609314	0.8260297775268555	0.9580813646316528	0.35339197516441345	1.0146780014038086	0.0	0.0	0.4024806022644043	0.0811467096209526	3.558278799057007	0.15583211183547974	0.0	1.1428794860839844	0.0	0.68177330493927	1.7910873889923096	0.8808325529098511	0.9426379203796387	1.5831055641174316	2.419691324234009	1.5386892557144165	2.2732272148132324	0.3782688081264496	2.865199327468872	1.2230548858642578	0.0	2.329183340072632	1.4271650314331055	0.31366804242134094	0.18160420656204224	1.3601447343826294	1.0958691835403442	0.18791534006595612	3.517136335372925	2.7047512531280518	0.09128794074058533	0.0	0.0	3.7981181144714355	0.03260636702179909	0.0	0.06601983308792114	3.906913995742798	3.7018444538116455	0.8854106068611145	0.8437922596931458	0.0	0.8789087533950806	2.218299388885498	0.10133732855319977	0.0	0.0	0.0	0.39289456605911255	0.35786107182502747	1.7589532136917114	2.403674364089966	0.13884349167346954
0.2831706702709198	0.4420880675315857	2.2805821895599365	0.0	1.8604844808578491	0.5382318496704102	0.0	0.6091564297676086	0.18157245218753815	3.076819658279419	1.2832530736923218	1.002414345741272	0.5224518775939941	0.8713451027870178	1.0770602226257324	3.0627942085266113	0.0	0.0	2.4951391220092773	0.01821068860590458	0.0	0.7716450095176697	1.597553014755249	0.14507414400577545	0.25965750217437744	1.6093896627426147	1.9610276222229004	2.5549774169921875	1.3248720169067383	2.09283185005188	1.8750468492507935	0.25602027773857117	2.736473798751831	0.8388358354568481	0.0	0.034739986062049866	0.9672407507896423	0.43193450570106506	0.6457937955856323	0.13894088566303253	3.1457481384277344	0.5683433413505554	0.0	1.432887315750122	3.397244453430176	1.4496533870697021	0.0	0.29997366666793823	0.31061479449272156	0.2100464552640915	0.0	0.88005131483078	0.04761476069688797	0.19530361890792847	2.244141101837158	2.6357853412628174	0.0	3.44364857673645	2.12214994430542	0.0	1.7024712562561035	1.577078938484192	2.5519304275512695	1.1289218664169312
0.0	0.3917785584926605	2.408186197280884	1.8900036811828613	1.2437807321548462	0.3808799386024475	0.0	0.7762458324432373	0.28499218821525574	0.9152617454528809	0.845655620098114	0.0	0.05752164125442505	0.7657654285430908	0.612771213054657	2.9824087619781494	0.13040271401405334	0.35324230790138245	1.7613381147384644	0.18881745636463165	0.5412293672561646	1.3867454528808594	0.7763476371765137	0.6204828023910522	0.9492821097373962	2.6640374660491943	1.1507848501205444	2.86112904548645	0.0	2.789940118789673	1.2997575998306274	0.0	1.7693326473236084	1.8118102550506592	0.0	0.30998697876930237	1.3964940309524536	1.0734360218048096	0.07830093055963516	2.8934991359710693	3.532514810562134	0.7659868597984314	0.41745880246162415	0.0	4.225783348083496	0.0	0.0	0.0	3.2792510986328125	2.3496623039245605	0.44850367307662964	0.8892720341682434	0.0	0.12308748811483383	2.574007987976074	0.20940732955932617	0.0	0.4399136006832123	0.0	0.39802107214927673	0.47490841150283813	1.1372203826904297	2.134676218032837	0.1619945615530014
1.7661995887756348	3.743010997772217	0.0	0.24647065997123718	0.12907934188842773	0.9145634174346924	0.0	0.2302272468805313	1.0988333225250244	0.22906692326068878	2.0739779472351074	2.1081390380859375	0.5890915989875793	1.185099720954895	2.318425178527832	0.0	2.2984859943389893	3.0184929370880127	0.0	2.7993268966674805	1.9818115234375	0.12838494777679443	0.0	0.0	0.3845182955265045	1.8497389554977417	1.448248267173767	0.5087977647781372	0.3419490456581116	0.0	0.1480533629655838	1.3584486246109009	0.0	2.106809616088867	1.2037709951400757	1.7578880786895752	0.0	0.11689309775829315	3.110386848449707	0.8653937578201294	0.0	2.4785242080688477	2.1842703819274902	0.8807294368743896	0.0	0.6029428243637085	2.7151548862457275	0.0	0.0	0.0	0.8609408140182495	0.3994496166706085	1.7530155181884766	0.7055537104606628	0.48684465885162354	1.5427945852279663	2.086345672607422	0.7719154357910156	0.4459417164325714	2.7126688957214355	0.6822513937950134	2.587639808654785	0.6241724491119385	1.3166236877441406
1.3577415943145752	3.618075132369995	0.7083068490028381	0.7708353996276855	0.7982962727546692	1.3477002382278442	2.6840527057647705	1.1920300722122192	0.2498776763677597	0.0	1.6672823429107666	1.3340916633605957	2.1016929149627686	1.30277681350708	1.0164589881896973	0.7101462483406067	2.6313822269439697	2.353870153427124	0.0	1.9440925121307373	2.897343635559082	0.6385942101478577	0.0	0.5494263172149658	0.6211301684379578	1.0626498460769653	2.52600359916687	0.0	1.1492310762405396	0.0	0.0	1.132597804069519	0.06725199520587921	0.6156627535820007	1.0066585540771484	2.695176362991333	0.0	0.0	3.029700517654419	0.3325221836566925	0.0	0.4633242189884186	2.7418150901794434	0.005774361081421375	0.0	0.35310086607933044	2.6545283794403076	2.4798672199249268	0.0	0.0	0.806705117225647	1.700972557067871	2.2477035522460938	1.3734993934631348	0.08368437737226486	0.5818815231323242	1.6173797845840454	0.059909019619226456	0.29120418429374695	2.2608535289764404	0.8856169581413269	3.093151330947876	1.4659373760223389	1.5783507823944092
2.075380563735962	3.0215373039245605	1.2759143114089966	0.0	1.0305081605911255	1.1942106485366821	1.1147154569625854	0.46079468727111816	1.1648643016815186	0.13289949297904968	1.875146746635437	1.820211410522461	1.6881436109542847	1.418465256690979	1.4586609601974487	1.0179574489593506	2.9008431434631348	2.6832261085510254	0.0	2.3246586322784424	2.3416593074798584	0.9230288863182068	0.0	0.7291586399078369	0.7116904258728027	1.2812230587005615	2.347475528717041	0.21887056529521942	1.4858852624893188	0.056803666055202484	0.5215898156166077	1.6664248704910278	1.3114619255065918	1.9079639911651611	0.9915736317634583	1.9405629634857178	0.5365901589393616	0.30715781450271606	3.359783411026001	0.5320515036582947	0.0	0.25472021102905273	2.806922674179077	0.1800684928894043	1.1411124467849731	1.3985313177108765	2.5628089904785156	0.0	0.0	0.6423324942588806	0.9993481636047363	0.8765252232551575	1.6294541358947754	1.1237962245941162	1.061131238937378	2.225477695465088	2.6834845542907715	0.192338228225708	0.7454583644866943	3.76802921295166	0.6797119975090027	3.8575551509857178	2.312530040740967	1.7262675762176514
0.40853095054626465	0.1513616293668747	2.4886372089385986	1.127380609512329	0.6821863055229187	1.2922303676605225	0.0	0.7698237895965576	0.8304604291915894	0.4723525643348694	1.1328059434890747	0.39059340953826904	0.0	0.9636973142623901	0.0	3.0210442543029785	0.0	0.09839627891778946	1.6027929782867432	0.0	0.0	2.2303102016448975	0.0	1.2400639057159424	1.0454976558685303	1.9128305912017822	1.622654914855957	2.7697269916534424	0.4695011079311371	2.6697781085968018	1.382590651512146	0.0	2.816939353942871	1.1727728843688965	0.3437251150608063	0.0	1.3639408349990845	1.0129475593566895	0.04357225075364113	2.666496515274048	2.349436044692993	0.09020302444696426	0.0	0.07179882377386093	3.2485973834991455	0.2684655487537384	0.09759683907032013	0.0	3.7822089195251465	3.4393813610076904	1.3300825357437134	0.02276187762618065	0.2553832232952118	1.0665327310562134	2.239724636077881	0.853742241859436	0.0	0.0	0.19379940629005432	0.40918388962745667	0.9613955020904541	2.0923941135406494	2.908053398132324	0.0
2.6358718872070312	2.5912840366363525	0.0	0.0	0.269369900226593	0.4532550573348999	0.0	1.6290262937545776	0.9855074882507324	1.114157795906067	2.0286104679107666	2.5898470878601074	0.0	0.5380827784538269	2.1460680961608887	0.0	0.6696848273277283	2.562169313430786	0.0	2.8147406578063965	0.3739103078842163	0.9697152376174927	0.07966653257608414	0.0	0.16855572164058685	2.211672306060791	0.6212434768676758	2.205714225769043	0.5837839245796204	0.0	0.29807525873184204	1.5125516653060913	0.03263122960925102	1.1306898593902588	2.765503406524658	0.9658434987068176	0.08859600126743317	1.0517243146896362	2.2238519191741943	1.1076371669769287	0.0	1.7466459274291992	0.0	2.4645423889160156	0.0	1.7817412614822388	1.6005717515945435	0.0	0.7877203226089478	1.8429954051971436	0.9811763167381287	0.026718944311141968	1.2897025346755981	1.1717883348464966	2.5170085430145264	1.661700963973999	1.7909995317459106	2.0667724609375	1.5740971565246582	4.987724304199219	0.7115895748138428	1.8090916872024536	0.0	2.5474061965942383
0.0	0.0	0.7131483554840088	1.6699758768081665	0.0	0.17877885699272156	2.2629735469818115	1.7307440042495728	1.9454907178878784	1.325126051902771	0.30345243215560913	0.20201538503170013	0.0	0.40323758125305176	0.0	0.0	0.13945576548576355	0.0	0.3399356007575989	1.1352285146713257	0.0	1.2091920375823975	1.469151496887207	1.3748326301574707	1.7929798364639282	0.0	0.3029761016368866	0.02752096578478813	0.6753683686256409	0.6895003914833069	0.7806251645088196	1.7238131761550903	1.129022479057312	0.0	4.146862506866455	0.0	0.7631452083587646	1.2455759048461914	1.0726447105407715	1.985198736190796	0.0	0.4596159756183624	0.0	3.1194701194763184	0.3937097191810608	1.1386406421661377	0.0	0.0	3.2626044750213623	4.152009010314941	0.5688363313674927	0.0	0.24246811866760254	1.6415185928344727	0.0	0.0	0.0	0.0	0.6728262901306152	0.682052493095398	2.1221230030059814	1.0051509141921997	0.29951319098472595	0.3529031276702881
0.11064785718917847	0.9117071032524109	2.457733154296875	1.2867175340652466	0.8151399493217468	0.22217300534248352	1.377793788909912	1.094870686531067	1.0112487077713013	1.8243050575256348	0.933405339717865	0.4090122878551483	0.14267954230308533	0.43898439407348633	0.7029131054878235	2.972787380218506	0.3278960883617401	0.04688548296689987	1.5562931299209595	0.10979439318180084	0.33896371722221375	1.6578376293182373	0.1410292685031891	1.229376196861267	1.0590059757232666	2.8130619525909424	1.151637315750122	3.3251748085021973	0.20377685129642487	2.8228049278259277	0.8430930376052856	0.0	2.073741912841797	1.547932505607605	0.0	0.6763582825660706	1.3140771389007568	1.290162205696106	0.0	3.275832414627075	3.132571220397949	0.32342612743377686	0.515341579914093	0.20995807647705078	4.123791217803955	0.4248892366886139	0.0	0.7019457221031189	3.1818647384643555	3.2275326251983643	1.3169286251068115	1.2183090448379517	0.0	1.1134053468704224	2.85493540763855	0.0	0.0	0.30561938881874084	0.008230801671743393	0.3216884434223175	0.460466593503952	0.8625436425209045	2.4247326850891113	0.6089480519294739
2.5187458992004395	1.8619906902313232	1.9772292375564575	1.7016319036483765	0.4833204746246338	0.677517294883728	2.673880100250244	0.7618452906608582	0.0	0.0	0.0	1.0012975931167603	1.7509037256240845	0.9527769088745117	0.0	0.0793309435248375	2.2915151119232178	0.7458516359329224	0.0	0.9212952256202698	2.8923356533050537	0.2051379531621933	0.0	0.0	0.7315220832824707	1.7228978872299194	2.626580238342285	0.0	1.6054824590682983	0.0	0.0	0.017308533191680908	0.19408126175403595	0.6123918890953064	0.344465047121048	3.0806996822357178	0.0	0.0	1.9197605848312378	0.7714587450027466	0.0	0.0	2.192115306854248	0.4153556525707245	0.2299765795469284	0.0	0.9642496109008789	2.7771365642547607	0.0	0.49521976709365845	0.8255687952041626	1.2573935985565186	1.0808711051940918	1.7556524276733398	1.8881309032440186	0.0	0.7495293021202087	0.17300382256507874	1.2367900609970093	0.497245192527771	2.254270076751709	2.1062331199645996	1.146309733390808	0.6081299781799316
0.8709892630577087	0.0	2.8102264404296875	0.4808139204978943	1.5790292024612427	0.0	1.6909598112106323	0.0018448622431606054	0.3586345911026001	3.505990743637085	0.0	0.22883984446525574	0.733052134513855	0.0	1.834601879119873	2.747514009475708	0.0	0.0	1.5123941898345947	0.028857581317424774	0.0017067830776795745	0.0	2.81415057182312	0.10563437640666962	0.0	1.4653887748718262	1.901023030281067	2.0592267513275146	1.5955955982208252	0.05052971467375755	0.423128604888916	0.0	2.6899633407592773	0.042649757117033005	0.21645794808864594	1.0591572523117065	0.6000716090202332	0.0	0.0434577539563179	0.0	2.722320318222046	1.3888505697250366	0.05995654687285423	2.685060739517212	3.806914806365967	1.1360960006713867	0.0	0.7908342480659485	0.0	0.0	0.0	0.6629829406738281	0.0	0.0	1.860390067100525	0.9716330170631409	0.0	3.6920077800750732	2.573359251022339	0.0	2.702409267425537	0.9441714882850647	1.7250299453735352	0.02147790789604187
0.0	0.20519673824310303	0.284895658493042	0.48868367075920105	0.01189884077757597	0.021655447781085968	1.9611272811889648	2.357102155685425	3.1654231548309326	0.5627314448356628	1.0351228713989258	0.5958857536315918	0.8889880776405334	0.0	0.7246943116188049	0.0	0.39935824275016785	1.15267813205719	0.5818539261817932	2.1730194091796875	0.0	1.5199285745620728	2.1952078342437744	2.0737533569335938	1.5532379150390625	0.0	0.0	0.0	0.0	1.0916297435760498	1.185524821281433	2.0438475608825684	0.14767420291900635	0.2384674996137619	4.0480146408081055	0.0	0.8138628005981445	2.0147042274475098	0.8021288514137268	2.5616228580474854	0.0	1.4616217613220215	0.0	3.890475034713745	0.0	1.805054783821106	0.06740225851535797	0.0	2.8512322902679443	2.8972017765045166	0.0	0.0	0.11118260025978088	0.320431649684906	0.0	0.5000025629997253	0.06292404234409332	0.3981688618659973	0.48266616463661194	3.0903422832489014	0.7503004670143127	0.4364390969276428	0.0	0.0
2.3287158012390137	1.459221363067627	0.1863754689693451	0.724675714969635	0.0	0.0	1.9759896993637085	2.1825809478759766	2.291144847869873	0.5479670166969299	0.6551254987716675	2.210202217102051	0.42538487911224365	1.3672422170639038	0.7048905491828918	0.0	0.5989043712615967	1.8899457454681396	0.0	2.157181978225708	1.5211776494979858	1.58527672290802	1.4064048528671265	0.6058165431022644	1.5060720443725586	2.5631165504455566	0.0	0.9536065459251404	0.0	0.0	1.0008957386016846	1.5434250831604004	0.2342321276664734	0.4800295829772949	3.9986913204193115	1.129055380821228	0.5508098602294922	1.9295706748962402	1.2564786672592163	2.648238182067871	0.0	1.7897101640701294	0.46885061264038086	3.7260661125183105	0.13819172978401184	1.9304081201553345	1.140143871307373	0.0	1.36665678024292	2.5977134704589844	0.407112181186676	0.08843930065631866	0.8086692690849304	1.7342333793640137	1.9828613996505737	1.3070727586746216	1.6307278871536255	0.6227338910102844	0.5342357158660889	3.3497772216796875	0.8951811194419861	1.9190031290054321	0.0	0.6658334136009216
0.0	0.3629477918148041	2.6893856525421143	1.32844877243042	1.0030138492584229	0.04278752580285072	0.0	0.8714399933815002	0.157217875123024	1.4422457218170166	0.6508883833885193	0.0	0.0	0.5005545616149902	0.02770211733877659	3.284978151321411	0.0	0.0	1.0508533716201782	0.0	0.0	1.717273235321045	0.19911250472068787	0.6902362704277039	0.5292961597442627	2.835610866546631	1.6425387859344482	3.352066993713379	0.4414920508861542	2.6603198051452637	0.7549070715904236	0.0	2.5270118713378906	2.1672818660736084	0.1527819037437439	0.19210143387317657	1.422693133354187	0.9471570253372192	0.0	1.600640058517456	3.226456880569458	0.30408188700675964	0.0	0.15292888879776	3.6511783599853516	0.061260707676410675	0.0	0.44920775294303894	1.7824912071228027	2.421537160873413	0.82120281457901	0.6747254133224487	0.0	1.0358279943466187	2.178344964981079	0.0	0.0	0.5987363457679749	0.0	0.0	1.3178074359893799	1.3990998268127441	2.6510660648345947	0.4678698778152466
0.07727978378534317	0.13550668954849243	0.6086240410804749	1.202963948249817	0.0	0.0	2.312204599380493	2.320195436477661	2.4084436893463135	0.32276591658592224	0.5047670006752014	0.9157012104988098	0.35178250074386597	0.0	0.4703361392021179	0.0	0.4820546507835388	0.458553284406662	0.06677527725696564	1.6296563148498535	0.0	1.8448741436004639	1.9902681112289429	1.6663340330123901	2.1409313678741455	0.0	0.0	0.0	0.20391325652599335	0.6016994714736938	0.9173904061317444	1.6453428268432617	0.5649068355560303	0.0	4.127558708190918	0.15538163483142853	1.2199673652648926	2.1053717136383057	0.39341992139816284	2.8007118701934814	0.12924672663211823	1.305045247077942	0.0	3.832376718521118	0.6094658374786377	2.5628185272216797	0.0	0.0	3.028752565383911	3.906616449356079	0.9820250272750854	0.0	0.25763216614723206	0.9480336308479309	0.2741493880748749	0.0	0.24704290926456451	0.34033235907554626	1.101494312286377	2.321524143218994	1.460679054260254	1.0268170833587646	0.0	0.0
1.6396563053131104	1.291473388671875	0.5188705325126648	0.0	0.07530426234006882	0.10136768221855164	2.011228561401367	2.275413751602173	1.8989711999893188	0.5899634957313538	1.1721268892288208	2.477367639541626	0.54063481092453	0.3699113130569458	1.2388370037078857	0.126898393034935	0.41514408588409424	2.367495536804199	0.21686771512031555	2.296459197998047	0.0	1.5869052410125732	0.57804936170578	0.5659056901931763	1.3919813632965088	1.2419071197509766	0.0	0.7684615850448608	0.7429378032684326	0.4190773665904999	1.8228375911712646	1.801182508468628	1.0350340604782104	0.0	4.00586462020874	0.0	0.5115385055541992	1.9040412902832031	1.4244623184204102	1.9494973421096802	0.7870099544525146	1.9129234552383423	0.11373616755008698	3.4192159175872803	0.1718606948852539	2.1941282749176025	1.1486144065856934	0.0	0.5280773639678955	1.5705162286758423	0.12877477705478668	0.0	1.2188278436660767	1.690277099609375	2.1959571838378906	2.4174346923828125	0.926252543926239	1.5219765901565552	0.5952363014221191	3.8263211250305176	1.1981093883514404	2.976792573928833	0.06041005626320839	0.803339958190918
0.0	0.7770709991455078	2.5708370208740234	2.0091025829315186	0.7681336998939514	0.5252565145492554	0.18682990968227386	0.7311946749687195	0.013714905828237534	0.6678599715232849	0.46290281414985657	0.0	0.0	0.5984987616539001	0.0	3.3691790103912354	0.0	0.0	0.7400190830230713	0.07103496044874191	0.0	1.9004417657852173	0.6856301426887512	0.720615565776825	1.228695273399353	2.437325954437256	1.5540438890457153	2.304384469985962	0.2524051368236542	2.588991165161133	0.9765290021896362	0.0	2.3171160221099854	1.316517949104309	0.0	0.2230067253112793	1.3040488958358765	0.9417785406112671	0.2531786859035492	2.849743366241455	1.919331431388855	0.0	0.0	0.0	3.650991916656494	0.24169889092445374	0.0	0.36378034949302673	3.4395720958709717	3.5088889598846436	0.93455570936203	0.5639835596084595	0.19061674177646637	1.148215651512146	2.223907709121704	0.0	0.0	0.1469324678182602	0.0	0.03165142983198166	0.9143074750900269	2.018176555633545	2.7624261379241943	0.0
0.614054262638092	0.17717579007148743	2.354386329650879	1.2508175373077393	1.4560033082962036	0.48424020409584045	4.337965488433838	0.5813999772071838	0.7849569916725159	0.09885513782501221	0.0	0.6167235374450684	2.649369478225708	0.7792215943336487	0.9053081274032593	1.910961627960205	3.74871563911438	0.6463626623153687	0.5331592559814453	0.44862401485443115	2.558110237121582	0.27901339530944824	3.028897285461426	0.925471305847168	0.5245909690856934	0.3393213748931885	2.3162734508514404	0.0	2.4270782470703125	0.08825702965259552	0.0735672190785408	0.328872412443161	1.3157132863998413	0.12745164334774017	0.0	2.385876417160034	0.6263179779052734	0.0	1.2289773225784302	0.10225878655910492	0.4752451479434967	0.050139762461185455	3.455869436264038	0.30597880482673645	2.1583752632141113	0.7469561100006104	1.3693163394927979	2.791942596435547	0.1954028159379959	0.0	0.0	1.0824064016342163	0.815117359161377	0.6841210722923279	0.5001494288444519	1.2897343635559082	0.5603616237640381	0.0	0.7758248448371887	0.15364977717399597	2.382932186126709	1.8995708227157593	1.9965927600860596	0.6295939087867737
0.0	0.0	2.26361083984375	1.1767609119415283	0.8040358424186707	1.1765140295028687	0.4879661798477173	1.3011730909347534	0.07896585762500763	1.3123866319656372	1.4902992248535156	0.16353589296340942	0.4357956051826477	0.9917190074920654	0.0	2.606987953186035	0.0	0.6567816138267517	1.80185866355896	0.017563896253705025	0.4067177474498749	1.5476220846176147	0.6395727396011353	1.0521892309188843	1.0160173177719116	1.7508771419525146	1.96515953540802	3.010719060897827	1.4897655248641968	3.3313894271850586	1.2621310949325562	0.0	1.9469672441482544	1.2992053031921387	0.0	1.1189992427825928	1.2367416620254517	1.6694324016571045	0.5782840847969055	2.763695478439331	3.6176838874816895	0.07104919850826263	1.2877740859985352	0.6771478056907654	3.5262718200683594	1.4230053424835205	0.1857801377773285	0.0	3.0251944065093994	0.7168123722076416	0.7499659657478333	0.3923851549625397	0.10508806258440018	0.24740898609161377	2.5218772888183594	3.001732349395752	0.2896340489387512	0.5525583028793335	0.692061722278595	1.7344586849212646	1.4303698539733887	1.234986662864685	3.0162196159362793	0.07277122139930725
0.6998499631881714	0.0	2.4374473094940186	0.4618833065032959	1.5846787691116333	0.0	0.748180627822876	0.33551719784736633	0.11861953139305115	3.6030282974243164	0.0	0.5492914319038391	1.0719456672668457	0.0	1.7177971601486206	2.623154401779175	0.0	0.0	1.7693251371383667	0.751719057559967	0.2789115011692047	0.23562681674957275	2.3738656044006348	0.03522353991866112	0.0	1.912713885307312	0.6082172393798828	2.6569836139678955	0.7834965586662292	1.223230004310608	0.6448846459388733	0.0	1.6365094184875488	0.6996116638183594	0.004585959482938051	0.41626742482185364	0.9142683744430542	0.10687173902988434	0.05282288044691086	0.00025831678067333996	2.924067258834839	1.5315662622451782	0.11277325451374054	2.0863986015319824	4.186680316925049	1.3294200897216797	0.0	0.5466316938400269	0.0	0.3251495659351349	0.1579272598028183	0.6769206523895264	0.0	0.03967919945716858	2.4846293926239014	1.082863211631775	0.0	3.4112331867218018	1.6305928230285645	0.0	2.103010416030884	0.0	1.0244871377944946	0.0
0.9208085536956787	0.0	2.890166997909546	0.14439620077610016	2.1612212657928467	0.8337323665618896	1.2980307340621948	0.595478355884552	0.9953217506408691	3.758671760559082	0.1389932781457901	1.6279150247573853	1.258256196975708	0.03920254111289978	1.8744412660598755	3.1915242671966553	0.2747461497783661	0.4509406089782715	1.6567870378494263	0.0	0.11173751950263977	0.9425967335700989	2.081814765930176	0.6807908415794373	0.7090049386024475	1.4753996133804321	1.2868953943252563	2.3943684101104736	1.5851244926452637	1.9119528532028198	1.4347604513168335	0.0	2.5803630352020264	0.7616214156150818	0.0	0.321394145488739	1.2611294984817505	0.3978699743747711	0.10922028869390488	0.4109630882740021	3.212465524673462	0.6207384467124939	0.6153866052627563	1.2351083755493164	4.128443241119385	2.8003089427948	0.0	0.15826894342899323	0.1612553596496582	2.073660373687744	0.07611671090126038	0.9218788146972656	0.28098583221435547	0.7050227522850037	3.13954758644104	2.761456251144409	0.0	3.418579578399658	1.3856018781661987	0.0	1.2783265113830566	2.1236321926116943	2.2214558124542236	1.270967960357666
0.0	0.0	2.5729546546936035	0.0	1.6550177335739136	0.0	0.0	0.0	0.37216031551361084	2.9369335174560547	0.0	0.5014781355857849	0.7805913686752319	0.28415781259536743	1.3916343450546265	2.935289144515991	0.0	0.0	2.1852529048919678	0.0	0.02596065029501915	0.0	2.871171474456787	0.0	0.0	1.3463619947433472	1.6767524480819702	1.8663662672042847	1.3103879690170288	0.810077428817749	1.065230369567871	0.0	1.8912626504898071	0.0	0.0	0.0	0.6387216448783875	0.0	0.0	0.0	2.464735746383667	1.126953363418579	0.0	0.7370675802230835	4.14425802230835	1.8955789804458618	0.0	1.070732831954956	0.059508707374334335	0.0	0.0	0.4396226704120636	0.1727965623140335	0.0	1.6357827186584473	2.4061412811279297	0.0	2.2059242725372314	0.8823837041854858	0.0	2.5677764415740967	0.5111622214317322	1.6612294912338257	0.126109316945076
1.8969998359680176	2.497248888015747	1.727298378944397	1.254867672920227	0.68360435962677	0.7814787030220032	3.141439199447632	0.48548153042793274	0.0	0.1301141381263733	1.0574424266815186	0.5050461888313293	1.9637138843536377	0.7728429436683655	0.7149630188941956	0.05413369461894035	2.6331875324249268	0.5965616703033447	0.0	0.7038667798042297	2.502288818359375	0.5126683712005615	0.0	0.0	0.8022899627685547	0.1984531730413437	2.946503162384033	0.0	2.275167942047119	0.0	0.0	0.38261711597442627	0.2028888314962387	0.3592733144760132	0.0	2.501162052154541	0.0	0.0	2.7340385913848877	0.5468549132347107	0.0	0.0	2.244168758392334	0.4631904363632202	0.0	0.08428961038589478	1.354693055152893	3.2832674980163574	0.0	0.0	0.8554844260215759	0.9993197321891785	1.311316967010498	0.9867990016937256	0.5727900266647339	0.0	0.8162252902984619	0.17913754284381866	2.3279123306274414	0.7776255011558533	1.5664030313491821	2.8195533752441406	1.4943660497665405	0.7497641444206238
2.616798162460327	1.7867157459259033	0.0	0.0	0.0	0.7441419363021851	0.42978569865226746	1.499760627746582	1.6795613765716553	0.5776471495628357	1.5260052680969238	2.6595590114593506	0.0	0.6388795971870422	1.1410938501358032	0.0	0.0	3.101637601852417	0.4868006408214569	2.562713861465454	0.5921202898025513	1.080769658088684	0.18697726726531982	0.5159364938735962	1.0324928760528564	2.4784770011901855	0.009556550532579422	0.7764513492584229	0.0	0.3584689497947693	0.6482170224189758	1.813329815864563	0.26635465025901794	0.8054758906364441	3.5201961994171143	0.42054158449172974	0.2600463926792145	1.5069270133972168	1.6631206274032593	2.2981531620025635	0.0	1.7486252784729004	0.2873770296573639	3.537200450897217	0.0	1.8888059854507446	1.0424286127090454	0.0	0.023400189355015755	1.3623383045196533	0.36627086997032166	0.0	1.1165186166763306	1.7046009302139282	2.2953484058380127	2.0921378135681152	1.7869267463684082	0.7182836532592773	0.21313177049160004	3.668100118637085	0.7611580491065979	1.9626485109329224	0.0	0.9541796445846558
0.0	0.0	0.7698784470558167	1.3280638456344604	0.21428515017032623	0.0	2.9727795124053955	2.501757860183716	2.5202574729919434	0.29429033398628235	0.0	0.0	0.7815660238265991	0.0	0.19166933000087738	0.4883898198604584	1.11027991771698	0.14818792045116425	0.3546660244464874	1.7384865283966064	0.03639712557196617	1.9134329557418823	2.283449411392212	1.6454640626907349	1.4477818012237549	0.378776878118515	0.0	0.29707440733909607	0.39205145835876465	1.1973687410354614	1.3198329210281372	1.5025795698165894	0.9434142112731934	0.0	3.6457555294036865	0.0	0.8002163171768188	2.2031946182250977	0.3767251670360565	3.2163069248199463	0.08368491381406784	1.094892144203186	0.0	3.6949210166931152	0.5343422293663025	1.9583090543746948	0.0	0.0	3.933009386062622	3.6798882484436035	0.6777716279029846	0.0	0.0	0.5832804441452026	0.2448173314332962	0.36718010902404785	0.0	0.0	0.44871532917022705	1.1432216167449951	0.9770500659942627	0.0	0.0	0.0
0.0	0.4146089255809784	2.508807897567749	1.7712815999984741	0.42022114992141724	0.4739067852497101	0.1444755494594574	0.8541164398193359	0.7609071731567383	0.3925270140171051	0.43054232001304626	0.0	0.0	0.1907499134540558	0.0	3.189194917678833	0.020043527707457542	0.0	0.6401965022087097	0.2020319104194641	0.054233841598033905	1.8121215105056763	0.8112417459487915	0.9394247531890869	1.2973488569259644	1.854501485824585	1.618126392364502	2.6439433097839355	0.05426786467432976	2.8511950969696045	1.0447850227355957	0.09734203666448593	2.253328323364258	1.7197808027267456	0.19356633722782135	0.3811473250389099	1.531261682510376	1.1593337059020996	0.0	3.011294364929199	2.5216476917266846	0.28400108218193054	0.04093457758426666	0.23015733063220978	3.927584648132324	0.0	0.0	0.2500036656856537	4.0155181884765625	3.5226058959960938	0.7539321780204773	0.594694972038269	0.0	0.9460457563400269	2.298790216445923	0.0	0.0	0.0	0.0	0.2528623938560486	0.5438753962516785	0.859515905380249	2.5403106212615967	0.14817607402801514
1.7549952268600464	2.2248101234436035	0.0	0.0	0.30755576491355896	1.0381247997283936	0.7599908113479614	1.0397872924804688	1.7988884449005127	0.876744270324707	1.6344796419143677	2.364567279815674	0.2476424127817154	0.47117072343826294	1.7185674905776978	0.0	0.6184434294700623	3.5462193489074707	0.1719350814819336	3.013399600982666	0.22054298222064972	0.7034872174263	0.0	0.0	0.5747599005699158	1.6686242818832397	0.43232232332229614	0.0	0.0	0.0	0.06601309776306152	1.6713063716888428	0.0	1.2583807706832886	2.6113712787628174	0.7051282525062561	0.0	1.0176767110824585	2.2781553268432617	1.3546769618988037	0.2544260621070862	1.8746577501296997	1.0780645608901978	2.4712815284729004	0.0	1.3769254684448242	2.00123929977417	0.0	0.009590225294232368	0.3373073935508728	0.28600385785102844	0.7403863668441772	1.2579641342163086	1.0090749263763428	1.222662091255188	2.432112693786621	1.596672773361206	1.2947770357131958	0.21779181063175201	4.384171962738037	0.24950067698955536	1.6606861352920532	0.0	1.4003876447677612
1.8285624980926514	2.2493503093719482	0.0	0.0	0.0	0.7171505093574524	0.23454010486602783	1.079107642173767	2.1182751655578613	0.8020538687705994	2.3413562774658203	2.5936856269836426	0.0	1.0202335119247437	2.1039180755615234	0.0	0.19818571209907532	2.5539889335632324	0.26944148540496826	2.8473501205444336	0.3355914354324341	0.762134850025177	0.0	0.3623531758785248	0.6551053524017334	2.020613193511963	0.0	0.18706941604614258	0.0	0.0	0.0	1.551992654800415	0.0	1.609614610671997	3.017495632171631	0.6301010251045227	0.0	1.2741272449493408	1.6695502996444702	1.1406923532485962	0.0	2.08186674118042	0.027643335983157158	2.7348697185516357	0.04836465045809746	1.1708829402923584	1.8632373809814453	0.0	0.09988835453987122	0.8710014224052429	0.1568557620048523	0.05641354247927666	1.0355510711669922	1.2299308776855469	1.6210159063339233	2.110593318939209	1.7471412420272827	0.9384810328483582	0.052513305097818375	4.14875602722168	0.0	1.7001593112945557	0.0	1.0898032188415527
