0.6361629962921143	0.0	0.0	0.0	0.6710917949676514	0.0	1.736977458000183	0.6455146074295044	0.0	1.3623825311660767	0.7561639547348022	0.0	0.0	0.38723355531692505	0.29869720339775085	0.0	1.6436325311660767	0.7944007515907288	1.6786106824874878	1.2118159532546997	1.0023833513259888	0.0	0.0	0.8405142426490784	0.8998429775238037	1.573593258857727	0.0	0.4321938157081604	0.6681338548660278	0.0	0.0	0.0	0.0	1.4537557363510132	0.16234956681728363	1.0465357303619385	0.0	0.11564522236585617	0.7364923357963562	0.8250532150268555	0.6671765446662903	1.0501493215560913	1.3035221099853516	0.39306679368019104	0.6206424832344055	1.2177021503448486	0.0	0.0	1.0361201763153076	2.708688497543335	1.3552907705307007	0.0	1.8858189582824707	0.0	1.2942390441894531	0.0	0.0	0.0	2.0603575706481934	1.9532346725463867	0.0	0.6621159315109253	0.040636416524648666	1.8540066480636597
0.6937734484672546	0.0	0.22954954206943512	0.0	0.738980233669281	0.0	1.4699708223342896	0.5269992351531982	0.0	0.845443606376648	0.7458348870277405	0.0	0.0	0.3700438141822815	0.061294861137866974	0.0	1.6448720693588257	0.4673238694667816	1.2912765741348267	1.240450143814087	1.013573408126831	0.0	0.0	0.9872861504554749	1.0410829782485962	1.3658605813980103	0.0	0.41082069277763367	0.5901556611061096	0.13877788186073303	0.0	0.0	0.0	1.1621267795562744	0.0	0.9449711441993713	0.0	0.0	0.5339372158050537	0.8482405543327332	0.6894102096557617	0.429620623588562	1.3291312456130981	0.35065174102783203	0.6688292622566223	1.0897759199142456	0.0	0.0	1.0150333642959595	2.922783613204956	1.4079954624176025	0.0	2.1376636028289795	0.0	1.2554792165756226	0.0	0.0	0.0	1.926873803138733	1.9908798933029175	0.0	0.8090792894363403	0.0	1.836310625076294
0.2308734506368637	0.0	0.7606784701347351	0.0	0.7513423562049866	0.5267056226730347	1.2654186487197876	0.639757513999939	0.0	1.0834920406341553	1.0872747898101807	0.0	0.0	1.0553264617919922	0.8271419405937195	0.0	1.500055193901062	1.383198618888855	2.2367618083953857	1.7774572372436523	1.5105737447738647	0.0	0.5470792651176453	0.5019119381904602	1.1238844394683838	0.591224730014801	0.0	0.26741132140159607	1.3316371440887451	0.7062153220176697	0.0	0.37117767333984375	0.0	1.3141900300979614	0.4959813058376312	0.3712402582168579	0.0	0.0	0.845381498336792	0.6908218264579773	0.3860539197921753	1.232386827468872	1.5511653423309326	0.43532121181488037	1.0818102359771729	1.1220563650131226	0.0	0.0	0.826110303401947	1.8046303987503052	1.809213399887085	0.0	2.433192729949951	0.0	0.7910734415054321	0.0	0.0	0.0	2.010788679122925	2.184997797012329	0.0	0.6282217502593994	0.0	2.295679807662964
0.5694931745529175	0.0	0.04707605391740799	0.0	0.9900217056274414	0.0	1.7584872245788574	0.2195117324590683	0.0	1.000319242477417	0.5380095839500427	0.0	0.0	0.2228570431470871	0.0	0.0	1.7384440898895264	0.7635144591331482	1.5048359632492065	1.069459319114685	0.9196954965591431	0.0	0.0	1.1326690912246704	0.5638189911842346	1.3423880338668823	0.0	0.7240587472915649	0.7509600520133972	0.0	0.0	0.0	0.0	1.1758888959884644	0.19003088772296906	1.1025323867797852	0.0	0.0	0.5756978988647461	0.7552660703659058	0.33772656321525574	0.7376671433448792	1.2746186256408691	0.624243974685669	0.7076509594917297	1.2651625871658325	0.0	0.0	0.7274851202964783	2.888841152191162	1.1276217699050903	0.0	2.3010079860687256	0.0	1.446594476699829	0.0	0.0	0.0	2.1194586753845215	1.9198318719863892	0.0	0.8593947887420654	0.11116170883178711	1.8294774293899536
0.24528388679027557	0.0	0.1402960866689682	0.0	0.6613330841064453	0.022597748786211014	1.189197301864624	0.5490937829017639	0.0	1.1257011890411377	0.9553568363189697	0.0	0.0	1.116473913192749	0.3776035010814667	0.0	1.3818520307540894	0.7371311783790588	2.1136252880096436	1.853024959564209	1.1679058074951172	0.0	0.1911783665418625	0.610900342464447	1.154633641242981	0.8389532566070557	0.0	0.11376386880874634	0.7815911769866943	0.3773230314254761	0.0	0.0	0.0	1.2857271432876587	0.23365065455436707	0.5637155175209045	0.0	0.0	0.1487618386745453	0.657941460609436	0.466683566570282	0.15844391286373138	1.4175090789794922	0.2875152826309204	0.8483239412307739	1.2664352655410767	0.0	0.0	0.9228911399841309	1.7983458042144775	1.7195734977722168	0.0	1.994350552558899	0.0	0.9238703846931458	0.0	0.0	0.0	2.1790308952331543	2.2949862480163574	0.0	0.4720669090747833	0.0	1.7269933223724365
0.5314268469810486	0.0	0.016603436321020126	0.0	0.5921093225479126	0.0	1.4289307594299316	0.6855140328407288	0.0	1.006834864616394	0.6630133986473083	0.0	0.0	0.32423922419548035	0.22499021887779236	0.0	1.3925410509109497	0.5548543334007263	1.396385669708252	1.2198803424835205	0.8535981178283691	0.0	0.0	1.124088168144226	0.9919478297233582	1.5408350229263306	0.0	0.5406402945518494	0.5041708946228027	0.0	0.0	0.0	0.0	1.3387770652770996	0.19588692486286163	0.9599431157112122	0.0	0.0	0.5624889135360718	0.847388744354248	0.6340363025665283	0.8873869180679321	1.468176007270813	0.41140973567962646	0.49209633469581604	1.2929961681365967	0.0	0.0	1.100547432899475	2.903278112411499	1.4724950790405273	0.0	2.0069451332092285	0.0	1.4543880224227905	0.0	0.0	0.0	2.1775803565979004	1.9739173650741577	0.0	0.6962028741836548	0.0800817608833313	1.7523921728134155
0.4965783655643463	0.0	0.7308738827705383	0.0	0.8063503503799438	1.711731195449829	1.4842405319213867	0.43361368775367737	0.0	0.8089008927345276	1.4001103639602661	0.32316192984580994	0.0	0.8000219464302063	0.46569156646728516	0.6118699312210083	1.8500860929489136	0.8536742925643921	1.8561184406280518	1.4570120573043823	1.1825153827667236	0.0	0.44822242856025696	0.8631623983383179	1.5446083545684814	1.0342522859573364	0.0	0.67049640417099	0.8936268091201782	0.09543320536613464	0.0	0.8485610485076904	0.0	1.3222442865371704	0.14299936592578888	0.47412511706352234	0.0	0.0	0.3970661163330078	0.766059398651123	0.42410188913345337	0.05522797629237175	1.136414647102356	0.25338295102119446	0.7262071371078491	1.0695291757583618	0.0	0.0	0.7179438471794128	2.411177635192871	1.2215477228164673	0.0	2.2476868629455566	0.0	1.3147560358047485	0.0	0.0	0.0	2.4011709690093994	2.207125425338745	0.0	1.487801194190979	0.0	1.9326106309890747
0.3722725808620453	0.0	0.3049534261226654	0.0	0.6857050657272339	0.36145299673080444	1.485563039779663	0.13798540830612183	0.0	1.3170435428619385	0.4891437888145447	0.0	0.0	0.43634048104286194	0.2578074336051941	0.271253764629364	1.3970087766647339	0.11831951141357422	1.8373655080795288	0.983757734298706	0.8645367622375488	0.0	0.22098568081855774	1.335135817527771	0.7427321672439575	2.0848255157470703	0.0	0.5256732702255249	1.0533338785171509	0.0	0.0	0.0	0.0	1.1450310945510864	0.0	0.8287928700447083	0.03096715733408928	0.0	0.21603527665138245	1.0332770347595215	0.6476336717605591	0.6074922680854797	1.2904272079467773	0.25577154755592346	0.8782264590263367	1.2008787393569946	0.0	0.0	1.236756682395935	3.252863645553589	1.4427764415740967	0.0	2.6075406074523926	0.0	1.541699767112732	0.0	0.0	0.09221131354570389	2.0782864093780518	2.0384583473205566	0.0	1.3500405550003052	0.35183829069137573	1.3841543197631836
0.31979647278785706	0.0	0.4975719153881073	0.0	0.8055863380432129	0.0	1.6032613515853882	0.27701535820961	0.0	1.337303876876831	0.8148707151412964	0.0	0.0	0.3664478361606598	0.21647459268569946	0.6938530802726746	1.964103102684021	0.41082751750946045	1.3957939147949219	1.323378562927246	0.9787238836288452	0.0	0.0	1.1400370597839355	0.6003968715667725	1.4112626314163208	0.0	0.7297520041465759	0.8781643509864807	0.0	0.0	0.26931893825531006	0.0	1.3259472846984863	0.26464372873306274	0.7767789363861084	0.0	0.15453411638736725	0.29662707448005676	1.1716842651367188	0.678181529045105	0.699273407459259	1.47517991065979	0.24963924288749695	0.7562648057937622	1.3372777700424194	0.0	0.0	0.9361346364021301	2.8382256031036377	1.7004581689834595	0.0	2.293823003768921	0.0	1.3162455558776855	0.0	0.0	0.0	1.9762299060821533	2.0366272926330566	0.0	1.139162540435791	0.2352917641401291	1.7860519886016846
0.03884988650679588	0.0	0.23949770629405975	0.0	0.45323696732521057	0.0	1.2374067306518555	0.5846825838088989	0.0	1.1279250383377075	1.1722044944763184	0.0	0.0	1.4215009212493896	0.3225032389163971	0.0	1.6284902095794678	0.9282450675964355	2.2108161449432373	1.8119951486587524	1.1820365190505981	0.0	0.0	0.8506878018379211	0.9605111479759216	0.8295237421989441	0.0	0.0	0.8677279949188232	0.20627503097057343	0.0	0.7245984077453613	0.0	1.3799093961715698	0.5425955057144165	0.01307232491672039	0.0	0.0	0.3016899526119232	0.8314182758331299	0.3040390610694885	0.8507041335105896	1.5029557943344116	0.5034757256507874	0.8099029064178467	1.1351146697998047	0.0	0.0	1.0344067811965942	1.6855088472366333	1.7675014734268188	0.0	2.0121986865997314	0.0	0.7907468676567078	0.0	0.0	0.0	2.150622606277466	2.0839669704437256	0.0	0.6501721143722534	0.2114383429288864	2.2097511291503906
0.40142473578453064	0.0	0.6576171517372131	0.0	0.4142897129058838	0.7278228402137756	1.371738314628601	0.40339723229408264	0.0	1.0861666202545166	0.8537260890007019	0.06555559486150742	0.0	1.357826590538025	0.30277469754219055	0.2985798716545105	1.6342849731445312	0.9477819204330444	2.063939094543457	1.7201621532440186	0.9526984095573425	0.0	0.6952378153800964	1.5500414371490479	1.530647873878479	0.49942490458488464	0.0	0.1178695484995842	0.8899648785591125	0.04415836185216904	0.0	0.6755521893501282	0.0	1.1604257822036743	0.6712916493415833	0.0	0.0	0.0	0.04736826568841934	1.1407421827316284	0.2728430926799774	0.15466785430908203	1.179235816001892	0.31486719846725464	0.7710715532302856	0.8410822749137878	0.0	0.0	0.9414829015731812	2.0600452423095703	1.7539454698562622	0.0	2.3816077709198	0.0	1.0178261995315552	0.0	0.0	0.0	1.9005879163742065	2.287719249725342	0.0	0.8926829099655151	0.3383881151676178	1.9159103631973267
0.16307903826236725	0.0	0.269348680973053	0.0	0.4256928861141205	0.2606775462627411	1.3578052520751953	0.7001110911369324	0.0	1.25929594039917	1.0632952451705933	0.0	0.0	1.2008812427520752	0.530055046081543	0.0	1.8410309553146362	0.7456709742546082	2.20560359954834	1.8442813158035278	1.2724902629852295	0.0	0.09278121590614319	0.7091396450996399	1.2050495147705078	0.5284380912780762	0.0	0.32987210154533386	0.9183260202407837	0.1638900339603424	0.0	0.04518866166472435	0.0	1.4491636753082275	0.1580464094877243	0.35588136315345764	0.0	0.0	0.37963417172431946	0.9206358194351196	0.31172114610671997	0.43263137340545654	1.258453607559204	0.41684460639953613	0.9299788475036621	1.2174654006958008	0.0	0.0	0.8928783535957336	1.7546353340148926	1.5426383018493652	0.0	2.031055212020874	0.0	0.7805091142654419	0.0	0.0	0.0	2.110344886779785	2.175121545791626	0.0	0.4774879217147827	0.007088261656463146	1.7915390729904175
0.07874339818954468	0.0	0.04003887251019478	0.0	0.5110810399055481	0.1846332550048828	1.2676657438278198	0.4808875024318695	0.0	1.3356926441192627	1.0343912839889526	0.0	0.0	1.2674025297164917	0.37104925513267517	0.0	1.6538243293762207	0.9280056953430176	1.9084482192993164	1.830410122871399	1.2036200761795044	0.0	0.0	0.8334413766860962	0.7980067133903503	0.4429381489753723	0.0	0.41295722126960754	0.8650223612785339	0.389103502035141	0.0	0.21604973077774048	0.0	1.2746601104736328	0.23012956976890564	0.4090675711631775	0.0	0.0	0.17521719634532928	0.9896693825721741	0.22088676691055298	0.6753960847854614	1.552574634552002	0.3977911174297333	0.8695873618125916	1.25321364402771	0.0	0.0	0.8741777539253235	1.9697670936584473	1.9706411361694336	0.0	1.8752323389053345	0.0	0.9777520298957825	0.0	0.0	0.0	2.266758918762207	2.1216835975646973	0.0	0.5971633791923523	0.07010813057422638	2.0647335052490234
0.279155433177948	0.0	0.46530041098594666	0.0	0.4559132754802704	0.014787985011935234	1.1627612113952637	0.8376544713973999	0.0	1.0377840995788574	1.085443139076233	0.0	0.0	1.1608152389526367	0.407533198595047	0.0	1.3357014656066895	1.095296859741211	1.984144926071167	1.695135474205017	1.2360183000564575	0.0	0.0	0.6694447994232178	1.6359342336654663	0.9876406788825989	0.0	0.15385641157627106	0.7760853171348572	0.23764905333518982	0.0	0.0	0.0	1.4145562648773193	0.3838216960430145	0.5494217872619629	0.0	0.0	0.6572431325912476	0.6744042038917542	0.40981361269950867	0.8635995984077454	1.2979555130004883	0.4222659170627594	0.871972918510437	1.1178064346313477	0.0	0.0	1.0093657970428467	2.1840784549713135	1.6384329795837402	0.0	2.1528451442718506	0.0	0.7297953367233276	0.0	0.0	0.0	2.3951292037963867	2.358799457550049	0.0	0.3009047210216522	0.38064149022102356	1.7213866710662842
0.27038970589637756	0.0	0.019943034276366234	0.0	0.1751568764448166	0.21911153197288513	1.3172154426574707	0.5617175102233887	0.0	1.4450348615646362	1.4796196222305298	0.0	0.0	1.2449045181274414	0.09344134479761124	0.0	0.9493677616119385	0.5228137969970703	2.1587908267974854	1.6432464122772217	0.9508091807365417	0.0	0.14525699615478516	0.9972926378250122	0.8241747617721558	0.6788182854652405	0.0	0.061682820320129395	0.976306676864624	0.2361840009689331	0.0	0.6201231479644775	0.0	1.4787062406539917	0.7283542156219482	0.694282054901123	0.0	0.0	0.0	1.1557472944259644	0.5614968538284302	1.251434564590454	1.429714322090149	0.4534533619880676	0.7249248623847961	1.060691237449646	0.0	0.0	1.1559709310531616	2.0414793491363525	2.3062000274658203	0.0	1.8821667432785034	0.0	1.1513910293579102	0.0	0.0	0.0	2.5686259269714355	2.4438130855560303	0.0	0.33720287680625916	0.3183266520500183	1.9183894395828247
0.7223365902900696	0.0	0.1515008807182312	0.0	0.6032646298408508	0.0	1.619706392288208	0.1632918417453766	0.0	0.8160738348960876	0.7486602663993835	0.0	0.0	0.2132902294397354	0.4274211525917053	0.0	1.7193504571914673	0.488832950592041	1.0776911973953247	1.292614459991455	1.079725980758667	0.0	0.0	1.392334222793579	0.8378636837005615	1.4005706310272217	0.0	0.6418627500534058	0.5876767635345459	0.0	0.0	0.275247186422348	0.0	1.2884492874145508	0.0	0.8632561564445496	0.0	0.049580033868551254	0.44604504108428955	0.8172824382781982	0.512781023979187	0.6841685175895691	1.3198109865188599	0.5761863589286804	0.6977794170379639	1.1862952709197998	0.0	0.0	1.0694057941436768	2.7932417392730713	1.2313392162322998	0.0	2.2155818939208984	0.0	1.2804030179977417	0.0	0.0	0.0	1.766524314880371	1.8597075939178467	0.0	0.8823375701904297	0.0	1.795088768005371
0.6103120446205139	0.0	0.5243868231773376	0.0	0.954389750957489	0.311472088098526	1.6757473945617676	0.6232879161834717	0.0	0.9172340035438538	0.7427595257759094	0.0	0.0	0.12534692883491516	0.08710051327943802	0.008581199683248997	1.51945960521698	0.3768930733203888	1.4287530183792114	1.1701154708862305	0.9185171723365784	0.0	0.0	1.1183172464370728	0.8873692154884338	1.3335685729980469	0.0	0.763523280620575	0.44805005192756653	0.0	0.0	0.01645869016647339	0.0	0.9831869602203369	0.12474724650382996	1.0181204080581665	0.0	0.0	0.6216934323310852	0.8992835283279419	0.818583607673645	1.1192973852157593	1.4162395000457764	0.2604910731315613	0.5926628112792969	1.2401862144470215	0.0	0.0	1.0342603921890259	3.3107330799102783	1.5161287784576416	0.0	2.347228527069092	0.0	1.4724833965301514	0.0	0.0	0.0	1.817698359489441	2.08476185798645	0.0	1.1722501516342163	0.0	1.8072733879089355
0.3546645939350128	0.0	0.121113121509552	0.0	0.32340100407600403	0.09642017632722855	1.1989102363586426	0.684119701385498	0.0	1.1742913722991943	1.001213550567627	0.0	0.0	0.9447116255760193	0.3848815858364105	0.0	1.3089629411697388	1.1134366989135742	1.8600331544876099	1.5642815828323364	1.2488223314285278	0.0	0.0	0.6191962957382202	1.2755447626113892	0.8259209394454956	0.0	0.25461897253990173	0.7653056979179382	0.0	0.0	0.031203454360365868	0.0	1.2269339561462402	0.026514094322919846	0.5272020101547241	0.0	0.0	0.6465380191802979	1.029611587524414	0.4832468330860138	0.7647550106048584	1.3697640895843506	0.41273409128189087	0.781082272529602	1.176845908164978	0.0	0.0	1.1974221467971802	2.157996416091919	1.648522973060608	0.0	2.15617036819458	0.0	1.0147778987884521	0.0	0.0	0.0	2.2033395767211914	2.1721413135528564	0.0	0.5253480076789856	0.16650398075580597	1.7303310632705688
0.06400155276060104	0.0	0.6887422204017639	0.0	0.3736603260040283	0.6144471764564514	1.2992643117904663	0.6129142045974731	0.0	1.4264787435531616	0.9672276973724365	0.0	0.0	1.4145694971084595	0.5168890953063965	0.0	1.5503389835357666	0.763595700263977	2.0361008644104004	1.6937851905822754	1.0445607900619507	0.0	0.0824206992983818	0.9697409868240356	1.2107495069503784	1.1439334154129028	0.0	0.5350533127784729	0.8519814610481262	0.16374662518501282	0.0	0.6273760795593262	0.0	1.6221987009048462	0.4136829376220703	0.32581454515457153	0.0	0.10885046422481537	0.35201922059059143	0.8536901473999023	0.27028292417526245	0.4894399046897888	1.229685664176941	0.7747150659561157	0.9993835091590881	1.1965762376785278	0.0	0.0	1.0047169923782349	2.0713250637054443	1.6570028066635132	0.0	2.3080332279205322	0.0	1.088575005531311	0.0	0.0	0.0	2.2322981357574463	2.3920397758483887	0.0	0.9212462902069092	0.2660779654979706	2.02492618560791
0.7510249018669128	0.0	0.18146133422851562	0.0	0.9387633800506592	0.0	1.609485387802124	0.2731871008872986	0.0	1.0817257165908813	0.83350670337677	0.0	0.0	0.29760485887527466	0.1520986557006836	0.0	1.5521533489227295	0.4399402439594269	1.2023099660873413	1.049088716506958	0.9850108027458191	0.0	0.0	1.274262547492981	0.7775241136550903	1.4381781816482544	0.0	0.6610986590385437	0.4448692202568054	0.0	0.0	0.0	0.0	1.3628289699554443	0.0	0.925218939781189	0.0	0.0	0.5589083433151245	1.007431983947754	0.6650257110595703	0.6583157777786255	1.2051903009414673	0.510270893573761	0.5896270871162415	1.1273812055587769	0.0	0.0	0.9772678017616272	3.057743549346924	1.161599040031433	0.0	2.0288710594177246	0.0	1.4972282648086548	0.0	0.0	0.0	2.054442882537842	1.9732168912887573	0.0	1.1235833168029785	0.0	1.7902839183807373
0.06104610487818718	0.0	0.0	0.0	0.4893522560596466	0.3119586706161499	1.2503862380981445	0.5328478813171387	0.0	1.1416218280792236	1.0731399059295654	0.0	0.0	1.3136544227600098	0.3064936697483063	0.0	1.49177086353302	0.8714177012443542	1.734775185585022	1.8665716648101807	1.0681129693984985	0.0	0.0	0.8157294392585754	0.9196962714195251	0.2438402771949768	0.0	0.1366906464099884	0.8598731756210327	0.0	0.0	0.6179291605949402	0.0	1.6299388408660889	0.329540878534317	0.33930450677871704	0.0	0.0	0.07824286818504333	0.946216881275177	0.19575975835323334	0.6752094626426697	1.4548883438110352	0.3737006187438965	0.8439087271690369	1.352673053741455	0.0	0.0	1.1998659372329712	1.827675700187683	1.9337449073791504	0.0	2.1452903747558594	0.0	0.6767413020133972	0.0	0.0	0.0	2.146291494369507	2.162329912185669	0.03456216678023338	0.6537777185440063	0.2086734175682068	2.3172740936279297
0.39720308780670166	0.0	0.04410209134221077	0.0	0.6299277544021606	0.0	1.2013347148895264	0.5110810399055481	0.0	1.0347260236740112	0.9759409427642822	0.0	0.0	1.3974244594573975	0.42043736577033997	0.0	1.4067206382751465	1.1856207847595215	1.9446903467178345	1.8101530075073242	1.2761520147323608	0.0	0.0	0.6948941946029663	1.250509262084961	0.9975183010101318	0.0	0.3521466851234436	0.7124151587486267	0.19108526408672333	0.0	0.39991486072540283	0.0	1.2262516021728516	0.5831851363182068	0.632662832736969	0.0	0.0	0.2975248396396637	0.8230257630348206	0.39385223388671875	0.563495934009552	1.2590763568878174	0.466165691614151	0.6451524496078491	1.1558092832565308	0.0	0.0	1.1949048042297363	2.1515908241271973	1.675167202949524	0.0	2.3003151416778564	0.0	0.7671782970428467	0.0	0.0	0.0	2.5031113624572754	2.211601972579956	0.0	0.49610936641693115	0.09142901003360748	1.7986431121826172
0.6276499629020691	0.0	0.027889462187886238	0.0	0.7793868780136108	0.0	1.535855770111084	0.17481353878974915	0.0	1.229277491569519	0.7512479424476624	0.0	0.0	0.0	0.17803873121738434	0.0	1.6326168775558472	0.3088614046573639	1.6892144680023193	0.9999594688415527	1.0508517026901245	0.0	0.0	0.8073912858963013	0.9355731010437012	1.910889744758606	0.0	0.8061162233352661	0.36657145619392395	0.0	0.0	0.0	0.0	0.7794678807258606	0.0	1.056054711341858	0.0	0.0	0.6269881725311279	0.842009425163269	0.5155838131904602	0.4334418773651123	1.2645881175994873	0.4601733982563019	0.6449630856513977	1.3088802099227905	0.0	0.0	0.9544994235038757	2.932227849960327	1.2341259717941284	0.0	1.899183988571167	0.0	1.431492805480957	0.0	0.0	0.0	2.0579981803894043	1.9704617261886597	0.0	0.8194597959518433	0.0468132346868515	1.4299006462097168
0.13261547684669495	0.5891925096511841	0.9720050692558289	0.0	0.7771642208099365	1.2169148921966553	1.7922353744506836	0.41157788038253784	0.0	1.4865949153900146	0.5743569731712341	0.0	0.0	0.9205282330513	0.3703160285949707	0.743991494178772	1.6476926803588867	0.7001216411590576	1.702407717704773	1.5984286069869995	0.9518596529960632	0.0	0.7674580812454224	1.185441255569458	0.8712037205696106	1.2311069965362549	0.0	0.49951741099357605	1.2381747961044312	0.22430557012557983	0.0	0.18768544495105743	0.0	1.2614398002624512	0.05131707713007927	0.581987202167511	0.0	0.205628901720047	0.09702792763710022	0.7283022403717041	0.5371115207672119	0.9050850868225098	1.3453922271728516	0.3065457344055176	1.0322800874710083	1.2123572826385498	0.0	0.0	0.6989555358886719	2.380232572555542	2.034766912460327	0.0	2.212639808654785	0.0	1.5811704397201538	0.0	0.0	0.0	2.074127435684204	2.088495969772339	0.29504677653312683	1.138869285583496	0.0	1.8492872714996338
0.15318875014781952	0.0	0.38630861043930054	0.0	0.4822477698326111	0.7402790784835815	1.2116796970367432	0.9625987410545349	0.0	1.423976182937622	1.2111413478851318	0.0	0.0	1.5269029140472412	0.5179704427719116	0.14753438532352448	1.3702597618103027	1.2600725889205933	2.1406614780426025	1.805762767791748	1.2206802368164062	0.0	0.05541287362575531	0.8389424085617065	1.3601325750350952	0.5465667247772217	0.0	0.2973792850971222	0.794241726398468	0.17581743001937866	0.0	0.6621806621551514	0.0	1.2933731079101562	0.09798922389745712	0.2591187059879303	0.0	0.0	0.500992476940155	0.6068798899650574	0.34774675965309143	0.801238477230072	1.2791297435760498	0.35392871499061584	1.009091854095459	1.1886959075927734	0.0	0.0	0.6127363443374634	1.8423839807510376	1.7288551330566406	0.0	2.2041146755218506	0.0	1.0465259552001953	0.0	0.0	0.0	2.0448265075683594	2.2881810665130615	0.0	1.0970031023025513	0.2061656415462494	2.3946115970611572
0.325478732585907	0.0	0.0	0.0	0.588182806968689	0.13323460519313812	1.3336213827133179	0.39289671182632446	0.0	1.1016273498535156	1.0950276851654053	0.0	0.0	1.3356481790542603	0.36266225576400757	0.0	1.3332327604293823	0.486783504486084	1.974443793296814	1.7155053615570068	0.9820830225944519	0.0	0.0	0.7103195190429688	1.3362773656845093	1.03426194190979	0.0	0.12786319851875305	0.6976873874664307	0.0	0.0	0.32120364904403687	0.0	1.3497936725616455	0.3688574433326721	0.6729642748832703	0.0	0.0	0.2966313064098358	0.8875948786735535	0.4869154691696167	0.5146476030349731	1.2703512907028198	0.4412563145160675	0.6830994486808777	1.1137052774429321	0.0	0.0	1.1499137878417969	2.0658342838287354	1.6817231178283691	0.0	2.3256351947784424	0.0	0.9164487719535828	0.0	0.0	0.0	2.262099266052246	2.1937263011932373	0.0	0.4132617115974426	0.10753535479307175	1.7675491571426392
0.5968469381332397	0.0	0.23566190898418427	0.0	0.7926114201545715	0.0	1.6901600360870361	0.22536255419254303	0.0	1.176288366317749	0.47777894139289856	0.0	0.0	0.4107554256916046	0.04538103565573692	0.10981746762990952	1.4135758876800537	0.4043145179748535	1.289696216583252	1.2088146209716797	0.9500419497489929	0.0	0.0	1.00128173828125	0.7689998745918274	1.5605671405792236	0.0	0.7456628084182739	0.5825758576393127	0.0	0.0	0.0	0.0	1.171785593032837	0.0	0.9261646270751953	0.0	0.0	0.3748180568218231	0.7738898992538452	0.6925009489059448	0.44796204566955566	1.3215352296829224	0.5763297080993652	0.8330022692680359	1.154888391494751	0.0	0.0	0.9074516892433167	2.8060367107391357	1.271572470664978	0.0	2.2233736515045166	0.0	1.31684148311615	0.0	0.0	0.0	2.0047569274902344	2.068244695663452	0.0	0.7553853988647461	0.0	1.6947578191757202
0.2979852557182312	0.0	0.0	0.0	0.2252320945262909	0.0	1.1732655763626099	0.4886375963687897	0.0	1.2671077251434326	1.1209733486175537	0.0	0.0	1.0770868062973022	0.11143593490123749	0.0	1.3611164093017578	0.31867843866348267	1.8727577924728394	1.666361927986145	0.9864602088928223	0.0	0.0	0.6685642600059509	0.9663833975791931	0.9874496459960938	0.0	0.0	0.7401708364486694	0.0	0.0	0.4608835279941559	0.0	1.5765935182571411	0.39702776074409485	0.5819326043128967	0.0	0.0	0.13006675243377686	1.028600811958313	0.3071088194847107	1.0702965259552002	1.4056918621063232	0.5053874254226685	0.6493291854858398	1.1070657968521118	0.0	0.0	1.1483469009399414	1.8109591007232666	1.6688599586486816	0.0	1.8866627216339111	0.0	0.8984003663063049	0.0	0.0	0.0	2.4437177181243896	2.2941336631774902	0.0	0.5418680310249329	0.18806147575378418	1.687733769416809
0.24308286607265472	0.0	0.10985279083251953	0.0	0.5149326920509338	0.37763431668281555	1.1867268085479736	0.6473788619041443	0.0	1.2624218463897705	1.040074348449707	0.0	0.0	1.0928006172180176	0.5729103088378906	0.0	1.495019555091858	1.2502764463424683	2.0558149814605713	1.725256323814392	1.3486188650131226	0.0	0.0	0.8235196471214294	1.1288812160491943	0.6915222406387329	0.0	0.02514551766216755	0.8321201205253601	0.154293492436409	0.0	0.1507733315229416	0.0	1.1146372556686401	0.0	0.2653355598449707	0.0	0.0	0.5691339373588562	0.809903621673584	0.40766680240631104	0.36284053325653076	1.3581722974777222	0.32127782702445984	0.5860799551010132	1.204239845275879	0.0	0.0	1.1041194200515747	1.9410932064056396	1.8798502683639526	0.0	2.1579232215881348	0.0	0.7268859148025513	0.0	0.0	0.0	2.0232229232788086	2.1976349353790283	0.0	0.6895830035209656	0.013086301274597645	1.9742066860198975
0.36720922589302063	0.0	0.17181545495986938	0.0	0.41800278425216675	0.35464224219322205	1.4730442762374878	0.6702837944030762	0.0	0.938259482383728	1.110172986984253	0.0	0.0	0.9591020941734314	0.4859318733215332	0.0	1.4630017280578613	1.080807089805603	1.9761980772018433	1.6865476369857788	1.2843916416168213	0.0	0.0	0.5390707850456238	1.1595101356506348	0.8439652919769287	0.0	0.0849195122718811	0.7601773738861084	0.10171285271644592	0.0	0.1999494880437851	0.0	1.282906174659729	0.16725042462348938	0.5561123490333557	0.0	0.0	0.5554248094558716	0.718937873840332	0.34268081188201904	0.9051627516746521	1.3698140382766724	0.3887227475643158	0.8246173858642578	1.2112689018249512	0.0	0.0	1.0916016101837158	1.9988019466400146	1.6619676351547241	0.0	2.213326930999756	0.0	0.8218008279800415	0.0	0.0	0.0	2.1487393379211426	2.256514549255371	0.0	0.45180603861808777	0.0	1.836632490158081
0.5860874056816101	0.0	0.22356413304805756	0.0	0.5874559879302979	0.0	1.6577796936035156	0.09158065915107727	0.0	1.2397981882095337	0.6593517065048218	0.0	0.0	0.23095910251140594	0.013436445035040379	0.0	1.5118567943572998	0.3349032402038574	1.1877931356430054	1.0264639854431152	0.9140560626983643	0.0	0.0	1.1078624725341797	0.6491659283638	1.5982511043548584	0.0	0.6949895620346069	0.45673638582229614	0.0	0.0	0.0	0.0	1.0815556049346924	0.0	1.0589301586151123	0.0	0.0	0.6093074083328247	1.0360721349716187	0.6473487019538879	1.0047078132629395	1.2971322536468506	0.15583519637584686	0.6538594365119934	1.3593196868896484	0.0	0.0	0.8199975490570068	2.960865020751953	1.1316800117492676	0.0	1.869862675666809	0.0	1.4517968893051147	0.0	0.0	0.0	1.8174160718917847	1.7811775207519531	0.0	0.9442096948623657	0.0	2.365244150161743
0.3347441256046295	0.0	0.0	0.0	0.3146224915981293	0.172962486743927	1.3382437229156494	0.40730583667755127	0.0	1.166974663734436	1.2094365358352661	0.0	0.0	1.1754873991012573	0.46811503171920776	0.0	1.454895257949829	0.5302839279174805	1.9387712478637695	1.7971744537353516	1.1744918823242188	0.0	0.0	0.6253789663314819	1.365767478942871	1.156930923461914	0.0	0.23263397812843323	0.7526863217353821	0.016720879822969437	0.0	0.22846607863903046	0.0	1.5164439678192139	0.23036737740039825	0.5036550164222717	0.0	0.0	0.1655406951904297	0.8230103850364685	0.4127221703529358	0.5098056197166443	1.362528681755066	0.4943690598011017	0.7658076286315918	1.0125921964645386	0.0	0.0	1.0638419389724731	2.2209391593933105	1.8796234130859375	0.0	2.1794304847717285	0.0	0.8713076114654541	0.0	0.0	0.0	2.086725950241089	2.258575916290283	0.0	0.5564085245132446	0.07443653047084808	1.8491381406784058
0.0	0.0	0.20647253096103668	0.0	0.4873809516429901	0.25198885798454285	1.124500036239624	0.6840870976448059	0.0	1.069488286972046	1.2190935611724854	0.0020491366740316153	0.0	1.2940760850906372	0.4679841995239258	0.0	1.3729861974716187	1.2736974954605103	2.2599117755889893	1.863813877105713	1.5632715225219727	0.0	0.19598042964935303	0.6417930126190186	1.4486546516418457	0.5897610783576965	0.0	0.1035148873925209	0.9493586421012878	0.11582750827074051	0.0	0.2857917547225952	0.0	1.51333487033844	0.3383330702781677	0.1814095675945282	0.0	0.0	0.5279101729393005	0.970115065574646	0.326339453458786	0.6319981217384338	1.5139245986938477	0.5278372764587402	0.9279111623764038	1.0402652025222778	0.0	0.0	1.0880331993103027	2.0183145999908447	2.1992247104644775	0.0	2.4009993076324463	0.0	0.8169056177139282	0.0	0.0	0.0	2.3099029064178467	2.2878596782684326	0.0	0.7924416065216064	0.19964899122714996	1.9621405601501465
0.7967445850372314	0.0	0.24314598739147186	0.0	1.1550376415252686	0.0	1.6991976499557495	0.4186369478702545	0.0	0.9328766465187073	0.5144693851470947	0.0	0.0	0.3082004189491272	0.2997068464756012	0.0	1.7988358736038208	0.6066544055938721	1.2395961284637451	1.113891363143921	1.0131036043167114	0.0	0.0	0.8665734529495239	1.0697803497314453	2.099846839904785	0.0	1.2308825254440308	0.46856603026390076	0.0	0.0	0.0	0.0	1.4982181787490845	0.0	0.8562160730361938	0.0	0.0	0.6186532974243164	0.7454360723495483	0.6135463714599609	0.5825523138046265	1.3121925592422485	0.49430280923843384	0.7563177347183228	1.1480499505996704	0.0	0.0	0.5746843218803406	2.882331371307373	1.1388421058654785	0.0	2.297816514968872	0.0	1.611992597579956	0.0	0.0	0.0	2.026655912399292	1.9636499881744385	0.0	0.9779296517372131	0.0	1.5308620929718018
0.12508642673492432	0.0	0.21060062944889069	0.0	0.67668217420578	0.0	1.2627778053283691	0.7168107032775879	0.0	0.9892849326133728	1.0564266443252563	0.0	0.0	1.307930827140808	0.5132333636283875	0.0	1.3718185424804688	1.4931668043136597	2.4687061309814453	1.9661160707473755	1.4765039682388306	0.0	0.08013042062520981	0.4843459129333496	1.1207014322280884	0.37291795015335083	0.0	0.0	1.1293423175811768	0.5517386794090271	0.0	0.42511308193206787	0.0	1.1972371339797974	0.4556502401828766	0.18876919150352478	0.0	0.0	0.19612008333206177	1.0761988162994385	0.21449245512485504	0.7845976948738098	1.5516514778137207	0.2859216034412384	0.9003831744194031	1.1593327522277832	0.0	0.0	1.035038948059082	1.389161467552185	1.809820294380188	0.0	2.217277765274048	0.0	1.0534602403640747	0.0	0.0	0.0	2.327300548553467	2.249194383621216	0.013071693480014801	0.37099581956863403	0.07230663299560547	2.2293102741241455
0.5752105712890625	0.0	0.07694101333618164	0.0	0.6406348347663879	0.0	1.62944495677948	0.4204856753349304	0.0	0.8844863772392273	0.5862286686897278	0.0	0.0	0.4828319549560547	0.16923590004444122	0.49384430050849915	1.6481395959854126	0.5462838411331177	1.462972640991211	1.350000262260437	1.0233433246612549	0.0	0.0	1.2807214260101318	0.7693120241165161	1.4381614923477173	0.0	0.8367781043052673	0.5960532426834106	0.0	0.0	0.04478359594941139	0.0	1.1451205015182495	0.12614944577217102	0.887468159198761	0.0	0.0	0.45051535964012146	0.90748131275177	0.6737357974052429	0.6012303233146667	1.3320341110229492	0.27904456853866577	0.6985973119735718	1.3992716073989868	0.0	0.0	0.9378438591957092	2.7499680519104004	1.3155622482299805	0.0	2.0660836696624756	0.0	1.4743876457214355	0.017026346176862717	0.0	0.0	1.9882010221481323	1.9187852144241333	0.0	0.8527953028678894	0.056115709245204926	1.9273487329483032
0.409211128950119	0.0	0.0	0.0	0.3074999451637268	0.0	1.1244515180587769	0.40989917516708374	0.0	1.2558773756027222	1.1416045427322388	0.0	0.0	1.1126104593276978	0.199696347117424	0.0	1.376340389251709	0.46061524748802185	1.9205244779586792	1.6541874408721924	1.0970728397369385	0.0	0.0	0.9443002343177795	0.8592450618743896	0.8889692425727844	0.0	0.23604048788547516	0.6093528866767883	0.0	0.0	0.8071902990341187	0.0	1.7590107917785645	0.43010392785072327	0.446420818567276	0.0	0.0	0.033824168145656586	0.9713373780250549	0.3169228434562683	0.9208611249923706	1.3233555555343628	0.6570119261741638	0.8442524671554565	1.1934757232666016	0.0	0.0	0.8769958019256592	1.9918627738952637	1.4951838254928589	0.0	1.9708584547042847	0.0	0.8531295657157898	0.0	0.0	0.0	2.399207830429077	2.3132917881011963	0.0	0.7779380083084106	0.26887720823287964	1.9169220924377441
0.16853758692741394	0.0	0.2236456423997879	0.0	0.2773386836051941	0.09780848026275635	1.1232414245605469	0.7427067756652832	0.0	1.389069676399231	0.8383034467697144	0.0	0.0	1.1398355960845947	0.48853546380996704	0.0	1.1806906461715698	1.2842462062835693	2.1392629146575928	1.8431085348129272	1.3517450094223022	0.0	0.0	0.5623739957809448	1.09574556350708	0.30899760127067566	0.0	0.0	1.046737551689148	0.2753555178642273	0.0	0.1489364206790924	0.0	1.2916665077209473	0.3931848704814911	0.29876431822776794	0.0	0.0	0.48137757182121277	0.6784874796867371	0.423870712518692	0.6123778223991394	1.859226107597351	0.34892693161964417	0.992852509021759	1.199255347251892	0.0	0.0	0.8646303415298462	1.8839991092681885	1.9086086750030518	0.0	1.9523589611053467	0.0	0.6068683862686157	0.0	0.0	0.0	2.195343494415283	2.1398534774780273	0.0	0.2233951836824417	0.03637699782848358	1.9893100261688232
0.23356468975543976	0.0	0.21792404353618622	0.0	0.3450821042060852	0.0	1.1540385484695435	0.609496533870697	0.0	1.340188980102539	1.2738680839538574	0.0	0.0	1.117167353630066	0.3897928297519684	0.0	1.151494026184082	0.543060302734375	1.9187123775482178	1.71531343460083	1.1163302659988403	0.0	0.0	0.6354612708091736	1.204221487045288	0.6493016481399536	0.0	0.3329711854457855	0.7653862833976746	0.0	0.0	0.0796334370970726	0.0	1.3541547060012817	0.48093920946121216	0.6935461759567261	0.0	0.0	0.14116793870925903	0.8203562498092651	0.5716760158538818	0.697083055973053	1.3326388597488403	0.421889066696167	0.7557305693626404	1.130792498588562	0.0	0.0	1.0749043226242065	1.9821646213531494	1.6478837728500366	0.0	2.07102108001709	0.0	0.9107678532600403	0.0	0.0	0.0	2.244508981704712	2.2723026275634766	0.0	0.7802488803863525	0.13295060396194458	2.0256505012512207
0.14953038096427917	0.0	0.040659572929143906	0.0	0.5806397795677185	0.5506376028060913	1.3918132781982422	0.5534873604774475	0.0	1.320116639137268	1.1236686706542969	0.0	0.0	1.0145900249481201	0.30837705731391907	0.0	1.3387415409088135	0.667168915271759	1.615463376045227	1.7159892320632935	1.1646368503570557	0.0	0.0	0.6281009912490845	0.970288097858429	0.770002007484436	0.0	0.5709577202796936	0.8816611766815186	0.08161430805921555	0.0	0.06868259608745575	0.0	1.2148935794830322	0.059028998017311096	0.47532153129577637	0.0	0.0	0.06530892848968506	0.7175524830818176	0.4699694514274597	0.47586002945899963	1.3783272504806519	0.42466306686401367	0.909302830696106	1.1866508722305298	0.0	0.0	0.9160128831863403	2.018080711364746	1.5065118074417114	0.0	2.3346476554870605	0.0	0.9363858699798584	0.0	0.0	0.0	2.0288543701171875	2.132638692855835	0.0	0.6829590201377869	0.1361868977546692	1.831977367401123
0.6849441528320312	0.0	0.08917035162448883	0.0	0.7238604426383972	0.0	1.5859224796295166	0.21197384595870972	0.0	1.2623381614685059	0.6862683892250061	0.0	0.0	0.1577194780111313	0.18572664260864258	0.0	1.7202528715133667	0.6782445311546326	1.3314205408096313	1.1211045980453491	1.2127987146377563	0.0	0.0	0.8887865543365479	0.833660900592804	1.5008820295333862	0.0	0.5303508639335632	0.48300015926361084	0.0	0.0	0.0	0.0	1.2282458543777466	0.0	0.8605077266693115	0.04174922779202461	0.045073963701725006	0.583288311958313	0.7041508555412292	0.5729138851165771	0.8528643846511841	1.31283700466156	0.38401561975479126	0.5617882609367371	1.2467083930969238	0.0	0.0	0.8632776141166687	2.7770073413848877	1.272849440574646	0.0	2.010317802429199	0.0	1.3684873580932617	0.0	0.0	0.0	1.8472181558609009	1.9862695932388306	0.0	0.8350699543952942	0.0	1.646803855895996
0.17889244854450226	0.0	0.20185142755508423	0.0	0.5628879070281982	0.337032675743103	1.1116689443588257	0.5434310436248779	0.0	1.2093366384506226	0.9752494096755981	0.0	0.0	1.248578667640686	0.46454092860221863	0.0	1.382454752922058	1.3513892889022827	2.2374255657196045	1.8731905221939087	1.3946070671081543	0.0	0.0	0.6443464159965515	1.1827168464660645	0.4839513599872589	0.0	0.0	0.952519416809082	0.3392837643623352	0.0	0.2105458378791809	0.0	1.2840408086776733	0.38368380069732666	0.19366861879825592	0.0	0.0	0.26899099349975586	0.6425749659538269	0.22323840856552124	0.5095686912536621	1.4166733026504517	0.27152836322784424	0.8909071087837219	1.15080726146698	0.0	0.0	0.9309427738189697	1.7038016319274902	1.7933590412139893	0.0	2.181874990463257	0.0	0.6888039708137512	0.0	0.0	0.0	2.1063575744628906	2.255272626876831	0.0	0.1488344967365265	0.08900047838687897	1.8946672677993774
0.08594818413257599	0.0	0.1698710322380066	0.0	0.4628903269767761	0.0	1.2155674695968628	0.48526865243911743	0.0	1.3274611234664917	1.0503751039505005	0.0	0.0	0.978543758392334	0.42144882678985596	0.10678064078092575	1.5765515565872192	0.5819410681724548	1.9550423622131348	1.7608230113983154	1.0796499252319336	0.0	0.06932085007429123	0.8537837862968445	1.3337931632995605	0.6915247440338135	0.0	0.283568799495697	0.916956901550293	0.1770942509174347	0.0	0.4430692791938782	0.0	1.468401312828064	0.7689248323440552	0.7066664099693298	0.0	0.0	0.04584629088640213	0.8213887214660645	0.5641051530838013	0.9232348203659058	1.3543999195098877	0.5422754883766174	0.5487534403800964	1.155653953552246	0.0	0.0	1.2010219097137451	2.14774751663208	1.9232845306396484	0.0	2.5328781604766846	0.0	0.7975213527679443	0.0	0.0	0.0	2.0769739151000977	2.363208532333374	0.0	0.7253621816635132	0.005651561543345451	1.991369605064392
0.11499219387769699	0.0	0.18284904956817627	0.0	1.1572883129119873	0.7291277050971985	1.072605848312378	0.6608861088752747	0.0	0.9131918549537659	0.7075109481811523	0.0	0.0	1.0606989860534668	0.6784510612487793	0.05569157004356384	1.5688717365264893	1.239664077758789	2.2890522480010986	1.9225469827651978	1.3030818700790405	0.3082985281944275	0.0	0.5599619150161743	1.7785615921020508	0.43501725792884827	0.0	0.3453372120857239	0.8094404935836792	0.4751690924167633	0.0	0.45397910475730896	0.0	0.9291256070137024	0.481642484664917	0.2638758420944214	0.0	0.0	0.34287309646606445	0.5473560094833374	0.20902429521083832	0.38731279969215393	1.2111486196517944	0.2445831596851349	0.48623204231262207	1.266318440437317	0.0	0.0	0.8663218021392822	1.590213418006897	2.1306710243225098	0.0	2.145474433898926	0.0	0.7737948298454285	0.0	0.0	0.0	2.0853593349456787	2.133842706680298	0.0	0.44873735308647156	0.0	1.9624518156051636
0.2713020145893097	0.0	0.0	0.0	0.7628371715545654	0.0	1.2390793561935425	0.5492486357688904	0.0	1.1485936641693115	1.1023650169372559	0.0	0.0	1.0762426853179932	0.15370051562786102	0.0	1.3357594013214111	0.29157042503356934	1.964179277420044	1.6776225566864014	0.9407867193222046	0.0	0.0	0.9218069314956665	1.2849998474121094	1.0774296522140503	0.0	0.8210206031799316	0.8005796670913696	0.0	0.0	0.3754233717918396	0.0	1.4633442163467407	0.5794916152954102	0.6363816857337952	0.0	0.0	0.22093170881271362	0.9227258563041687	0.5589139461517334	0.958690881729126	1.2517446279525757	0.3104967772960663	0.6363497972488403	1.1065864562988281	0.0	0.0	1.4310789108276367	2.1602556705474854	1.8366477489471436	0.0	2.144326686859131	0.0	1.090200424194336	0.0	0.0	0.0	2.3452415466308594	2.2841408252716064	0.0	0.3873741924762726	0.24146981537342072	2.0843381881713867
0.1256392002105713	0.0	0.059584178030490875	0.0	0.5567055344581604	0.0	1.2321393489837646	0.6069491505622864	0.0	0.9309629797935486	1.2059015035629272	0.0	0.0	1.0884708166122437	0.3713958263397217	0.019245855510234833	1.3542159795761108	0.7906242609024048	1.9048720598220825	1.863715410232544	1.116053581237793	0.0	0.0	0.7568113803863525	1.0527526140213013	0.7738649845123291	0.0	0.1635657548904419	0.788722574710846	0.05561899021267891	0.0	0.5024590492248535	0.0	1.370359182357788	0.15183168649673462	0.39793330430984497	0.0	0.0	0.4494342803955078	0.739142894744873	0.3516259789466858	0.6159129738807678	1.3689794540405273	0.5091376900672913	0.5826058983802795	1.2530332803726196	0.0	0.0	0.8754553198814392	1.8659518957138062	2.00158953666687	0.0	2.164555311203003	0.0	1.2509437799453735	0.0	0.0	0.0	2.1739377975463867	2.163538694381714	0.0	0.785749614238739	0.0	2.18513822555542
0.39572873711586	0.0	0.2536836564540863	0.0	0.8082943558692932	0.0	1.2063997983932495	0.5072607398033142	0.0	1.5035415887832642	0.7566591501235962	0.0	0.0	0.7489079833030701	0.4087039530277252	0.0	1.2820138931274414	0.9849030375480652	2.1412134170532227	1.6148910522460938	1.3174983263015747	0.0	0.08356373757123947	0.8455857634544373	0.8068346977233887	0.6876989603042603	0.0	0.21482661366462708	0.7159329056739807	0.15435339510440826	0.0	0.0	0.0	1.2385510206222534	0.0	0.425443559885025	0.0	0.0	0.196491077542305	0.6764131188392639	0.29716968536376953	0.45936319231987	1.572819471359253	0.25472426414489746	0.9652456641197205	1.3626201152801514	0.0	0.0	0.7865374088287354	2.0018608570098877	1.411759376525879	0.0	2.3248562812805176	0.0	1.1066728830337524	0.0	0.0	0.0	2.130748748779297	2.4634041786193848	0.0	0.8608288168907166	0.0	1.8560870885849
0.35475558042526245	0.0	0.028258880600333214	0.0	0.41584712266921997	0.0	1.535210132598877	0.6683685779571533	0.0	1.142231822013855	0.8657771348953247	0.0	0.0	0.5683908462524414	0.13813871145248413	0.0	1.3867157697677612	0.6797366738319397	1.5053937435150146	1.4327292442321777	1.0062462091445923	0.0	0.0	0.740581214427948	1.0007219314575195	1.0203216075897217	0.0	0.17454329133033752	0.8130534291267395	0.11920322477817535	0.0	0.4695456027984619	0.0	1.1277194023132324	0.10451566427946091	0.8237047791481018	0.0	0.0	0.628690779209137	0.8633067607879639	0.6106407046318054	1.16121244430542	1.3793573379516602	0.14719310402870178	0.6238398551940918	1.1662050485610962	0.0	0.0	1.0350075960159302	2.390310764312744	1.5815645456314087	0.0	2.0880918502807617	0.0	1.1804568767547607	0.0	0.0	0.0	2.1467511653900146	1.9294555187225342	0.0	0.5475301742553711	0.0	2.070150375366211
0.2084682434797287	0.0	0.04761849716305733	0.0	0.38543644547462463	0.4720635414123535	1.2230490446090698	0.8311892151832581	0.0	1.1575616598129272	1.191825032234192	0.0	0.0	1.1391961574554443	0.28998756408691406	0.0	1.6695160865783691	0.9281126856803894	1.9253686666488647	1.6618701219558716	1.1204005479812622	0.0	0.0	0.9403401613235474	1.140870451927185	1.2906243801116943	0.0	0.031339891254901886	0.7068902254104614	0.45921486616134644	0.0	0.5147349834442139	0.0	1.5415003299713135	0.6246271729469299	0.7613208293914795	0.0	0.0	0.015146051533520222	0.9591789245605469	0.4032818377017975	0.9108097553253174	1.3005421161651611	0.32637348771095276	0.7685685753822327	1.2678004503250122	0.0	0.0	0.9829444885253906	1.8484641313552856	1.7738230228424072	0.0	1.9027446508407593	0.0	1.2450679540634155	0.0	0.0	0.0	2.4674859046936035	2.2403054237365723	0.0	0.5912172794342041	0.2836706042289734	1.7659367322921753
0.20665960013866425	0.0	0.16808347404003143	0.0	0.534308135509491	0.0	1.4056824445724487	1.0755581855773926	0.0	1.4287006855010986	0.8863326907157898	0.0	0.0	1.0293899774551392	0.4410628378391266	0.0	1.6485426425933838	0.5627371668815613	1.6123417615890503	1.5722885131835938	1.1193431615829468	0.0	0.0	0.8107634782791138	0.8512828350067139	1.1944001913070679	0.0	0.1624552309513092	0.9536981582641602	0.28260573744773865	0.0	0.0	0.0	1.739289402961731	0.5159266591072083	0.25342878699302673	0.02880246937274933	0.0	0.37299779057502747	0.5872145891189575	0.23128476738929749	1.3764677047729492	1.485713005065918	0.808220386505127	0.9818282127380371	1.3622502088546753	0.0	0.0	0.70095294713974	2.0403966903686523	2.0108556747436523	0.0	1.9731295108795166	0.0	1.2792969942092896	0.0	0.0	0.0	2.009946346282959	1.8489584922790527	0.0	0.8167073130607605	0.031308434903621674	2.0510876178741455
0.42012807726860046	0.0	0.579442024230957	0.0	0.4054618179798126	0.46983030438423157	1.5176705121994019	0.5602986812591553	0.0	1.1238387823104858	1.2762951850891113	0.0	0.0	1.4743938446044922	0.23437120020389557	0.12439220398664474	1.3523541688919067	1.059996247291565	2.0632412433624268	1.9055867195129395	1.0892019271850586	0.0	0.5168011784553528	0.5968700051307678	0.9991823434829712	0.17963938415050507	0.0	0.24500955641269684	1.0956205129623413	0.20254795253276825	0.0	0.5601304769515991	0.0	1.2056854963302612	0.25141024589538574	0.13526643812656403	0.0	0.0	0.28824764490127563	0.866037905216217	0.35988470911979675	0.3741755485534668	1.643432378768921	0.4776344895362854	1.2694039344787598	0.9650026559829712	0.0	0.0	0.7744390368461609	1.806567907333374	1.5815249681472778	0.0	2.457125186920166	0.0	0.9542301297187805	0.0	0.0	0.0	2.2241642475128174	2.0620474815368652	0.0	1.0404354333877563	0.21296992897987366	2.044623613357544
0.34796881675720215	0.0	0.22302746772766113	0.0	0.7672049403190613	0.2677903175354004	1.8206820487976074	0.922244131565094	0.0	1.1937611103057861	0.629922091960907	0.0	0.0	0.5072512030601501	0.2723899483680725	0.3161325752735138	1.827772617340088	0.6878293752670288	1.7121953964233398	1.2034423351287842	1.1440590620040894	0.0	0.0	1.4278963804244995	0.8734389543533325	1.7001218795776367	0.0	0.5311447381973267	0.5187816619873047	0.0	0.0	0.3959349989891052	0.2390630543231964	1.0585761070251465	0.4398000240325928	0.7178609371185303	0.09530967473983765	0.0	0.7126160264015198	0.9663130640983582	0.553764283657074	0.44532454013824463	1.265090823173523	0.2169627845287323	0.7103556990623474	1.4191131591796875	0.0	0.0	0.855143129825592	2.7514214515686035	1.8176459074020386	0.0	2.0214662551879883	0.0	1.7431886196136475	0.0	0.0	0.0	1.7925106287002563	2.017947196960449	0.0	1.7347214221954346	0.0	2.335623025894165
0.08227289468050003	0.0	0.05973384156823158	0.0	0.43370914459228516	0.31617698073387146	1.14185631275177	0.6000689268112183	0.0	1.223275899887085	1.2289988994598389	0.0	0.0	1.181411623954773	0.463127076625824	0.0017060426762327552	1.4729135036468506	0.8057381510734558	2.217550039291382	1.846643328666687	1.2454882860183716	0.0	0.0	0.6804667115211487	0.9260010719299316	0.6220442056655884	0.0	0.1414596140384674	1.0717581510543823	0.09791065007448196	0.0	0.39034900069236755	0.0	1.2785435914993286	0.023142339661717415	0.3038807511329651	0.0	0.0	0.2251460999250412	0.9680351614952087	0.3004588782787323	0.7072908282279968	1.7188754081726074	0.61583411693573	0.9932082295417786	1.1109625101089478	0.0	0.0	0.8738519549369812	1.8541337251663208	1.8001549243927002	0.0	2.041990041732788	0.0	0.9539469480514526	0.0	0.0	0.0	2.211638927459717	2.2746710777282715	0.0	0.913692057132721	0.1906844824552536	2.1609747409820557
0.33265820145606995	0.0	0.11703004688024521	0.0	0.5972288846969604	0.0	1.264377474784851	0.6373831629753113	0.0	1.0257683992385864	1.1538785696029663	0.0	0.0	0.8596165180206299	0.27496084570884705	0.0	1.4983817338943481	0.9422904253005981	1.84586763381958	1.7595404386520386	1.1295613050460815	0.0	0.0	0.8121264576911926	0.7888613343238831	0.5642824172973633	0.0	0.13716591894626617	0.7075459361076355	0.31494608521461487	0.0	0.17497462034225464	0.0	1.3438297510147095	0.43622326850891113	0.34653440117836	0.0	0.0	0.23942071199417114	0.8466445803642273	0.30940529704093933	0.3748459219932556	1.2545549869537354	0.46639469265937805	0.7829286456108093	1.2141225337982178	0.0	0.0	0.9386435151100159	1.931230068206787	1.5979336500167847	0.0	2.5529541969299316	0.0	0.7908222675323486	0.0	0.0	0.0	2.046222686767578	2.3649024963378906	0.0	0.9301826357841492	0.09244023263454437	2.0294439792633057
0.22016380727291107	0.0	0.0	0.0	0.2984633147716522	0.0	1.4474157094955444	0.5730710029602051	0.0	1.710189700126648	1.2367985248565674	0.0	0.0	1.2120873928070068	0.18775002658367157	0.07733909785747528	1.1571769714355469	0.3367605209350586	2.0663235187530518	1.800431489944458	0.8479833602905273	0.0	0.0	0.8675880432128906	0.7656677961349487	0.38122889399528503	0.0	0.2981550097465515	0.9051845669746399	0.1794373095035553	0.0	0.8753309845924377	0.0	1.5152480602264404	0.6697493195533752	0.6373207569122314	0.0	0.3531280755996704	0.0	0.7643411159515381	0.2005656361579895	0.995392918586731	1.304092526435852	0.4436160624027252	0.8417734503746033	1.2275029420852661	0.0	0.0	1.3178174495697021	1.7426908016204834	1.7776734828948975	0.0	2.270547866821289	0.0	0.9007194638252258	0.0	0.0	0.0	2.3915817737579346	2.4243736267089844	0.3444412648677826	0.3818017840385437	0.3986593782901764	1.9563030004501343
0.48754778504371643	0.0	0.12442828714847565	0.0	0.9311792850494385	0.46645161509513855	1.9815393686294556	0.3110617995262146	0.0	1.3285844326019287	0.8755362033843994	0.0	0.0	0.45567813515663147	0.13294309377670288	0.06683719903230667	1.6415995359420776	0.30574408173561096	1.5708574056625366	1.1757344007492065	0.9671555161476135	0.0	0.0	1.16122567653656	0.6591700315475464	1.7796094417572021	0.0	0.8957717418670654	0.6734139323234558	0.0	0.0	0.0	0.0	1.2658885717391968	0.007288048975169659	0.9256958961486816	0.0	0.003467768197879195	0.46548992395401	1.129076600074768	0.6907076239585876	0.7280935645103455	1.361925721168518	0.24474585056304932	0.8293192386627197	1.383131742477417	0.0	0.0	0.8819537162780762	2.7798101902008057	1.3375287055969238	0.0	2.0828373432159424	0.0	1.5507512092590332	0.0	0.0	0.0	1.9635652303695679	1.9252429008483887	0.0	1.2945754528045654	0.023564957082271576	2.1475977897644043
0.11578930169343948	0.0	0.15162436664104462	0.0	0.7687760591506958	0.041204191744327545	1.1644787788391113	0.8237138986587524	0.0	0.9861069917678833	1.2031022310256958	0.0	0.0	1.4031132459640503	0.3380063474178314	0.0	1.1647244691848755	1.3482542037963867	2.4598145484924316	1.906376838684082	1.2434420585632324	0.0	0.24643732607364655	0.6104036569595337	1.1728993654251099	0.43370333313941956	0.0	0.030066225677728653	0.8097754716873169	0.3110955059528351	0.0	0.5102972388267517	0.0	1.3508332967758179	0.21835081279277802	0.405842125415802	0.0	0.0	0.372261106967926	1.1815831661224365	0.29247841238975525	1.201169490814209	1.2879748344421387	0.25899726152420044	0.7449992299079895	1.183849811553955	0.0	0.0	1.1018047332763672	1.4901858568191528	1.864194631576538	0.0	2.036686897277832	0.0	0.7494577169418335	0.0	0.0	0.0	2.4913768768310547	2.111196279525757	0.11085101962089539	0.26104268431663513	0.10988281667232513	1.894546389579773
0.5173593163490295	0.0	0.10057613253593445	0.0	0.4801865220069885	0.0	1.6807785034179688	0.37805837392807007	0.0	1.2488754987716675	0.9677375555038452	0.0	0.0	0.17954948544502258	0.17445312440395355	0.39261943101882935	1.4520862102508545	0.31777605414390564	1.3587229251861572	1.1481682062149048	1.0008411407470703	0.0	0.0	1.3069047927856445	0.5294104218482971	1.5048526525497437	0.0	0.3674948513507843	0.8941808938980103	0.0	0.0	0.0	0.0	1.0748358964920044	0.21605727076530457	0.8308400511741638	0.0	0.0	0.4699440002441406	0.9906833171844482	0.7021918296813965	0.6621461510658264	1.439269781112671	0.40378496050834656	0.820303738117218	1.1671911478042603	0.0	0.0	1.2195789813995361	2.9096603393554688	1.5390970706939697	0.0	2.581662654876709	0.0	1.1556811332702637	0.0	0.0	0.0	2.0986251831054688	2.22196626663208	0.0	1.2587226629257202	0.04329108074307442	1.890967845916748
0.2590785324573517	0.0	0.5230453610420227	0.0	0.7326058745384216	0.43106064200401306	1.2688593864440918	0.6700072884559631	0.0	1.0354201793670654	1.3721500635147095	0.0	0.0	1.505111813545227	0.37902939319610596	0.0	1.6843843460083008	0.8509804606437683	1.9040862321853638	1.920432686805725	1.168039083480835	0.0	0.4553360044956207	0.7760258913040161	1.5971872806549072	0.7322060465812683	0.0	0.5284121632575989	0.6864654421806335	0.14786776900291443	0.0	0.22830544412136078	0.0	1.2920650243759155	0.39144644141197205	0.3987978398799896	0.0	0.0	0.4285522699356079	1.042005181312561	0.42615246772766113	0.5650126338005066	1.258155107498169	0.483268678188324	0.7897430062294006	1.0143119096755981	0.0	0.0	1.067259430885315	1.9682862758636475	1.7928448915481567	0.0	2.120929002761841	0.0	0.9043850302696228	0.0	0.0	0.0	2.110222578048706	2.425737142562866	0.0	0.8303412795066833	0.0	1.6836053133010864
0.44561752676963806	0.0	0.0	0.0	0.5183584690093994	0.15208205580711365	1.4333146810531616	0.3563534617424011	0.0	1.368026614189148	1.1195871829986572	0.0	0.0	0.9933711886405945	0.22039444744586945	0.0	1.4331209659576416	0.2727259397506714	1.7186766862869263	1.5608049631118774	1.0631448030471802	0.45668041706085205	0.0	0.9996720552444458	1.0977530479431152	1.3854646682739258	0.0	0.6732443571090698	0.6602838039398193	0.0	0.22171950340270996	0.08927211910486221	0.0	1.4881298542022705	0.22011470794677734	0.6979002952575684	0.0	0.0	0.26733601093292236	0.9484050273895264	0.38646483421325684	0.6223819851875305	1.4007576704025269	0.5952752828598022	0.5716413259506226	1.1339107751846313	0.0	0.0	1.1341856718063354	2.355713367462158	1.5797206163406372	0.0	2.2155144214630127	0.0	0.976799726486206	0.0	0.0	0.0	2.1430697441101074	2.3640735149383545	0.0	0.5837678909301758	0.0889567881822586	1.7919857501983643
0.2666471600532532	0.0	0.15645954012870789	0.0	0.42743051052093506	0.26205557584762573	1.2334250211715698	0.8117265701293945	0.0	1.1343244314193726	1.090730905532837	0.0	0.0	0.9919228553771973	0.4937922954559326	0.0	1.3954200744628906	1.117090106010437	2.0597784519195557	1.7171838283538818	1.336193323135376	0.0	0.0	0.5803750157356262	1.680371642112732	0.8780341148376465	0.0	0.0	0.8340868949890137	0.04640566185116768	0.0	0.0	0.0	1.3391823768615723	0.17935311794281006	0.5280110239982605	0.0	0.0	0.7162322402000427	0.6825407147407532	0.4057166874408722	0.739166259765625	1.2449151277542114	0.2824845612049103	0.641814112663269	1.0278937816619873	0.0	0.0	0.9996934533119202	1.8397228717803955	1.6109510660171509	0.0	2.1613314151763916	0.0	0.8809588551521301	0.0	0.0	0.0	2.2038040161132812	2.3212673664093018	0.0	0.3753162920475006	0.02423379011452198	1.7070024013519287
0.31781649589538574	0.0	0.0	0.0	0.3796553313732147	0.0	1.0961393117904663	0.590107798576355	0.0	1.1420047283172607	1.0606770515441895	0.0	0.0	1.2338842153549194	0.409184992313385	0.0	1.4818347692489624	0.486724853515625	2.057009220123291	1.7852977514266968	1.0920121669769287	0.0	0.0436900369822979	1.105960726737976	1.3051445484161377	1.1095367670059204	0.0	0.49467089772224426	0.5687583088874817	0.07731281220912933	0.0	0.26344460248947144	0.0	1.447510004043579	0.8409261107444763	0.657005250453949	0.0	0.0	0.4352446496486664	1.168797492980957	0.369550496339798	0.7664237022399902	1.3766463994979858	0.567588210105896	0.7325094938278198	1.0492894649505615	0.0	0.0	0.8854790329933167	1.6903716325759888	1.6854822635650635	0.0	1.9008883237838745	0.0	1.0930968523025513	0.0	0.0	0.0	2.2775425910949707	2.5411524772644043	0.0	0.53058260679245	0.1931605488061905	1.6485016345977783
0.31484660506248474	0.0	0.17942263185977936	0.0	0.8979665637016296	0.0	1.056853175163269	0.7513036131858826	0.0	0.9963074326515198	1.0622750520706177	0.0	0.0	1.05570650100708	0.3501436114311218	0.0	1.5905669927597046	0.7013548612594604	1.9204390048980713	1.6794583797454834	1.2614935636520386	0.0	0.0	0.7765571475028992	1.1424291133880615	0.9920124411582947	0.0	0.2819642126560211	0.7394447922706604	0.008311525918543339	0.0	1.2315194606781006	0.0	1.3390849828720093	0.2733367681503296	0.657878041267395	0.0	0.0	0.21568606793880463	0.9577865600585938	0.39070454239845276	0.7753942012786865	1.2776155471801758	0.37899139523506165	0.9214938282966614	1.1056811809539795	0.0	0.0	0.8581631183624268	2.614116907119751	1.2060723304748535	0.0	2.2344486713409424	0.0	1.0252114534378052	0.0	0.0	0.0	2.0187466144561768	2.1355338096618652	0.0	0.722545325756073	0.16641931235790253	2.481419801712036
0.3800744414329529	0.0	0.13682715594768524	0.0	0.7034615278244019	0.0	1.6673249006271362	0.19171831011772156	0.0	1.195862889289856	0.6890393495559692	0.0	0.0	0.66462641954422	0.2816281020641327	0.042090341448783875	1.9513235092163086	0.7098454833030701	1.3189284801483154	1.6297603845596313	1.1079883575439453	0.0	0.21720467507839203	0.9853085875511169	0.9325971007347107	0.8089563846588135	0.0	0.6043428778648376	0.687773585319519	0.0	0.0	0.0	0.0	1.0991086959838867	0.0	0.9119670987129211	0.0	0.0	0.43428611755371094	0.867286205291748	0.42117464542388916	0.2302033007144928	1.3867346048355103	0.5682278275489807	0.7543642520904541	1.2479257583618164	0.0	0.0	0.8648860454559326	2.3911304473876953	1.47879159450531	0.0	2.4758737087249756	0.0	1.1428983211517334	0.0	0.0	0.0	1.9511744976043701	1.902626633644104	0.0	1.0413093566894531	0.0	1.86510169506073
0.6533448696136475	0.0	0.03839951381087303	0.0	0.5041414499282837	0.0	1.4403440952301025	0.20653201639652252	0.0	0.8676357269287109	0.6519602537155151	0.0	0.0	0.33069586753845215	0.22818556427955627	0.0	1.6898688077926636	0.38958343863487244	1.1398985385894775	1.249167561531067	1.2698739767074585	0.0	0.0	0.8187809586524963	0.8912931680679321	1.5910325050354004	0.0	0.5176808834075928	0.5601640343666077	0.0	0.0	0.0	0.0	1.493145227432251	0.0	0.9353461265563965	0.0	0.0	0.6138526797294617	0.8309715390205383	0.26572221517562866	0.7830063104629517	1.2340989112854004	0.5058274865150452	0.627242386341095	1.258734941482544	0.0	0.0	0.7668277621269226	2.773129463195801	1.1678341627120972	0.0	1.9620813131332397	0.0	1.459152102470398	0.0	0.0	0.0	2.0683889389038086	1.9259823560714722	0.0	0.9885979294776917	0.15717485547065735	1.6757334470748901
0.6656843423843384	0.0	0.14539842307567596	0.0	0.8377829194068909	0.0	1.6971498727798462	0.3957422971725464	0.0	0.8271238207817078	0.611824631690979	0.0	0.0	0.29603949189186096	0.14682850241661072	0.12641575932502747	1.6633720397949219	0.4680970311164856	1.259884238243103	1.0434128046035767	0.8730469942092896	0.0	0.0	1.000773310661316	0.6456835269927979	1.7040417194366455	0.0	0.6488016247749329	0.6938195824623108	0.0	0.0	0.2669042944908142	0.0	1.3508487939834595	0.3382607698440552	1.242182731628418	0.0	0.1624322384595871	0.6732594966888428	0.9085006713867188	0.6826170682907104	1.116326928138733	1.3094539642333984	0.3554908037185669	0.6169367432594299	1.3054602146148682	0.0	0.0	1.0545862913131714	3.0500643253326416	1.5171877145767212	0.0	2.1779963970184326	0.0	1.3311450481414795	0.0	0.0	0.0	2.011204719543457	1.7776390314102173	0.0	1.001413106918335	0.0	2.1069064140319824
0.6335141062736511	0.0	0.8678357601165771	0.0	0.5941771864891052	0.33604830503463745	1.5448707342147827	0.24911293387413025	0.0	1.3208218812942505	0.6806254386901855	0.0	0.0	0.7506127953529358	0.2169339805841446	0.0	1.9136989116668701	0.6402369737625122	1.6605979204177856	1.4450470209121704	0.8903805017471313	0.032864779233932495	0.0	1.267641544342041	0.8155962824821472	1.1484241485595703	0.0	0.4870392978191376	0.840739905834198	0.0	0.0	0.9678642749786377	0.0	1.2343645095825195	0.346856951713562	0.7064988613128662	0.0	0.07330483943223953	0.40605491399765015	0.7097172737121582	0.5091119408607483	0.9176803231239319	1.3780146837234497	0.4380980432033539	0.7729641199111938	1.2303969860076904	0.0	0.0	1.0634739398956299	2.7035884857177734	1.9204363822937012	0.0	2.4211034774780273	0.0	1.354009747505188	0.0	0.0	0.0	1.99770188331604	2.05865216255188	0.0	0.8379114866256714	0.4271496832370758	2.0171546936035156
0.24511684477329254	0.0	0.09572101384401321	0.0	0.387451708316803	0.0	1.3917145729064941	0.42133063077926636	0.0	1.3435944318771362	1.1173104047775269	0.0	0.0	1.0648627281188965	0.4654918909072876	0.0	1.319501280784607	0.5788122415542603	1.9052650928497314	1.750425100326538	0.9991202354431152	0.0	0.0595654733479023	0.5969501733779907	0.6010226607322693	0.6555126309394836	0.0	0.42109620571136475	0.9965807199478149	0.11250932514667511	0.0	0.3433161973953247	0.0	1.371899127960205	0.0974867045879364	0.6066934466362	0.0	0.0	0.2136564701795578	0.8827722668647766	0.2441321611404419	1.0418964624404907	1.6712247133255005	0.5049907565116882	0.8508572578430176	1.10737943649292	0.0	0.0	0.8337118625640869	1.829897403717041	1.5556319952011108	0.0	2.10068941116333	0.0	0.9238489270210266	0.0	0.0	0.0	2.3658740520477295	2.1974270343780518	0.0	0.4615894854068756	0.20402996242046356	1.8589926958084106
0.31664785742759705	0.0	0.0	0.0	0.5993898510932922	0.005885341204702854	1.2926164865493774	0.7317907214164734	0.0	1.0659170150756836	0.9669427871704102	0.0	0.0	1.0628546476364136	0.527061939239502	0.0	1.6263073682785034	1.091017723083496	2.0032753944396973	1.8827842473983765	1.3089535236358643	0.0	0.0	0.670754611492157	1.2146055698394775	0.8641378283500671	0.0	0.6483199000358582	0.8218586444854736	0.010988783091306686	0.0	0.46532100439071655	0.0	1.3102022409439087	0.3664797842502594	0.5448603630065918	0.0	0.0	0.42020976543426514	0.8572866916656494	0.39748460054397583	0.4473870098590851	1.210492730140686	0.2996360659599304	0.6934824585914612	1.3928817510604858	0.0	0.0	0.8550320863723755	1.8237920999526978	1.6358418464660645	0.0	1.9057704210281372	0.0	0.9067992568016052	0.0	0.0	0.0	1.9992722272872925	2.1162214279174805	0.0	0.5712509155273438	0.0	2.08031964302063
0.6965740919113159	0.0	0.14657209813594818	0.0	0.9941872954368591	0.0	1.5678547620773315	0.7132132053375244	0.0	1.0428918600082397	0.561171293258667	0.0	0.0	0.02122729830443859	0.29461079835891724	0.0	1.4431138038635254	0.29807248711586	1.3305176496505737	1.0233303308486938	0.7868392467498779	0.0	0.0	0.8691632747650146	0.9638959169387817	1.4848068952560425	0.0	0.5184925198554993	0.5403932929039001	0.0	0.0	0.0	0.0	0.917762279510498	0.2733382284641266	1.0001112222671509	0.0	0.0	0.30973702669143677	0.866489052772522	0.7354355454444885	0.28066056966781616	1.2359766960144043	0.2914150655269623	0.6388675570487976	1.1825096607208252	0.0	0.0	1.1925548315048218	2.968773603439331	1.4070700407028198	0.0	2.648463249206543	0.0	1.283522605895996	0.0	0.0	0.0	1.845073938369751	2.0639259815216064	0.0	1.3907670974731445	0.0	1.8328064680099487
0.40291473269462585	0.0	0.0	0.0	0.6185593008995056	0.0	1.6284282207489014	0.9308249354362488	0.0	0.8419977426528931	0.6321975588798523	0.0	0.0	0.3311140835285187	0.16752304136753082	0.0030685195233672857	1.3504846096038818	0.6105720400810242	1.6195930242538452	1.3114187717437744	1.028319239616394	0.0	0.0	0.9473520517349243	0.848808765411377	1.3720146417617798	0.0	0.3673473298549652	0.7263748645782471	0.0	0.0	0.0	0.0	1.1032785177230835	0.0	0.7649003267288208	0.0	0.0	0.4353801906108856	0.9243630766868591	0.5791054964065552	0.896221935749054	1.5294736623764038	0.5153458118438721	0.6634188890457153	1.1749898195266724	0.0	0.0	1.0790780782699585	2.7955687046051025	1.4110801219940186	0.0	2.1556475162506104	0.0	1.3745540380477905	0.0	0.0	0.0	1.9877568483352661	2.036259174346924	0.0	0.682433545589447	0.0	1.706664800643921
0.6218065619468689	0.0	0.12692447006702423	0.0	0.5701368451118469	0.0	1.5820565223693848	0.4626842737197876	0.0	1.0551503896713257	0.8439815044403076	0.0	0.0	0.410675972700119	0.21826498210430145	0.0	1.4000753164291382	0.7406904697418213	1.4067660570144653	1.0948673486709595	0.9377253651618958	0.0	0.0	1.1323740482330322	1.1459041833877563	1.4035744667053223	0.0	0.47509729862213135	0.526643693447113	0.0	0.0	0.0	0.0	1.4008023738861084	0.0	0.8353599905967712	0.0	0.01139325276017189	0.45204252004623413	0.8229599595069885	0.8555389642715454	0.8781827688217163	1.3703627586364746	0.2383468598127365	0.6589831113815308	1.1465297937393188	0.0	0.0	1.040645956993103	2.925840139389038	1.4137083292007446	0.0	2.2577288150787354	0.0	1.3658244609832764	0.0	0.0	0.010144393891096115	1.9958688020706177	2.075446128845215	0.0	0.9119998812675476	0.001940120942890644	1.7028768062591553
0.5649773478507996	0.0	0.017868684604763985	0.0	0.4380744397640228	0.0	1.466421127319336	0.47868046164512634	0.0	1.1853071451187134	0.8435074687004089	0.0	0.0	0.25566622614860535	0.07432971894741058	0.0	1.6099693775177002	0.5337986946105957	1.276354193687439	1.1731593608856201	1.0224286317825317	0.0	0.0	0.8753044009208679	0.9592695236206055	1.670093297958374	0.0	0.7258257269859314	0.5749562978744507	0.0	0.0	0.1313369870185852	0.0	1.294566035270691	0.0	1.0119047164916992	0.0	0.0	0.7602744102478027	0.8767638206481934	0.48408693075180054	0.904888391494751	1.331188440322876	0.593166708946228	0.657030463218689	1.2436782121658325	0.0	0.0	1.0035372972488403	2.749171733856201	1.187010645866394	0.0	2.2459659576416016	0.0	1.3297356367111206	0.0	0.0	0.0	2.1081042289733887	1.9511584043502808	0.0	0.8286131024360657	0.054284531623125076	1.6651252508163452
0.5048568248748779	0.0	0.6003656387329102	0.0	0.6462211012840271	0.22968164086341858	1.4630424976348877	0.440462201833725	0.0	1.36899733543396	0.67576664686203	0.0	0.0	0.29517191648483276	0.14723315834999084	0.0	1.745751976966858	0.25589442253112793	1.618084192276001	1.2085990905761719	1.032101035118103	0.0	0.0	0.9481102228164673	0.8962421417236328	1.6864628791809082	0.0	0.45827555656433105	0.9583123326301575	0.0	0.0	0.3972359597682953	0.0	1.3769652843475342	0.0	0.9683966636657715	0.0	0.10550733655691147	0.5425530076026917	0.8900028467178345	0.5244128704071045	0.7040021419525146	1.2038744688034058	0.20868279039859772	0.8813964128494263	1.2412210702896118	0.0	0.0	0.6583422422409058	2.906491279602051	1.1383349895477295	0.0	2.121523380279541	0.0	1.6886954307556152	0.0	0.0	0.12180129438638687	2.126944065093994	1.818184494972229	0.0	0.6927164793014526	0.1736525148153305	1.843322515487671
0.47205594182014465	0.0	0.1662016212940216	0.0	0.3841138482093811	0.0	1.3512212038040161	0.5843369960784912	0.0	1.0631524324417114	1.0647475719451904	0.0	0.0	1.0787304639816284	0.5999419689178467	0.0	1.2701078653335571	1.0007920265197754	1.965588927268982	1.7747316360473633	1.397132396697998	0.0	0.0	0.651943564414978	1.2082310914993286	1.009334921836853	0.0	0.1028626561164856	0.8399009704589844	0.0	0.0	0.0	0.0	1.257967472076416	0.0	0.4243508577346802	0.0	0.0	0.3920459449291229	0.8233521580696106	0.3445749282836914	0.5770118832588196	1.5839956998825073	0.42803987860679626	0.7458256483078003	1.0047887563705444	0.0	0.0	1.0400116443634033	2.0237157344818115	1.896087884902954	0.0	2.1846203804016113	0.0	0.7660070061683655	0.0	0.0	0.0	2.299102783203125	2.2387497425079346	0.0	0.5025827884674072	0.3098009526729584	1.8349519968032837
0.05626910552382469	0.0	0.08609070628881454	0.0	0.4497623145580292	0.17894917726516724	1.1714674234390259	0.5579362511634827	0.0	1.1799824237823486	0.9124191999435425	0.0	0.0	1.0944443941116333	0.519588828086853	0.046233225613832474	1.7152811288833618	0.6338381767272949	1.683995008468628	1.773088812828064	1.107704758644104	0.0	0.0	1.029004693031311	0.8232223391532898	0.8043603301048279	0.0	0.42103293538093567	1.1650009155273438	0.15235072374343872	0.0	0.7122579216957092	0.0	1.449241280555725	0.45102787017822266	0.60725998878479	0.0	0.0	0.1849760115146637	0.8133267760276794	0.29692497849464417	0.8594301342964172	1.530626893043518	0.3517421782016754	0.8414028882980347	1.333295464515686	0.0	0.0	1.0119836330413818	1.7063060998916626	1.7065397500991821	0.0	2.2470438480377197	0.0	0.9410174489021301	0.0	0.0	0.0	2.1164326667785645	2.000760793685913	0.0	0.7620497941970825	0.027088163420557976	2.2305517196655273
0.057570379227399826	0.0	0.07139487564563751	0.0	0.532838761806488	0.0	1.389682650566101	0.4899408519268036	0.0	1.1124242544174194	1.0645015239715576	0.0	0.0	0.9513986110687256	0.2904289960861206	0.0	1.2435214519500732	0.7527350783348083	1.7667542695999146	1.6716355085372925	1.116378903388977	0.0	0.0	0.7208651900291443	0.8804131746292114	1.0267267227172852	0.0	0.27120664715766907	0.7027605175971985	0.24079957604408264	0.0	0.3712290823459625	0.0	1.3080132007598877	0.12812818586826324	0.5741947889328003	0.0	0.0	0.19033533334732056	1.0281546115875244	0.38676950335502625	0.7216553092002869	1.2952816486358643	0.3619215786457062	0.8645197153091431	1.187430500984192	0.0	0.0	1.0497804880142212	2.0736441612243652	1.5638457536697388	0.0	2.2833945751190186	0.0	1.051024079322815	0.0	0.0	0.0	2.2179529666900635	2.1748428344726562	0.0	0.6139698624610901	0.0908094272017479	2.004040002822876
0.5391069650650024	0.0	0.0	0.0	0.798581063747406	0.07683709263801575	1.5503100156784058	0.37898507714271545	0.0	0.9046650528907776	0.6432775855064392	0.0	0.0	0.12528687715530396	0.2976342439651489	0.0	1.533713459968567	0.58344966173172	1.5409106016159058	0.9854606986045837	1.133301019668579	0.0	0.0	0.6462569832801819	1.2477439641952515	1.665460228919983	0.0	0.6412979364395142	0.5464953184127808	0.0	0.0	0.0	0.0	1.3980504274368286	0.0	1.14203679561615	0.0	0.016078496351838112	0.5561417937278748	0.8705921173095703	0.5546100735664368	0.4603835344314575	1.2672021389007568	0.4890686273574829	0.7517692446708679	1.1740103960037231	0.0	0.0	0.9257322549819946	2.8360514640808105	1.1778980493545532	0.0	1.915064811706543	0.0	1.517492413520813	0.0	0.0	0.010376108810305595	1.9593018293380737	2.132258653640747	0.0	0.6395955085754395	0.0	1.537534236907959
0.6856792569160461	0.0	0.2579515278339386	0.0	1.05361807346344	0.0	1.496485710144043	0.45984214544296265	0.0	1.0719338655471802	0.7051711082458496	0.0	0.0	0.10856669396162033	0.2736824154853821	0.0	1.6840052604675293	0.6523360013961792	1.2521671056747437	0.994283139705658	1.0176398754119873	0.0	0.0	1.096520185470581	0.9925513863563538	1.7801254987716675	0.0	0.797019362449646	0.511770486831665	0.0	0.0	0.1094585433602333	0.0	1.180464744567871	0.0	0.8393387198448181	0.0	0.0	0.6148374080657959	0.8076184988021851	0.6629397869110107	0.18984638154506683	1.1036940813064575	0.45630648732185364	0.6078991889953613	1.0437418222427368	0.0	0.0	1.0930629968643188	3.028581142425537	1.3937815427780151	0.0	2.341501235961914	0.0	1.4624292850494385	0.0	0.0	0.0	1.8338664770126343	1.9685478210449219	0.0	0.9354627132415771	0.0	1.7763502597808838
0.403389036655426	0.0	0.3261033892631531	0.0	0.6974622011184692	0.12542599439620972	1.3732801675796509	0.5539668202400208	0.0	1.1374289989471436	0.9988817572593689	0.0	0.0	0.9008896350860596	0.20770639181137085	0.0	1.4566302299499512	0.6146233081817627	1.8829143047332764	1.4649375677108765	0.9985068440437317	0.0	0.0	0.7713679075241089	1.1399720907211304	1.166578769683838	0.0	0.19085544347763062	0.6571653485298157	0.0	0.0	0.28428220748901367	0.0	1.8708549737930298	0.5508805513381958	0.8560633659362793	0.0	0.0	0.365427166223526	0.8428779244422913	0.44062334299087524	0.7927632927894592	1.1430020332336426	0.33867210149765015	0.5421754121780396	1.2852578163146973	0.0	0.0	1.2112706899642944	2.228943347930908	1.6144953966140747	0.0	1.958855152130127	0.0	1.1931936740875244	0.0	0.0	0.0	2.231498956680298	2.3781216144561768	0.17686624825000763	0.633883535861969	0.0564928874373436	1.8473280668258667
0.5461326241493225	0.0	0.0	0.0	0.6551410555839539	0.0	1.6364556550979614	0.28820446133613586	0.0	1.2853329181671143	0.7231258153915405	0.0	0.0	0.14704927802085876	0.12114983052015305	0.025045812129974365	1.5148371458053589	0.7410420179367065	1.6520440578460693	1.156555414199829	1.1013191938400269	0.0	0.0	1.0408231019973755	0.6615581512451172	1.3998709917068481	0.0	0.5062068700790405	0.5685528516769409	0.0	0.0	0.0	0.0	1.066872239112854	0.0	0.9007174968719482	0.11739396303892136	0.0	0.37023693323135376	0.7852127552032471	0.5769615769386292	0.5066884160041809	1.3486483097076416	0.49135884642601013	0.594189465045929	1.2867499589920044	0.0	0.0	0.8474058508872986	2.5097575187683105	1.085389256477356	0.0	2.1741602420806885	0.0	1.5968663692474365	0.0	0.0	0.0	2.14017653465271	2.050363302230835	0.0	1.1324750185012817	0.0	1.5705170631408691
0.36789941787719727	0.0	0.10501831024885178	0.0	0.5673585534095764	0.0	1.3844597339630127	0.5393845438957214	0.0	1.1819767951965332	1.0777949094772339	0.0	0.0	0.8836821913719177	0.276167094707489	0.0	1.5517938137054443	0.7666401267051697	1.3994810581207275	1.464718222618103	0.9902551174163818	0.0	0.0	0.9253084063529968	0.786176860332489	1.1304317712783813	0.0	0.3686394989490509	0.687397837638855	0.0	0.0	0.8859500885009766	0.0	1.4320485591888428	0.22239336371421814	0.9812896251678467	0.0	0.031015343964099884	0.4133480191230774	1.0098090171813965	0.4436885416507721	1.2511591911315918	1.315761685371399	0.43479123711586	0.6274185180664062	1.1614108085632324	0.0	0.0	0.9805365204811096	2.419565439224243	1.5087041854858398	0.0	1.9604469537734985	0.0	1.119181513786316	0.0	0.0	0.0	2.1827890872955322	2.0333492755889893	0.0	0.58766770362854	0.0	2.055767774581909
0.23658862709999084	0.0	0.02046760357916355	0.0	0.4797000586986542	0.0	1.2631241083145142	0.519310474395752	0.0	1.2160828113555908	1.239242434501648	0.0	0.0	1.273303508758545	0.49749186635017395	0.0	1.2849223613739014	0.4783155620098114	2.115476131439209	1.7046685218811035	1.0372856855392456	0.0	0.0	0.668674886226654	1.2533537149429321	0.6611736416816711	0.0	0.24417459964752197	0.714392900466919	0.06876899302005768	0.0	0.14443540573120117	0.0	1.4593074321746826	0.5997166037559509	0.639897882938385	0.0	0.0	0.0	0.8786932229995728	0.4702708423137665	0.8494040369987488	1.4052679538726807	0.4021355211734772	0.7271355390548706	1.0110102891921997	0.0	0.0	1.3162871599197388	1.8314355611801147	1.7675100564956665	0.0	1.9829684495925903	0.0	0.6888598799705505	0.0	0.0	0.0	2.2437305450439453	2.392885684967041	0.0	0.518069326877594	0.10705167800188065	1.8873215913772583
0.592946469783783	0.0	0.18245451152324677	0.0	0.5625091195106506	0.0	1.340963363647461	0.4290105998516083	0.0	1.255704402923584	0.7192274928092957	0.0	0.0	0.5889275074005127	0.25204306840896606	0.0	1.5565495491027832	0.6894262433052063	1.4289430379867554	1.47750723361969	1.0841310024261475	0.0	0.0	0.7822685837745667	1.0365475416183472	1.2322818040847778	0.0	0.24135081470012665	0.524086058139801	0.0	0.0	0.0	0.0	1.594839096069336	0.11727024614810944	0.8643679618835449	0.0	0.0	0.6091713309288025	0.6569392681121826	0.5423558354377747	0.8564977645874023	1.3000233173370361	0.4057641327381134	0.6349334120750427	1.2559525966644287	0.0	0.0	0.9725677967071533	2.198833465576172	1.3911187648773193	0.0	2.220407247543335	0.0	0.9842647910118103	0.0	0.0	0.0	2.0097131729125977	2.10054874420166	0.0	0.7272359132766724	0.0	1.6574844121932983
0.3555717468261719	0.0	0.2207280397415161	0.0	0.7778076529502869	0.07103604078292847	1.6211814880371094	0.5961109399795532	0.0	1.4091196060180664	0.6048473715782166	0.0	0.0	0.1694498360157013	0.07026896625757217	0.017726387828588486	1.3742843866348267	0.5234158039093018	1.6690030097961426	1.2025177478790283	0.9651806950569153	0.0	0.0	1.052268147468567	0.7240337133407593	1.5709744691848755	0.0	0.3943813443183899	0.9243829250335693	0.0	0.0	0.0	0.0	0.9073446989059448	0.02377951890230179	0.927154541015625	0.0	0.11494169384241104	0.5957151055335999	1.12101149559021	0.7363090515136719	0.5011606812477112	1.5107837915420532	0.2743302881717682	0.8523582220077515	1.3415242433547974	0.0	0.0	1.026612401008606	2.9366021156311035	1.4887827634811401	0.0	2.3042452335357666	0.0	1.626285433769226	0.0	0.0	0.0	2.0711424350738525	1.8286436796188354	0.0	0.8968719840049744	0.03353707864880562	1.746403455734253
0.45060816407203674	0.0	0.0565350316464901	0.0	0.47431692481040955	0.16229316592216492	1.2356672286987305	0.33422908186912537	0.0	1.0363633632659912	1.0360909700393677	0.0	0.0	0.869317352771759	0.27966398000717163	0.03607884794473648	1.5334858894348145	0.5862298607826233	1.7858412265777588	1.693839430809021	1.16057288646698	0.0	0.0	1.2052111625671387	0.7603431940078735	0.9904396533966064	0.0	0.48444995284080505	0.769949197769165	0.03816598653793335	0.0	0.0	0.0	1.2596914768218994	0.0	0.39455050230026245	0.0	0.0	0.17258566617965698	0.9724252223968506	0.49459603428840637	0.4757227897644043	1.3351588249206543	0.6166158318519592	0.7212633490562439	1.1611976623535156	0.0	0.0	1.1192169189453125	2.2947235107421875	1.4147220849990845	0.0	2.304976224899292	0.0	0.7729804515838623	0.0	0.0	0.0	1.8915008306503296	2.2511110305786133	0.0	0.7554328441619873	0.0	1.9908535480499268
0.8380748629570007	0.0	0.2075677365064621	0.0	0.6490821242332458	0.0	1.6370047330856323	0.17524759471416473	0.0	0.9678024649620056	0.6975609660148621	0.0	0.0	0.10329636931419373	0.0	0.0	1.5939604043960571	0.3211107850074768	1.008622169494629	1.0274643898010254	0.8340749740600586	0.0	0.0	1.2775115966796875	0.6452115774154663	2.0037035942077637	0.0	0.7241594791412354	0.521670937538147	0.0	0.0	0.1033579632639885	0.0	1.0783838033676147	0.06601834297180176	1.0764625072479248	0.0	0.0	0.2943263649940491	0.755594789981842	0.6063541769981384	0.2969372868537903	1.2957550287246704	0.3088480234146118	0.6202042698860168	1.2231040000915527	0.0	0.0	1.1424766778945923	2.9541308879852295	1.39496910572052	0.0	2.3264589309692383	0.0	1.4518444538116455	0.0	0.0	0.0	1.814568042755127	1.8572572469711304	0.0	1.08799409866333	0.0	1.9510952234268188
0.33516883850097656	0.0	0.1259089559316635	0.0	0.5154065489768982	0.0	1.0600080490112305	0.6732877492904663	0.0	0.9431516528129578	0.9340820908546448	0.0	0.0	1.2616392374038696	0.6281806826591492	0.0	1.369952917098999	1.2087101936340332	2.140462636947632	1.8107422590255737	1.4882361888885498	0.0	0.0	0.8270121216773987	0.8476870059967041	0.4178716838359833	0.0	0.0	0.8995556831359863	0.49858471751213074	0.0	0.3961559236049652	0.0	1.3653591871261597	0.0	0.0	0.0	0.0	0.3189152777194977	0.9042958617210388	0.13102903962135315	1.1224356889724731	1.4480412006378174	0.49622654914855957	1.2173506021499634	1.162306785583496	0.0	0.0	0.6108158230781555	1.8400826454162598	1.2412527799606323	0.0	2.0880377292633057	0.0	0.8461083173751831	0.0	0.0	0.0	2.2715342044830322	2.209087610244751	0.0	0.5906912684440613	0.43906721472740173	1.8609418869018555
0.34889107942581177	0.0	0.1039106622338295	0.0	0.5611235499382019	0.6242687702178955	1.5336458683013916	0.3111852705478668	0.0	1.6590789556503296	0.966164231300354	0.0	0.0	0.7242729663848877	0.43605998158454895	0.2978112995624542	2.2631661891937256	0.9909390211105347	1.4390500783920288	1.2676310539245605	0.9644096493721008	0.0	0.0	1.2035480737686157	0.7996214032173157	1.3296372890472412	0.0	0.5729789137840271	0.793584942817688	0.0	0.0	0.5631453990936279	0.0	1.3917477130889893	0.2642967998981476	0.7956578135490417	0.11712527275085449	0.0945465937256813	0.364998459815979	1.0116304159164429	0.5048726201057434	0.8903201222419739	1.395866870880127	0.11563486605882645	0.7499092817306519	1.4150910377502441	0.0	0.0	1.0378758907318115	2.6118640899658203	1.3857561349868774	0.0	2.2364156246185303	0.0	1.453852653503418	0.0	0.0	0.0	2.1041221618652344	2.0115184783935547	0.0	1.2580584287643433	0.2124813199043274	2.029306650161743
0.41500917077064514	0.0	0.1598571240901947	0.0	0.5232806205749512	0.11591698974370956	1.297057032585144	0.9051443338394165	0.0	0.8108705878257751	0.932978093624115	0.0	0.0	0.8604142069816589	0.37013453245162964	0.0	1.407008171081543	1.1420830488204956	1.9541125297546387	1.5523344278335571	1.2183724641799927	0.0	0.0	0.969702959060669	0.9310814738273621	1.1023211479187012	0.0	0.22464586794376373	0.5834129452705383	0.0	0.0	0.6023687720298767	0.0	1.3068857192993164	0.23232410848140717	0.24437108635902405	0.0813450962305069	0.0	0.18232816457748413	0.6895367503166199	0.35850444436073303	1.1511849164962769	1.3756248950958252	0.22370538115501404	0.4965079724788666	1.2344989776611328	0.0	0.0	0.8414145112037659	2.264582633972168	1.6701735258102417	0.0	2.084136962890625	0.0	1.1393400430679321	0.0	0.0	0.0	2.023402214050293	2.1463911533355713	0.0	0.6854761242866516	0.07893522828817368	2.125410795211792
0.002776059554889798	0.0	0.09334499388933182	0.0	0.43325069546699524	0.16392479836940765	1.1702181100845337	0.8497524261474609	0.0	1.6365749835968018	0.8472234606742859	0.0	0.0	1.0952589511871338	0.6986538171768188	0.011573024094104767	1.3610302209854126	1.262675166130066	2.438577651977539	1.8002983331680298	1.278585433959961	0.0	0.20765268802642822	0.5798097252845764	1.3122177124023438	0.3837042450904846	0.0	0.18731659650802612	1.0342046022415161	0.26088008284568787	0.0	0.34605979919433594	0.0	1.3092877864837646	0.28272774815559387	0.35457757115364075	0.0	0.0	0.15474936366081238	0.7815628051757812	0.3801995813846588	0.44177496433258057	1.3346362113952637	0.30399245023727417	0.9504880905151367	1.199414610862732	0.0	0.0	1.1280804872512817	1.5778337717056274	1.6315256357192993	0.0	2.1980113983154297	0.0	0.7561129331588745	0.0	0.0	0.0	2.3280303478240967	2.2085964679718018	0.3363541066646576	0.48609429597854614	0.3234035074710846	1.9006398916244507
0.6541409492492676	0.0	0.22037088871002197	0.0	0.5881815552711487	0.11204790323972702	1.5677738189697266	0.0	0.0	1.1228344440460205	0.4490188956260681	0.0	0.0	0.0411754846572876	0.0	0.1895478218793869	1.5646601915359497	0.16398650407791138	1.1193933486938477	1.0979341268539429	0.9213765859603882	0.0	0.0	1.1358731985092163	0.6363983154296875	1.4915984869003296	0.0	0.723351240158081	0.5101059079170227	0.0	0.0	0.0	0.0	1.1101384162902832	0.0	0.9439802765846252	0.0	0.0	0.4479265511035919	0.8117416501045227	0.5987277626991272	0.512162983417511	1.272419810295105	0.3775070607662201	0.8491605520248413	1.1560496091842651	0.0	0.0	1.010438323020935	2.9137675762176514	1.294163703918457	0.0	2.4179444313049316	0.0	1.405014991760254	0.0	0.0	0.0	2.0059731006622314	2.1571598052978516	0.0	1.237751841545105	0.20489157736301422	1.7749029397964478
0.6586096286773682	0.0	0.15358160436153412	0.0	1.0224841833114624	0.0	1.4856553077697754	0.38083675503730774	0.0	0.917746901512146	0.801989734172821	0.0	0.0	0.38694697618484497	0.20415587723255157	0.045105941593647	1.7556235790252686	0.7686684131622314	1.3028773069381714	1.2454314231872559	1.141361951828003	0.0	0.0	0.9813244342803955	0.9680609703063965	1.3522733449935913	0.0	0.7401307821273804	0.6068407297134399	0.0	0.0	0.4391886591911316	0.0	1.5026707649230957	0.0	0.8417890667915344	0.0	0.0	0.49618464708328247	0.7516603469848633	0.44873470067977905	0.590462327003479	1.2625333070755005	0.5778524279594421	0.5318490862846375	1.3441861867904663	0.0	0.0	0.9075390696525574	2.6870596408843994	1.4105136394500732	0.0	2.228950262069702	0.0	1.3902300596237183	0.0	0.0	0.0	1.9568071365356445	1.9327706098556519	0.0	0.8929499983787537	0.0	1.9037154912948608
0.2934314012527466	0.0	0.01969686709344387	0.0	0.652961254119873	0.0	1.3308275938034058	0.6143860816955566	0.0	0.9370054602622986	1.085740089416504	0.0	0.0	1.0121403932571411	0.4292818009853363	0.0	1.5329794883728027	0.9521430134773254	1.7922773361206055	1.6915178298950195	1.2952135801315308	0.0	0.0	0.9551487565040588	0.9559939503669739	0.9161659479141235	0.0	0.5725800395011902	0.7377710938453674	0.07323118299245834	0.0	0.0	0.0	1.2680915594100952	0.05529528483748436	0.35255980491638184	0.0	0.0	0.31400299072265625	0.8891729712486267	0.41086575388908386	0.6432331204414368	1.5050591230392456	0.41384345293045044	0.8860254883766174	1.293323278427124	0.0	0.0	0.6274172067642212	1.990401029586792	1.4354490041732788	0.0	1.9155296087265015	0.0	1.1028122901916504	0.0	0.0	0.0	2.1078197956085205	2.0189597606658936	0.0	0.587927520275116	0.025542158633470535	1.877156138420105
0.6078190207481384	0.0	1.0163415670394897	0.0	0.87175452709198	0.6929593682289124	1.4934090375900269	0.4878185987472534	0.0	1.2347012758255005	0.5872409343719482	0.0	0.0	0.6413706541061401	0.004152874927967787	0.2668550908565521	2.0722851753234863	0.7011042237281799	1.6936876773834229	1.196842908859253	0.8101429343223572	0.0	0.0550721138715744	1.2120935916900635	0.9033328294754028	2.215337038040161	0.0	0.8754947185516357	0.7201244235038757	0.0	0.0	0.7752256989479065	0.0	1.7740854024887085	0.11362960189580917	0.6875355839729309	0.0	0.0	0.5090887546539307	1.1442760229110718	0.350047767162323	0.8895295858383179	1.2304714918136597	0.3550737202167511	0.7104024291038513	1.0089730024337769	0.0	0.0	0.6076405048370361	2.7750751972198486	1.4705368280410767	0.0	2.273555278778076	0.0	1.3298143148422241	0.0	0.0	0.15728074312210083	2.2835466861724854	2.1987311840057373	0.12637872993946075	1.2513231039047241	0.42433083057403564	1.934018850326538
0.3059166669845581	0.0	0.0	0.0	0.37795600295066833	0.1671014130115509	1.3093054294586182	0.639127790927887	0.0	1.4413237571716309	1.1273953914642334	0.0	0.0	1.2891643047332764	0.5157849192619324	0.0	1.2915422916412354	1.231126070022583	2.0900487899780273	1.6831523180007935	1.1242097616195679	0.0	0.0	0.5855419039726257	1.3005504608154297	0.9357409477233887	0.0	0.07482895255088806	0.7086762189865112	0.05152273178100586	0.0	0.08061161637306213	0.0	1.3091707229614258	0.36149173974990845	0.41406142711639404	0.0	0.0	0.6152006983757019	0.8883270621299744	0.4891476333141327	0.5597684979438782	1.3487889766693115	0.37653642892837524	0.659019947052002	1.0162653923034668	0.0	0.0	1.2341818809509277	2.013528347015381	1.6624642610549927	0.0	2.214909076690674	0.0	0.8415522575378418	0.0	0.0	0.0	2.144226551055908	2.307752847671509	0.0	0.4584028720855713	0.07408418506383896	1.8141337633132935
0.08346951007843018	0.0	0.2612658739089966	0.0	0.28812935948371887	0.03145800158381462	1.044258713722229	0.5160331726074219	0.0	1.0859614610671997	1.1294382810592651	0.0	0.0	1.4243264198303223	0.37730520963668823	0.0	1.4447630643844604	0.523118793964386	2.0590975284576416	1.6912487745285034	1.1226247549057007	0.0	0.0	0.7555556297302246	1.067266583442688	0.8460342288017273	0.0	0.3061954081058502	0.7703701257705688	0.0	0.0	0.0	0.0	1.4278624057769775	0.30384203791618347	0.23197011649608612	0.0	0.0	0.0034457300789654255	0.9371940493583679	0.39959561824798584	0.5375915169715881	1.4080684185028076	0.5123143792152405	0.8537125587463379	1.140559196472168	0.0	0.0	1.0108085870742798	1.7984973192214966	1.680299997329712	0.0	1.9754019975662231	0.0	0.9033156037330627	0.0	0.0	0.0	2.174074411392212	2.355560779571533	0.0	0.8901633620262146	0.11080533266067505	1.8666445016860962
0.5501347184181213	0.0	0.0	0.0	0.7574738264083862	0.0	1.799224615097046	0.360090970993042	0.0	1.1408385038375854	0.7715138792991638	0.0	0.0	0.31451937556266785	0.12971530854701996	0.0	1.622023105621338	0.5917662382125854	1.3039627075195312	1.2642368078231812	1.0057258605957031	0.0	0.0	0.8300961256027222	0.8925290703773499	1.5250866413116455	0.0	0.4543455243110657	0.5293723344802856	0.0	0.0	0.3484695255756378	0.0	1.3086094856262207	0.0	0.9292570352554321	0.0	0.0	0.5517512559890747	1.0681179761886597	0.5132139325141907	0.7924035787582397	1.3421015739440918	0.34243857860565186	0.6335627436637878	1.254294991493225	0.0	0.0	0.8353906869888306	2.7176003456115723	1.1149879693984985	0.0	2.0717430114746094	0.0	1.4650367498397827	0.0	0.0	0.0	2.134941339492798	1.9400326013565063	0.0	0.9648285508155823	0.03123507648706436	1.829716444015503
0.47071903944015503	0.0	0.4219490587711334	0.0	0.792267918586731	0.1158459261059761	1.3696421384811401	0.7415534257888794	0.0	1.322289228439331	1.1608166694641113	0.0	0.0	0.9134230017662048	0.5754792094230652	0.06100807711482048	1.4085241556167603	1.0173667669296265	1.8993269205093384	1.6881600618362427	1.2952007055282593	0.0	0.0	0.7524175643920898	1.026285171508789	0.747821033000946	0.0	0.10574426501989365	1.005715250968933	0.0	0.0	0.0	0.0	1.3370510339736938	0.24023723602294922	0.6470229029655457	0.0	0.0	0.4957304000854492	0.7680932879447937	0.5253503322601318	0.8131561875343323	1.5541352033615112	0.4317323565483093	0.7923146486282349	1.2264361381530762	0.0	0.0	1.1187124252319336	2.106581687927246	1.813672423362732	0.0	2.1647536754608154	0.0	0.7941198348999023	0.0	0.0	0.0	2.087618589401245	2.2731926441192627	0.0	0.6921460032463074	0.1321679800748825	2.2628846168518066
0.12212487310171127	0.0	0.10996244847774506	0.0	0.9772636890411377	0.629488468170166	1.0541080236434937	0.6763008236885071	0.0	1.2715930938720703	0.9290667772293091	0.0	0.0	1.425959825515747	0.6378214955329895	0.0	1.3018308877944946	1.4202520847320557	2.1260619163513184	1.8548884391784668	1.155338168144226	0.0	0.0	0.4932546019554138	1.3684287071228027	0.5388256907463074	0.0	0.14589138329029083	1.0105750560760498	0.6266491413116455	0.0	0.0	0.0	1.1768231391906738	0.3373867869377136	0.5062468647956848	0.0	0.0	0.3925619423389435	0.6873196959495544	0.25640982389450073	0.3001050055027008	1.2874966859817505	0.35492339730262756	0.9896529316902161	1.4292351007461548	0.14478059113025665	0.0	0.8702924847602844	1.5922915935516357	2.157656192779541	0.0	2.397149085998535	0.0	0.7719863653182983	0.0	0.0	0.0	2.082695722579956	2.2303524017333984	0.0	0.21985197067260742	0.068255215883255	2.2101328372955322
0.25967198610305786	0.0	0.5308299660682678	0.0	0.599510133266449	0.5374827980995178	1.0529366731643677	0.507716178894043	0.0	1.2519339323043823	1.0809359550476074	0.0	0.0	1.1032179594039917	0.5648191571235657	0.0	1.4068152904510498	1.147910714149475	2.2450203895568848	1.8878512382507324	1.2874103784561157	0.0	0.08607286959886551	0.7066094279289246	1.5751696825027466	0.4368867874145508	0.0	0.2748411297798157	0.6870461106300354	0.6534373164176941	0.0	0.2162809818983078	0.0	1.2376512289047241	0.21381522715091705	0.5587334632873535	0.0	0.0	0.8649503588676453	0.862102746963501	0.3513246178627014	0.8861330151557922	1.3427989482879639	0.4371492266654968	0.7397791743278503	1.233667016029358	0.0	0.0	0.8835403919219971	1.6080522537231445	1.6810506582260132	0.0	2.282655715942383	0.0	1.1603999137878418	0.0	0.0	0.0	2.1411261558532715	2.241039991378784	0.0	0.425070196390152	0.16200992465019226	2.0171408653259277
0.2237715870141983	0.0	0.02736283652484417	0.0	0.21255455911159515	0.0	1.2283228635787964	0.6314787864685059	0.0	1.0689407587051392	1.0084713697433472	0.0	0.0	1.3890575170516968	0.4191053509712219	0.0	1.2343642711639404	1.083117127418518	2.046408176422119	1.685725450515747	1.3389453887939453	0.0	0.0	0.6363096237182617	1.1790128946304321	0.7361568212509155	0.0	0.10618986934423447	0.7518460154533386	0.037542469799518585	0.0	0.11957725882530212	0.0	1.2269424200057983	0.0	0.34116822481155396	0.0	0.0	0.26858147978782654	0.7708860039710999	0.3950287103652954	0.7195507884025574	1.5267565250396729	0.41430720686912537	0.8504018187522888	1.0946731567382812	0.0	0.0	1.0330469608306885	1.9432905912399292	1.4723565578460693	0.0	2.1092896461486816	0.0	0.7315192818641663	0.0	0.0	0.0	2.191554546356201	2.2147512435913086	0.0	0.5941206216812134	0.18309932947158813	1.8038535118103027
0.23568110167980194	0.0	0.011926554143428802	0.0	0.3827075958251953	0.0	1.2635706663131714	0.377125084400177	0.0	1.1016545295715332	0.7483640909194946	0.0	0.0	1.1623497009277344	0.3206145465373993	0.0	1.4370626211166382	0.5659450888633728	1.7750707864761353	1.7949615716934204	1.088818907737732	0.0	0.0	0.6681586503982544	0.7200864553451538	0.5957278609275818	0.0	0.2273619920015335	0.7555295825004578	0.02391522191464901	0.0	0.0	0.0	1.4309924840927124	0.13854247331619263	0.4922906756401062	0.0	0.0	0.20085479319095612	0.9888783693313599	0.3007236421108246	1.1011252403259277	1.551927089691162	0.37430861592292786	1.0275063514709473	1.2095191478729248	0.0	0.0	0.6796717643737793	1.7831501960754395	1.4267030954360962	0.0	1.9785088300704956	0.0	0.7590583562850952	0.0	0.0	0.0	2.4251182079315186	1.9987423419952393	0.0	0.5122725963592529	0.25196051597595215	1.8000673055648804
0.0	0.0	0.20561452209949493	0.0	0.6579994559288025	0.0	1.3777127265930176	0.8091815710067749	0.0	1.3075281381607056	1.2540690898895264	0.0	0.0	1.2223719358444214	0.3298775851726532	0.24399280548095703	1.519260048866272	0.4005983769893646	2.2419018745422363	1.6972118616104126	0.9719597101211548	0.0	0.4109264314174652	0.9063161015510559	0.9006162881851196	1.0577735900878906	0.0	0.11458992213010788	0.8996186256408691	0.3192884624004364	0.0	0.45508939027786255	0.0	1.8162761926651	0.866843581199646	0.49384844303131104	0.0	0.0	0.2930544912815094	0.8909527063369751	0.38339245319366455	1.0292953252792358	1.4229038953781128	0.31253498792648315	0.8306265473365784	1.3431215286254883	0.0	0.0	1.1817420721054077	1.4376778602600098	1.9832960367202759	0.0	2.013732433319092	0.0	1.1275712251663208	0.0	0.0	0.0	2.5282630920410156	1.906095027923584	0.6085392236709595	1.2572314739227295	0.38876330852508545	1.8502885103225708
0.275159627199173	0.0	0.6504193544387817	0.0	0.6418673992156982	0.7958171963691711	1.1956952810287476	0.8442633748054504	0.0	0.935449481010437	1.3695217370986938	0.0	0.0	1.6630239486694336	0.4183497130870819	0.0	1.6314270496368408	1.069870948791504	2.5212526321411133	2.0162811279296875	1.1952221393585205	0.0	0.2712613344192505	0.4832606613636017	1.668215036392212	0.766178548336029	0.0	0.25570136308670044	0.7771412134170532	0.2411326915025711	0.0	0.5204735994338989	0.0	1.4308886528015137	0.4558955729007721	0.08779218047857285	0.0	0.0	0.698793351650238	0.7624390721321106	0.033958811312913895	0.3173312842845917	1.20726478099823	0.4940388798713684	0.5066099166870117	1.1315664052963257	0.0	0.0	0.9160083532333374	1.3089091777801514	1.7922239303588867	0.0	2.0470192432403564	0.0	0.6020487546920776	0.0	0.0	0.0	2.2229409217834473	2.4653866291046143	0.0	0.32468804717063904	0.0	1.635829210281372
0.47662147879600525	0.0	0.006510511506348848	0.0	0.9116771221160889	0.0	1.725632905960083	0.6008897423744202	0.0	0.8355364203453064	0.7051045298576355	0.0	0.0	0.5654829740524292	0.2124490886926651	0.0	1.795547604560852	0.6997463703155518	1.473752498626709	1.2464021444320679	1.1772862672805786	0.0	0.0	0.9766843914985657	1.00038480758667	1.672619104385376	0.0	0.8398599028587341	0.5320413112640381	0.0	0.0	0.06086353212594986	0.0	1.3801404237747192	0.10233574360609055	1.0899289846420288	0.0	0.0	0.6006213426589966	1.1106979846954346	0.47289273142814636	0.8809841275215149	1.4206151962280273	0.6663308143615723	0.8272444009780884	1.3159419298171997	0.0	0.0	0.8479155898094177	2.74931263923645	1.0508393049240112	0.0	2.3241546154022217	0.0	1.2747700214385986	0.0	0.0	0.0	2.017500638961792	1.9806751012802124	0.0	0.5824313759803772	0.0	1.555593490600586
0.40242472290992737	0.0	0.10857712477445602	0.0	0.549787700176239	0.0	1.2687467336654663	0.2914513647556305	0.0	1.3584882020950317	1.1691190004348755	0.0	0.0	0.9305318593978882	0.3022221326828003	0.039629705250263214	1.4078515768051147	0.47334766387939453	1.6193145513534546	1.7259992361068726	1.1214426755905151	0.0	0.0	0.8566237688064575	0.6982765197753906	1.2565112113952637	0.0	0.651863694190979	0.8194248676300049	0.11854873597621918	0.0	0.21698731184005737	0.0	1.2573250532150269	0.04519100487232208	0.5048394799232483	0.0	0.0	0.2549137473106384	0.6765189170837402	0.3447972536087036	0.964880108833313	1.4247996807098389	0.5427078604698181	0.7797753214836121	1.3370689153671265	0.0	0.0	0.9970397353172302	2.2627193927764893	1.6397007703781128	0.0	2.1783933639526367	0.0	1.0115169286727905	0.0	0.0	0.0	2.229099750518799	2.0472092628479004	0.0	0.9368817806243896	0.21012696623802185	1.913088321685791
0.6701205372810364	0.0	0.16048617660999298	0.0	0.7705877423286438	0.0	1.604046106338501	0.4758879840373993	0.0	1.5978925228118896	0.7382298111915588	0.0	0.0	0.3613613545894623	0.12463321536779404	0.0	1.631700873374939	0.22454261779785156	1.4899624586105347	1.1808542013168335	0.9292123913764954	0.0	0.0	0.8631896376609802	0.9700655341148376	1.6627651453018188	0.0	0.5968613028526306	0.4296587109565735	0.0	0.0	0.0	0.0	1.509082317352295	0.1736328899860382	1.1338752508163452	0.0	0.02427639812231064	0.4940568506717682	0.9922699332237244	0.7159814834594727	0.5052165389060974	1.1481295824050903	0.27010244131088257	0.634034276008606	1.255245327949524	0.0	0.0	0.9008512496948242	2.920736312866211	1.2995905876159668	0.0	1.9959944486618042	0.0	1.5027190446853638	0.0	0.0	0.0	2.0026280879974365	2.137418746948242	0.0	0.5931280255317688	0.0	1.7430274486541748
0.7881236672401428	0.0	0.16827073693275452	0.0	0.8986180424690247	0.08891880512237549	1.660375714302063	0.330190509557724	0.0	0.8928095698356628	0.5005536079406738	0.0	0.0	0.29332593083381653	0.3229271173477173	0.0	1.771000623703003	0.5629271268844604	1.159136176109314	0.9817308783531189	0.9472026228904724	0.0	0.0	1.0056037902832031	0.9939864277839661	2.096186399459839	0.0	0.7270340919494629	0.3021356761455536	0.0	0.0	0.0	0.0	1.247187852859497	0.0	1.3146804571151733	0.0	0.0023350699339061975	0.7164109349250793	0.9563411474227905	0.5373061895370483	0.28355976939201355	1.2188372611999512	0.42743128538131714	0.6743054986000061	1.3113423585891724	0.0	0.0	0.7617383599281311	3.0408482551574707	1.390692114830017	0.0	2.0818543434143066	0.0	1.426082968711853	0.0	0.0	0.0	1.7604000568389893	1.878769874572754	0.0	0.6133318543434143	0.0	1.4145413637161255
0.03408331423997879	0.0	0.4067735970020294	0.0	0.3538985550403595	0.1705923229455948	1.1866252422332764	0.8629446029663086	0.0	1.1509103775024414	1.1075414419174194	0.0	0.0	1.3058955669403076	0.3284977674484253	0.0	1.4109375476837158	1.1179184913635254	2.4687063694000244	1.9229466915130615	1.291533350944519	0.0	0.11468396335840225	0.4194544851779938	1.258901596069336	0.5404108166694641	0.0	0.1081274151802063	1.0967966318130493	0.5909838080406189	0.0	0.3777354657649994	0.0	1.484501838684082	0.3097341060638428	0.5136170983314514	0.0	0.0	0.17213626205921173	0.9167072772979736	0.49660593271255493	0.9036031365394592	1.338521957397461	0.5303283333778381	1.010374665260315	1.0074306726455688	0.0	0.0	1.1119052171707153	1.6983659267425537	2.069782257080078	0.0	2.0181567668914795	0.0	0.6368253231048584	0.0	0.0	0.0	2.36439847946167	2.2900495529174805	0.020229587331414223	0.08225149661302567	0.18083204329013824	1.8294779062271118
0.21795593202114105	0.0	0.22387520968914032	0.0	0.41673871874809265	0.0	1.1265685558319092	0.4703832268714905	0.0	1.0749317407608032	1.3071811199188232	0.0	0.0	1.3093492984771729	0.3101576268672943	0.0	1.3172438144683838	0.5403406023979187	1.885231614112854	1.884789228439331	1.1017364263534546	0.0	0.0	0.8707262277603149	1.0508979558944702	0.5191262364387512	0.0	0.1083919033408165	1.0254400968551636	0.29332825541496277	0.0	0.6000983715057373	0.0	1.5728892087936401	0.5347793698310852	0.5192917585372925	0.0	0.4286351799964905	0.0	0.9144943952560425	0.2572265863418579	1.4086308479309082	1.3865547180175781	0.5343360304832458	0.9659931063652039	1.1212283372879028	0.0	0.0	0.9878532886505127	2.0973174571990967	1.6325584650039673	0.0	2.069969654083252	0.0	0.8312466144561768	0.0	0.0	0.0	2.2275137901306152	2.2404208183288574	0.06556835770606995	0.46191275119781494	0.21817733347415924	1.8306688070297241
0.19921275973320007	0.0	0.6031889319419861	0.0	1.2668476104736328	0.0	1.6879624128341675	0.34483960270881653	0.0	1.3236165046691895	1.0676875114440918	0.0	0.0	0.33570024371147156	0.05288909748196602	0.2543456554412842	1.751121163368225	0.30155789852142334	1.8406763076782227	1.3688660860061646	0.9522811770439148	0.0	0.09710840880870819	0.8941000699996948	0.6251455545425415	1.345049262046814	0.0	0.48260512948036194	0.47027555108070374	0.0	0.0397753044962883	0.21755684912204742	0.0	1.0814311504364014	0.0	0.7964182496070862	0.052491240203380585	0.0	0.45041459798812866	1.1037100553512573	0.5333197116851807	0.8471866846084595	1.0837504863739014	0.4010414779186249	1.00613272190094	1.2972729206085205	0.0	0.0	0.8998327851295471	2.5644516944885254	1.1520519256591797	0.0	2.2724366188049316	0.0	1.5439971685409546	0.0	0.0	0.0	2.263868570327759	2.2849881649017334	0.0	1.784281849861145	0.07547781616449356	1.656875491142273
0.15861298143863678	0.0	0.25945162773132324	0.0	0.7328338623046875	0.27700766921043396	1.143025517463684	0.5361143350601196	0.0	1.2709347009658813	0.922355592250824	0.0	0.0	1.1563667058944702	0.43588122725486755	0.0	1.6855502128601074	1.0044854879379272	2.2470388412475586	1.893011450767517	1.326994776725769	0.0	0.058312784880399704	0.752129077911377	1.3284721374511719	0.6876685619354248	0.0	0.0	1.0607327222824097	0.34629979729652405	0.0	0.32325536012649536	0.0	1.1511290073394775	0.0	0.1519855409860611	0.0	0.0	0.3295438587665558	0.8905512094497681	0.24497492611408234	0.39061832427978516	1.385241985321045	0.532890796661377	0.8712871074676514	1.146303415298462	0.0	0.0	0.8666819334030151	1.4465248584747314	1.8312902450561523	0.0	2.225721597671509	0.0	1.126918077468872	0.0	0.0	0.0	2.2601959705352783	2.007096290588379	0.0	0.6104214787483215	0.04000803455710411	1.8307619094848633
0.17188793420791626	0.0	0.07265007495880127	0.0	0.23447337746620178	0.0	1.0687663555145264	0.8726668953895569	0.0	1.3563604354858398	1.0793256759643555	0.0	0.0	1.2276160717010498	0.40580201148986816	0.0	1.557076096534729	0.8385928273200989	1.840170979499817	1.8536511659622192	1.2229108810424805	0.0	0.0	0.40772685408592224	1.2058571577072144	0.5653097033500671	0.0	0.12947283685207367	0.8452008962631226	0.370872437953949	0.0	0.26143646240234375	0.0	1.5067588090896606	0.369920551776886	0.2920820415019989	0.0	0.0	0.25233474373817444	0.6375061273574829	0.06058168783783913	1.0572186708450317	1.4566766023635864	0.5952622294425964	1.0507266521453857	1.1997283697128296	0.0	0.0	0.7516015768051147	1.8557343482971191	1.8174700736999512	0.0	2.0303826332092285	0.0	0.8146237730979919	0.0	0.0	0.0	2.2031610012054443	2.163264513015747	0.0	0.616716206073761	0.04504026472568512	2.21063494682312
0.17428980767726898	0.0	0.1418159306049347	0.0	0.369862824678421	0.35439321398735046	1.1677154302597046	0.5218032002449036	0.0	1.2641204595565796	0.9553189277648926	0.0	0.0	1.0217350721359253	0.4041101038455963	0.0	1.3067517280578613	0.6762166023254395	1.7303707599639893	1.639647126197815	1.1069785356521606	0.0	0.32108765840530396	0.6297686696052551	1.1642165184020996	0.4138077199459076	0.0	0.23033541440963745	0.987196683883667	0.18998819589614868	0.0	0.0	0.0	1.2073827981948853	0.2513037621974945	0.4504377841949463	0.0	0.0	0.18488523364067078	0.9462335705757141	0.5141884684562683	0.4932243525981903	1.5367374420166016	0.4637848436832428	1.0762845277786255	1.2110388278961182	0.0	0.0	0.9882544875144958	2.0873420238494873	1.5680701732635498	0.0	2.138901710510254	0.0	0.9209173917770386	0.0	0.0	0.0	2.1992874145507812	2.033113956451416	0.0	0.7493579387664795	0.16293133795261383	1.9078572988510132
0.29304787516593933	0.0	0.343025267124176	0.0	0.4124094545841217	0.2515479028224945	1.0409749746322632	0.586918830871582	0.0	0.8165199756622314	0.873304009437561	0.0	0.0	1.4297348260879517	0.42962944507598877	0.2313573956489563	1.579594373703003	0.795995831489563	2.1141648292541504	1.7972979545593262	1.3652336597442627	0.0	0.0	0.6853473782539368	1.3546782732009888	0.3935853838920593	0.0	0.16182953119277954	0.6101968288421631	0.18956074118614197	0.0	0.33592769503593445	0.0	1.5269074440002441	0.1282869279384613	0.1622772514820099	0.0	0.0	0.14989759027957916	0.8784769177436829	0.30021876096725464	0.5327796936035156	1.3959852457046509	0.3368837535381317	0.9654592871665955	1.252472996711731	0.0	0.0	0.7772507667541504	1.9834436178207397	1.5345960855484009	0.0	2.249113082885742	0.0	0.8531679511070251	0.0	0.0	0.0	2.229269504547119	2.1995110511779785	0.0	0.8897527456283569	0.07175333797931671	1.9012843370437622
0.237928107380867	0.0	0.6471834182739258	0.0	0.7469568252563477	0.0	1.765458583831787	0.43748679757118225	0.0	1.099734902381897	0.9892202615737915	0.0	0.0	0.7571127414703369	0.0	0.19173260033130646	1.6359723806381226	0.6118674874305725	1.5327908992767334	1.5117915868759155	1.0555999279022217	0.0	0.0	0.8057745695114136	0.7081550359725952	0.8647340536117554	0.0	0.3605927526950836	0.7355478405952454	0.0	0.0	0.5277562737464905	0.0	1.3509883880615234	0.4275464415550232	0.6295220255851746	0.0	0.0	0.2976321578025818	1.1432660818099976	0.6650350093841553	0.8281390070915222	1.7506117820739746	0.35420119762420654	0.7774387001991272	1.2355018854141235	0.0	0.0	0.835012674331665	2.600647211074829	1.484607219696045	0.0	2.035478115081787	0.0	1.3030445575714111	0.0	0.0	0.0	2.377018690109253	1.9498114585876465	0.0	0.8969607353210449	0.12009654939174652	1.8735740184783936
0.5095826983451843	0.0	0.24675634503364563	0.0	1.063749074935913	0.0	1.5303668975830078	0.6640018224716187	0.0	0.953930139541626	0.6681458353996277	0.0	0.0	0.11164312809705734	0.2659067213535309	0.0	1.907334804534912	0.5565953254699707	1.448576807975769	1.0690642595291138	0.9393512010574341	0.0	0.0	0.9553003907203674	1.0277037620544434	1.5363919734954834	0.0	0.5396293997764587	0.28103166818618774	0.0	0.0	0.0	0.0	0.9678646922111511	0.0	1.030558466911316	0.0	0.0	0.599450409412384	0.9117680788040161	0.5148361325263977	0.6446030139923096	1.1487878561019897	0.33201828598976135	0.6212653517723083	1.0767511129379272	0.0	0.0	0.7105332612991333	2.814234733581543	1.2512506246566772	0.0	2.413672685623169	0.0	1.5310187339782715	0.0	0.0	0.0	1.9535924196243286	1.913974404335022	0.0	1.2031259536743164	0.0	1.5884370803833008
0.7362883687019348	0.0	0.600722074508667	0.0	0.6954942941665649	0.43172797560691833	1.7778428792953491	0.32700255513191223	0.0	1.2699110507965088	0.8020257949829102	0.0	0.0	0.4618214964866638	0.0797576904296875	0.03344547376036644	1.9225324392318726	0.4721229374408722	1.4832680225372314	1.3665155172348022	0.9234998822212219	0.0	0.0	0.9949227571487427	0.4687317907810211	1.2422664165496826	0.0	0.30146002769470215	1.0934123992919922	0.0	0.0	0.2389560341835022	0.0	1.2939060926437378	0.30572667717933655	0.8421220183372498	0.0	0.16542378067970276	0.4944825768470764	0.9681156873703003	0.6096962690353394	0.9362804293632507	1.4610925912857056	0.4240124225616455	0.7254835963249207	1.3032046556472778	0.0	0.0	0.8245331048965454	2.528308391571045	1.4284026622772217	0.0	1.9064244031906128	0.0	1.2739733457565308	0.0	0.0	0.0	2.0898571014404297	1.9269856214523315	0.0	0.7382149696350098	0.0	1.8679014444351196
0.29243555665016174	0.0	0.046664901077747345	0.0	0.5605024099349976	0.18204066157341003	1.32949960231781	0.5948734879493713	0.0	0.9374597072601318	1.089370608329773	0.0	0.0	1.144012212753296	0.08015669137239456	0.0	1.5496530532836914	0.5944969654083252	1.8104007244110107	1.7736824750900269	1.1251815557479858	0.0	0.0	0.579232931137085	1.2665945291519165	1.0983573198318481	0.0	0.1566195785999298	0.7989867329597473	0.0	0.0	0.38642436265945435	0.0	1.5414661169052124	0.36054545640945435	0.6474723219871521	0.0	0.07610565423965454	0.07257676124572754	0.8439915776252747	0.5118202567100525	0.5415626764297485	1.2801878452301025	0.44500070810317993	0.6195986866950989	1.0702922344207764	0.0	0.0	1.075073003768921	1.8645676374435425	1.8849925994873047	0.0	1.9203282594680786	0.0	0.8269023895263672	0.0	0.0	0.0	2.388615369796753	2.3304388523101807	0.0	0.5347785353660583	0.037348996847867966	1.8709383010864258
0.4979410767555237	0.0	0.28927865624427795	0.0	0.40628209710121155	0.20920591056346893	1.2504138946533203	0.6643436551094055	0.0	1.3084344863891602	1.1719870567321777	0.0	0.0	1.0281367301940918	0.4926599860191345	0.0	1.37163245677948	1.0744423866271973	2.101048231124878	1.7804514169692993	1.2875031232833862	0.0	0.0	0.43488606810569763	1.2676013708114624	1.2141265869140625	0.0	0.31606659293174744	0.8573883175849915	0.06698265671730042	0.0	0.22257789969444275	0.0	1.2796663045883179	0.1893015205860138	0.5628013610839844	0.0	0.0	0.6064813733100891	0.9831429719924927	0.3694094121456146	0.6721088886260986	1.3907015323638916	0.46365758776664734	0.9095020890235901	1.1054356098175049	0.0	0.0	1.0778788328170776	1.8674674034118652	1.8234697580337524	0.0	2.144862651824951	0.0	0.8323910236358643	0.0	0.0	0.0	2.316948175430298	2.2466297149658203	0.0	0.4630727469921112	0.1410137265920639	1.8142116069793701
0.40709593892097473	0.0	0.05640318617224693	0.0	0.359174519777298	0.6972709894180298	1.2749783992767334	0.4684015214443207	0.0	1.0698649883270264	1.158568263053894	0.0	0.0	1.2518088817596436	0.32287490367889404	0.00887296348810196	1.5068641901016235	0.5560241341590881	1.7891143560409546	1.5427281856536865	1.0749831199645996	0.0	0.20280104875564575	0.7975213527679443	1.1641371250152588	1.2965768575668335	0.0	0.26312580704689026	0.5787858963012695	0.02562090940773487	0.0	0.25423189997673035	0.0	1.1658341884613037	0.23816938698291779	0.5075357556343079	0.0	0.0	0.04579446092247963	0.9908381700515747	0.5419336557388306	0.5586346983909607	1.375124454498291	0.3916216194629669	0.705420970916748	1.1871123313903809	0.0	0.0	1.1033616065979004	2.0935866832733154	1.4800000190734863	0.0	2.3662216663360596	0.0	0.8193454742431641	0.0	0.0	0.0	1.9977002143859863	2.1938960552215576	0.0	0.7541321516036987	0.041555825620889664	2.033947706222534
0.12750250101089478	0.0	0.39534518122673035	0.0	0.5077046751976013	0.3347114026546478	1.1641675233840942	0.7943300008773804	0.0	1.424141764640808	0.9904341101646423	0.0	0.0	1.1443148851394653	0.5420422554016113	0.0	1.5683730840682983	1.3555316925048828	2.443922519683838	1.8059784173965454	1.2366058826446533	0.0	0.061646413058042526	0.6380787491798401	1.2864753007888794	0.5365391969680786	0.0	0.0	1.2745604515075684	0.42618539929389954	0.0	0.2679003179073334	0.0	1.2708145380020142	0.3255418539047241	0.20996302366256714	0.0	0.0	0.48129475116729736	0.9513203501701355	0.18056261539459229	0.928871214389801	1.2693341970443726	0.3814304769039154	0.9505959153175354	1.299713373184204	0.0	0.0	0.9817262887954712	1.6818139553070068	2.0646395683288574	0.0	2.2313671112060547	0.0	1.0273079872131348	0.0	0.0	0.0	2.343177080154419	2.0844943523406982	0.0	0.5713854432106018	0.26917916536331177	2.1060543060302734
0.27098599076271057	0.0	0.15648160874843597	0.0	0.5799071788787842	0.6498781442642212	1.3455089330673218	0.37819740176200867	0.0	1.3124531507492065	1.0902986526489258	0.0	0.0	1.079898476600647	0.3833211362361908	0.11437429487705231	1.5985889434814453	0.5736818313598633	1.8533273935317993	1.6947178840637207	1.111633539199829	0.0	0.0	0.7607325315475464	1.1035853624343872	0.9921849966049194	0.0	0.5315539240837097	0.7194629907608032	0.003543430706486106	0.0	0.30572280287742615	0.0	1.305993914604187	0.19355899095535278	0.5027686953544617	0.0	0.0	0.22627176344394684	0.883449912071228	0.3843126893043518	0.6780224442481995	1.2694681882858276	0.5290440320968628	0.7613310813903809	1.1438863277435303	0.0	0.0	1.1528401374816895	2.287365198135376	1.7557951211929321	0.0	2.2023537158966064	0.0	1.0333374738693237	0.0	0.0	0.0	2.2999625205993652	2.2724995613098145	0.0	0.6505376100540161	0.1585850566625595	1.874584436416626
0.10256713628768921	0.0	0.044128093868494034	0.0	0.4907083511352539	0.0	1.0398576259613037	0.7629528045654297	0.0	1.3820276260375977	0.9518618583679199	0.0	0.0	1.0656468868255615	0.6579380631446838	0.0	1.4662206172943115	1.5576605796813965	2.419699192047119	1.8800560235977173	1.2790770530700684	0.0	0.0	0.5157997608184814	1.9113917350769043	0.6983386874198914	0.0	0.07242828607559204	0.9059193730354309	0.3752673864364624	0.0	0.5102342367172241	0.0	1.3410871028900146	0.14824360609054565	0.621417760848999	0.0	0.0	0.5483729839324951	0.8729804754257202	0.28488826751708984	0.8798485398292542	1.338382363319397	0.3030436038970947	0.927117109298706	1.1678377389907837	0.0	0.0	1.0593246221542358	1.3680951595306396	1.7119759321212769	0.0	2.1901345252990723	0.0	1.0448691844940186	0.0	0.0	0.0	2.237781524658203	2.2147505283355713	0.0	0.1233295127749443	0.2211529016494751	1.9522922039031982
0.730790376663208	0.0	0.11898241937160492	0.0	0.8550574779510498	0.0	1.5313013792037964	0.2655206322669983	0.0	0.9422525763511658	0.5660011172294617	0.0	0.0	0.0701930969953537	0.45107051730155945	0.0	1.6718097925186157	0.6558809876441956	1.4337249994277954	1.0040204524993896	1.1110036373138428	0.0	0.0	0.9558292627334595	1.2683333158493042	1.717969536781311	0.0	0.6341497898101807	0.32526716589927673	0.0	0.0	0.0	0.0	1.0260040760040283	0.0	1.0977705717086792	0.0	0.0	0.5951536297798157	0.8756397366523743	0.5394815802574158	0.45826923847198486	1.0286297798156738	0.3620278835296631	0.6914073824882507	1.1855076551437378	0.0	0.0	0.9270625710487366	2.8971171379089355	1.0184897184371948	0.0	2.3496129512786865	0.0	1.5496350526809692	0.0	0.0	0.0	1.882035255432129	2.065422773361206	0.0	0.9878382682800293	0.30580422282218933	1.5390305519104004
0.4153817594051361	0.0	0.23718774318695068	0.0	0.5029881000518799	0.0	1.6201249361038208	0.4728728234767914	0.0	1.5000619888305664	0.7596522569656372	0.0	0.0	0.33587098121643066	0.574421226978302	0.016985800117254257	1.7962226867675781	0.6470142006874084	1.5423729419708252	1.3725545406341553	1.185319185256958	0.0	0.0	0.8087220788002014	1.078364372253418	1.1973795890808105	0.0	0.6811907291412354	0.8738577961921692	0.0	0.0	0.0	0.0	1.249556064605713	0.245830699801445	0.9370084404945374	0.0	0.019120533019304276	0.7017778754234314	0.8230118751525879	0.6226186752319336	0.4586404263973236	1.4207452535629272	0.41602203249931335	0.7361867427825928	1.38766348361969	0.0	0.0	0.7431850433349609	2.424468517303467	1.3790608644485474	0.0	1.9855060577392578	0.0	1.3315595388412476	0.0	0.0	0.0	2.0193634033203125	1.9803777933120728	0.0	0.8088799118995667	0.0	1.7880200147628784
0.27249130606651306	0.0	0.14705318212509155	0.0	0.6660680174827576	0.0797777771949768	1.0332592725753784	0.7397591471672058	0.0	1.081358790397644	1.01497220993042	0.0	0.0	1.187983512878418	0.5806058645248413	0.0	1.3572858572006226	1.1292171478271484	2.0155177116394043	1.7892358303070068	1.335800051689148	0.0	0.0	0.5295581221580505	1.2857167720794678	0.8165267109870911	0.0	0.3761904537677765	0.9312585592269897	0.08999364078044891	0.0	0.04098232463002205	0.0	1.2921068668365479	0.08697882294654846	0.3021783232688904	0.0	0.0	0.4259520173072815	0.7150234580039978	0.37387651205062866	0.6597326993942261	1.30520498752594	0.42154404520988464	0.7336599230766296	1.0585311651229858	0.0	0.0	0.9988826513290405	1.8504587411880493	1.7207691669464111	0.0	2.022963047027588	0.0	0.8138615489006042	0.0	0.0	0.0	2.2101094722747803	2.262429714202881	0.0	0.5889522433280945	0.17724397778511047	1.7270087003707886
0.251038521528244	0.0	0.1542292684316635	0.0	0.6634699702262878	0.0	1.4499669075012207	0.41134384274482727	0.0	0.9343433976173401	0.9906178712844849	0.0	0.0	0.740993082523346	0.08666621893644333	0.4688343405723572	1.4928263425827026	0.4039326310157776	1.6961019039154053	1.337925910949707	0.9608425498008728	0.0	0.0	1.055774450302124	0.6753473877906799	0.9098722338676453	0.0	0.6731470823287964	1.0321069955825806	0.0	0.0	0.20671653747558594	0.0	1.3419561386108398	0.22054779529571533	0.536217212677002	0.0	0.09598810225725174	0.5405130386352539	0.8073030710220337	0.6613486409187317	0.7198635935783386	1.591493844985962	0.30830293893814087	0.9772465229034424	1.0909450054168701	0.0	0.0	0.985439121723175	2.505768299102783	1.5015177726745605	0.0	2.107048511505127	0.0	1.2434394359588623	0.0	0.0	0.0	2.166165828704834	1.939969539642334	0.0	1.3378595113754272	0.09063100069761276	2.0272202491760254
0.1039171889424324	0.0	0.08104386925697327	0.0	0.7249348163604736	0.17612406611442566	1.3617804050445557	0.8518099188804626	0.0	1.3747035264968872	1.2275007963180542	0.0	0.0	1.195372223854065	0.45572391152381897	0.0	1.3025720119476318	1.3112540245056152	2.32000732421875	1.8728759288787842	1.082384705543518	0.0	0.0	0.7430640459060669	1.2394678592681885	0.6467041969299316	0.0	0.0	1.15976083278656	0.3789849877357483	0.0	0.4702293574810028	0.0	1.0237442255020142	0.21732671558856964	0.4599076807498932	0.0	0.05287269130349159	0.26591411232948303	0.8303912878036499	0.46669629216194153	1.1874829530715942	1.454307198524475	0.1579699069261551	0.9180868268013	1.2525734901428223	0.0	0.0	1.1244159936904907	1.767881989479065	2.1559247970581055	0.0	2.137129068374634	0.0	0.6580328941345215	0.0	0.0	0.0	2.2305448055267334	2.0941431522369385	0.0	0.19048777222633362	0.3540900945663452	2.115518093109131
0.6636978387832642	0.0	0.09390419721603394	0.0	0.5372500419616699	0.0	1.5465036630630493	0.3426160216331482	0.0	1.2216248512268066	0.6415674686431885	0.0	0.0	0.0594574473798275	0.4029957950115204	0.0	1.5866172313690186	0.5110200643539429	1.5212496519088745	1.1038663387298584	0.9820823669433594	0.0	0.0	1.0290528535842896	1.0744168758392334	1.7004516124725342	0.0	0.5066903829574585	0.5158624649047852	0.0	0.0	0.0	0.0	0.8650450110435486	0.0	0.8453449010848999	0.0	0.0	0.6364783644676208	0.8806829452514648	0.6260868906974792	0.2151152789592743	1.1424009799957275	0.47803089022636414	0.6708947420120239	1.1574782133102417	0.0	0.0	1.0596139430999756	2.7898499965667725	1.1131144762039185	0.0	2.2563583850860596	0.0	1.5468939542770386	0.0	0.0	0.0	2.0284857749938965	1.9434973001480103	0.0	0.945438027381897	0.0	1.499021291732788
0.7618765830993652	0.0	0.41874200105667114	0.0	0.6373107433319092	0.0	1.480649471282959	0.07705860584974289	0.0	0.8312258720397949	0.5157604217529297	0.0	0.0	0.0	0.09766732156276703	0.0	1.7889541387557983	0.4365726411342621	1.0414364337921143	1.028171420097351	1.1360121965408325	0.0	0.0	1.163587212562561	0.9255073666572571	1.6646959781646729	0.0	0.4215710461139679	0.3643758296966553	0.0	0.0	0.0	0.0	0.8842713832855225	0.0	1.2093942165374756	0.0	0.0	0.5078706741333008	0.776872992515564	0.6312724351882935	0.30598708987236023	1.0395058393478394	0.30811452865600586	0.6565626859664917	1.3117679357528687	0.0	0.0	0.9338334798812866	2.936889886856079	1.053331732749939	0.0	2.013193368911743	0.0	1.3341864347457886	0.0	0.0	0.0	1.8469685316085815	1.888288140296936	0.0	0.33332329988479614	0.0	1.3912076950073242
0.5137612223625183	0.0	0.07057485729455948	0.0	0.7812193036079407	0.0	1.5639413595199585	0.3265831172466278	0.0	0.8758292198181152	0.7073407769203186	0.0	0.0	0.06960175931453705	0.29820576310157776	0.0	1.6691876649856567	0.49491646885871887	1.3050878047943115	1.204902172088623	0.9966357946395874	0.0	0.0	0.9908620119094849	0.8921058773994446	1.3574243783950806	0.0	0.7079247832298279	0.6666167974472046	0.0	0.0	0.0	0.0	0.9771550893783569	0.0	1.1884148120880127	0.0	0.0	0.7009499669075012	0.8017075061798096	0.7254312634468079	1.0093637704849243	1.3398984670639038	0.3602008521556854	0.5898416638374329	1.2629667520523071	0.0	0.0	1.011857032775879	2.772069215774536	1.2752070426940918	0.0	2.033231258392334	0.0	1.2145802974700928	0.0	0.0	0.0	1.9986892938613892	1.8632395267486572	0.0	0.6266475319862366	0.0	1.8651033639907837
0.07039393484592438	0.0	0.3294561803340912	0.0	0.6003202795982361	0.16031663119792938	1.0575507879257202	0.7941005229949951	0.0	1.2261989116668701	1.0876141786575317	0.0	0.0	1.0711958408355713	0.7235228419303894	0.04691373556852341	1.1742693185806274	1.404373288154602	2.247058153152466	1.794071912765503	1.425121545791626	0.0	0.0	0.5678777098655701	1.2678020000457764	0.4429404139518738	0.0	0.16401255130767822	1.0501761436462402	0.29933711886405945	0.0	0.39671164751052856	0.0	1.1857529878616333	0.55681312084198	0.3865409195423126	0.0	0.0	0.5814208984375	0.8739876747131348	0.325662761926651	0.843559205532074	1.493545413017273	0.23590199649333954	1.005409836769104	1.1507341861724854	0.0	0.0	1.1499035358428955	1.981917142868042	1.8071174621582031	0.0	1.8985283374786377	0.0	0.7855029702186584	0.0	0.0	0.0	2.3307409286499023	2.2198565006256104	0.0	0.2349063903093338	0.2972428500652313	1.8913224935531616
0.211667999625206	0.0	0.0	0.0	0.48154890537261963	0.1723777800798416	1.056050419807434	0.3810065984725952	0.0	1.1763118505477905	0.9093189239501953	0.0	0.0	1.166698694229126	0.25054797530174255	0.030531108379364014	1.4713226556777954	0.7284703254699707	1.750831127166748	1.7480854988098145	1.0132724046707153	0.0	0.09445181488990784	1.1000794172286987	0.6807923913002014	0.8372730016708374	0.0	0.23772141337394714	0.8011178374290466	0.0783287063241005	0.0	0.3536711037158966	0.0	1.1443623304367065	0.0	0.0860551968216896	0.0	0.0	0.0	1.089430570602417	0.2603026032447815	0.8194825053215027	1.4343938827514648	0.37273240089416504	1.0412225723266602	1.068011999130249	0.0	0.0	0.612467885017395	1.7852932214736938	1.454834222793579	0.0	2.0501296520233154	0.0	1.1819000244140625	0.0	0.0	0.03554072976112366	2.2610890865325928	2.0054118633270264	0.0	1.064042329788208	0.4828414022922516	2.056074380874634
0.10177715867757797	0.0	0.19786055386066437	0.0	0.4766644835472107	0.573487401008606	1.0873053073883057	0.43700966238975525	0.0	0.9343940615653992	1.0665862560272217	0.0	0.0	1.306361198425293	0.5401564836502075	0.0	1.5264638662338257	0.893159031867981	2.429727554321289	1.9554927349090576	1.3094369173049927	0.0	0.11581331491470337	0.6274515986442566	1.693162202835083	0.7960019111633301	0.0	0.0	0.6480910181999207	0.22343286871910095	0.0	0.5672976970672607	0.0	1.3365354537963867	0.3503979444503784	0.11873717606067657	0.0	0.0	0.29485681653022766	0.9930309653282166	0.2653902769088745	0.3711380362510681	1.1694716215133667	0.2545737624168396	0.5829967260360718	1.1494032144546509	0.0	0.0	0.9021363854408264	1.4966446161270142	1.6319763660430908	0.0	2.107309103012085	0.0	1.1406410932540894	0.0	0.0	0.0	2.168699026107788	2.3370563983917236	0.0	0.7855434417724609	0.0	1.9514763355255127
0.24204392731189728	0.0	0.4258374571800232	0.0	0.4602189362049103	0.2600729763507843	1.2405736446380615	0.5719863176345825	0.0	1.0551625490188599	1.0090465545654297	0.0	0.0	1.5422217845916748	0.5920766592025757	0.0032921014353632927	1.2657558917999268	0.6339131593704224	2.239089012145996	1.7916948795318604	1.1141867637634277	0.0	0.33836039900779724	0.9254682660102844	1.429747223854065	1.2440143823623657	0.0	0.09152375906705856	0.7866538763046265	0.13962681591510773	0.0	0.4051275849342346	0.0	1.257777214050293	0.561567485332489	0.29478076100349426	0.0	0.0	0.21797843277454376	0.952113926410675	0.5167551636695862	0.36238110065460205	1.3427982330322266	0.4846498668193817	0.8044574856758118	1.0245473384857178	0.0	0.0	1.1215201616287231	2.1035873889923096	1.9347467422485352	0.0	2.1352150440216064	0.0	1.3639823198318481	0.0	0.0	0.0	2.345261812210083	2.362924575805664	0.0	0.8771345615386963	0.35642892122268677	1.7995437383651733
0.5383067727088928	0.0	0.07034321874380112	0.0	0.7107665538787842	0.0	1.3957006931304932	0.32099205255508423	0.0	0.928638219833374	0.6330658197402954	0.0	0.0	0.45430412888526917	0.004607257898896933	0.0	1.4673657417297363	0.35199201107025146	1.0412205457687378	1.1211369037628174	0.9405063986778259	0.0	0.0	1.2078945636749268	0.46528416872024536	1.2391499280929565	0.0	0.5100283622741699	0.8236009478569031	0.0	0.0	0.08162936568260193	0.0	1.2408981323242188	0.0	0.7224527597427368	0.0	0.0	0.29428431391716003	0.8196617364883423	0.5677790641784668	0.7060938477516174	1.4542210102081299	0.5436023473739624	0.8616235852241516	1.2236677408218384	0.0	0.0	1.0213184356689453	2.7795250415802	1.353502869606018	0.0	2.296689748764038	0.0	1.2347816228866577	0.0	0.0	0.0	2.0846991539001465	1.8784183263778687	0.0	1.059179663658142	0.0	1.9378423690795898
0.23006188869476318	0.0	0.1888522207736969	0.0	0.3920852541923523	0.0	1.1258361339569092	0.7481342554092407	0.0	1.2720261812210083	1.1745139360427856	0.0	0.0	1.2025529146194458	0.49188652634620667	0.0	1.25816810131073	0.9716448187828064	1.8644111156463623	1.7793121337890625	1.1836879253387451	0.0	0.0	0.6218037605285645	1.2176909446716309	0.9343346357345581	0.0	0.02473575435578823	0.7746325731277466	0.23504790663719177	0.0	0.1498454511165619	0.0	1.3263877630233765	0.21627840399742126	0.6281068325042725	0.0	0.0	0.5184347033500671	0.9242907166481018	0.4463152587413788	0.5867551565170288	1.4292274713516235	0.5160307884216309	0.8348725438117981	1.1212036609649658	0.0	0.0	1.1381487846374512	2.3047423362731934	1.80917227268219	0.0	2.2906601428985596	0.0	0.7488268613815308	0.0	0.0	0.0	2.26271390914917	2.2159106731414795	0.0	0.5508781671524048	0.14889217913150787	2.0253524780273438
0.277113139629364	0.04493645206093788	0.23937734961509705	0.0	0.01858215034008026	0.36432895064353943	0.917568564414978	0.6469234824180603	0.0	1.1225535869598389	1.12767493724823	0.0	0.0	1.496829628944397	0.48591139912605286	0.0010658763349056244	1.1726547479629517	1.1297773122787476	2.486837863922119	2.0540378093719482	1.3058669567108154	0.0	0.3136942386627197	0.8653386831283569	1.5638951063156128	1.0298339128494263	0.0	0.018066303804516792	0.9812175035476685	0.15403075516223907	0.0	0.6810095310211182	0.0	1.2846906185150146	0.5049943923950195	0.288959264755249	0.0	0.0	0.31392884254455566	1.190569519996643	0.517569899559021	0.9333433508872986	1.3797707557678223	0.21301810443401337	0.7433790564537048	0.939055860042572	0.0	0.0	1.1239659786224365	1.752593755722046	1.896612286567688	0.0	2.0136678218841553	0.0	0.845457911491394	0.0	0.0	0.0	2.3476247787475586	2.176453113555908	0.0	0.4833589792251587	0.2677927613258362	2.0217320919036865
0.7621262669563293	0.0	0.5343228578567505	0.0	0.6763377785682678	0.29705971479415894	1.5464075803756714	0.379655659198761	0.0	0.8995701670646667	0.6435050964355469	0.0	0.0	0.3104598820209503	0.062103066593408585	0.0	1.9971779584884644	0.519263744354248	1.4617921113967896	0.9477677941322327	1.1486960649490356	0.0	0.0	0.9919135570526123	0.9590885639190674	1.8799244165420532	0.0	0.6966034770011902	0.34956029057502747	0.0	0.0	0.017475616186857224	0.0	1.4966727495193481	0.0	1.0291320085525513	0.0	0.0	1.0138834714889526	0.8753796815872192	0.601357102394104	0.8391796350479126	1.113918423652649	0.3509003818035126	0.6061038970947266	1.2055045366287231	0.0	0.0	0.827375054359436	3.0337681770324707	1.1710745096206665	0.0	1.95924973487854	0.0	1.508901596069336	0.0	0.0	0.0	1.943247675895691	2.1309874057769775	0.0	0.8459163308143616	0.0	1.8794047832489014
0.1173923909664154	0.0	0.6214695572853088	0.0	0.756700336933136	0.09908639639616013	1.8690946102142334	0.6989071369171143	0.0	1.422275424003601	0.9739055633544922	0.0	0.0	0.0	0.39094874262809753	0.8709859848022461	1.4654035568237305	0.18796192109584808	1.6977289915084839	1.1135255098342896	0.7370474934577942	0.0	0.6891043186187744	1.2127320766448975	0.727855920791626	1.832124948501587	0.0	0.6842406988143921	0.8493701219558716	0.0755503922700882	0.0	0.4206821918487549	0.0	0.9057164192199707	0.6083709001541138	1.3466746807098389	0.0	0.0	0.4375171363353729	1.24436616897583	0.8197384476661682	0.6946503520011902	1.1934361457824707	0.0	0.7188577055931091	1.2247341871261597	0.0	0.0	1.5482648611068726	3.4254798889160156	1.2566391229629517	0.0	2.8240139484405518	0.0	1.6179406642913818	0.0	0.0	0.0	2.0345234870910645	1.9120031595230103	0.0	1.5908643007278442	0.47397613525390625	2.1690168380737305
0.13916800916194916	0.0	0.12522606551647186	0.0	0.25474825501441956	0.0	1.2083336114883423	1.051789402961731	0.0	1.298845887184143	1.0387439727783203	0.0	0.0	1.339235782623291	0.42522379755973816	0.0	1.2870922088623047	0.6890910267829895	2.2143239974975586	1.6388795375823975	1.1549535989761353	0.0	0.0	0.9400568604469299	1.1687877178192139	0.7399207949638367	0.0	0.4656613767147064	0.8954022526741028	0.06934709846973419	0.0	0.6432940363883972	0.0	1.4347517490386963	0.43607988953590393	0.20905523002147675	0.0	0.0	0.02470344677567482	0.8830928802490234	0.3266303241252899	0.6881309151649475	1.3975626230239868	0.5119692087173462	0.8981569409370422	1.200284719467163	0.0	0.0	0.9222151637077332	2.1264100074768066	1.782692313194275	0.0	2.0926175117492676	0.0	0.8682442307472229	0.0	0.0	0.0	2.2488200664520264	2.2562410831451416	0.0	0.7450060248374939	0.2171996384859085	1.9826627969741821
0.7326990962028503	0.0	0.17207004129886627	0.0	0.5112598538398743	0.0	1.5795814990997314	0.15904130041599274	0.0	0.7185310125350952	0.485920786857605	0.0	0.0	0.0	0.2060958445072174	0.0	1.6405221223831177	0.3830215632915497	1.4362074136734009	1.041311502456665	1.162003755569458	0.0	0.0	0.8692411780357361	0.9379504919052124	1.7283648252487183	0.0	0.5842742323875427	0.5601940751075745	0.0	0.0	0.0	0.0	1.1249037981033325	0.0	0.8245846033096313	0.0	0.0	0.4913080036640167	0.9240309000015259	0.6086454391479492	0.37762197852134705	1.2844593524932861	0.5113495588302612	0.6271227598190308	1.076671838760376	0.0	0.0	0.8910419940948486	2.9938063621520996	1.0946977138519287	0.0	2.4226012229919434	0.0	1.5858910083770752	0.0	0.0	0.0	1.9077844619750977	2.0439207553863525	0.0	1.1936941146850586	0.0	1.4867689609527588
0.23403014242649078	0.0	0.0	0.0	0.36788681149482727	0.0	1.2243521213531494	0.7346503734588623	0.0	1.1006885766983032	1.0380282402038574	0.0	0.0	1.0188796520233154	0.3024415075778961	0.0033802606631070375	1.3524229526519775	0.9560439586639404	2.005019426345825	1.7674131393432617	1.2481670379638672	0.0	0.0	0.6167256832122803	1.0715668201446533	0.7216110825538635	0.0	0.20112687349319458	0.8797760605812073	0.015349048189818859	0.0	0.0790160745382309	0.0	1.3840121030807495	0.15544691681861877	0.5776600241661072	0.0	0.0	0.465432345867157	0.8166766166687012	0.4287584722042084	0.8019089102745056	1.3691984415054321	0.37216421961784363	0.7905235290527344	1.181774377822876	0.0	0.0	0.9425131678581238	2.0191211700439453	1.6295639276504517	0.0	2.3646531105041504	0.0	0.7932049632072449	0.0	0.0	0.0	2.2978711128234863	2.1753640174865723	0.0	0.6548441052436829	0.09617555141448975	1.7709028720855713
0.1374737173318863	0.0	0.021770726889371872	0.0	0.5105940103530884	0.0735522136092186	1.2337383031845093	0.5751842856407166	0.0	1.154664397239685	1.0148378610610962	0.0	0.0	1.2898766994476318	0.48998934030532837	0.0	1.3218291997909546	1.1908187866210938	2.0140037536621094	1.8508570194244385	1.1115515232086182	0.0	0.0	0.6650864481925964	1.1360151767730713	0.5134031772613525	0.0	0.3702377378940582	0.8984962105751038	0.5100015997886658	0.0	0.43051278591156006	0.0	1.3519619703292847	0.32791411876678467	0.6278153657913208	0.0	0.0	0.1824341118335724	0.8372620344161987	0.34190109372138977	0.6827443242073059	1.4011952877044678	0.3342058062553406	0.6989406943321228	1.2543829679489136	0.0	0.0	0.9393497705459595	1.6581065654754639	1.5513640642166138	0.0	2.2440648078918457	0.0	0.8098664283752441	0.0	0.0	0.0	2.141585111618042	2.226400375366211	0.0	0.5291897654533386	0.010287721641361713	1.9092419147491455
0.2509956359863281	0.0	0.1250344067811966	0.0	0.4078812897205353	0.0	1.232335090637207	0.881894052028656	0.0	1.135191798210144	1.0751421451568604	0.0	0.0	1.2217541933059692	0.3965458571910858	0.0	1.5140267610549927	1.0002590417861938	2.0220255851745605	1.8093775510787964	1.1847025156021118	0.0	0.0	0.6613312363624573	1.1928743124008179	0.8474891781806946	0.0	0.32749900221824646	0.7772961854934692	0.04999551549553871	0.0	0.09441438317298889	0.0	1.3080862760543823	0.1950867474079132	0.539580762386322	0.0	0.0	0.4908290505409241	0.9676651358604431	0.3818785548210144	0.7016321420669556	1.5066196918487549	0.36734339594841003	0.7084268927574158	1.1788371801376343	0.0	0.0	1.006941795349121	1.7742204666137695	2.004002094268799	0.0	1.9807791709899902	0.0	0.7390044927597046	0.0	0.0	0.0	2.3859260082244873	2.1233890056610107	0.0	0.5248138308525085	0.3025876581668854	1.8572698831558228
0.2895815074443817	0.0	0.1648930460214615	0.0	0.7611790895462036	0.0	1.5900996923446655	0.49844983220100403	0.0	1.1099690198898315	0.8849874138832092	0.0	0.0	1.0137313604354858	0.2673857510089874	0.0	1.3806017637252808	0.7283585667610168	1.9117367267608643	1.7171190977096558	1.1622509956359863	0.0	0.0	0.6699304580688477	0.8696791529655457	0.7607775330543518	0.0	0.24659284949302673	0.815563440322876	0.0	0.0	0.09047449380159378	0.0	1.5935213565826416	0.48531997203826904	0.6904932260513306	0.0	0.030125873163342476	0.25916552543640137	0.7424301505088806	0.46259886026382446	0.6803662180900574	1.282820463180542	0.448433518409729	0.8337415456771851	1.1871511936187744	0.0	0.0	1.0032024383544922	1.9065383672714233	1.742545485496521	0.0	2.160432815551758	0.0	1.0414198637008667	0.0	0.0	0.0	2.1603236198425293	2.3322646617889404	0.0	0.6292675733566284	0.020596900954842567	1.8100130558013916
0.4932343661785126	0.0	0.248788520693779	0.0	1.1493536233901978	0.0	1.540088176727295	0.537295937538147	0.0	0.8765228986740112	0.8392077684402466	0.0	0.0	0.4254646599292755	0.16324280202388763	0.0	1.583068609237671	0.38704434037208557	1.3582091331481934	1.262683391571045	0.9683994054794312	0.0	0.0	1.1646639108657837	1.1522809267044067	1.5051246881484985	0.0	0.670840322971344	0.6070167422294617	0.0	0.0	0.0	0.0	1.2885199785232544	0.11299655586481094	1.0546387434005737	0.0	0.14970427751541138	0.5615293979644775	1.0383352041244507	0.8892925977706909	0.8243845105171204	1.3328534364700317	0.3188515603542328	0.8500449061393738	1.15522038936615	0.0	0.0	1.2852641344070435	3.047724723815918	1.4968817234039307	0.0	2.4621291160583496	0.0	1.5054337978363037	0.0	0.0	0.0	1.925249695777893	1.8851217031478882	0.0	0.8576748967170715	0.0	1.815496563911438
0.038720302283763885	0.0	0.07496792823076248	0.0	0.46620795130729675	0.44679194688796997	1.35479736328125	0.4385526478290558	0.0	0.9938400983810425	1.037574291229248	0.0	0.0	1.3631458282470703	0.40875867009162903	0.0	1.4760665893554688	0.6608483195304871	2.0404739379882812	1.9293603897094727	1.1975799798965454	0.0	0.18441464006900787	0.7008756399154663	1.006428837776184	1.0094999074935913	0.0	0.05792872607707977	0.8811943531036377	0.2198537141084671	0.0	0.5816779732704163	0.0	1.2646108865737915	0.19260671734809875	0.40336185693740845	0.0	0.0	0.2246556580066681	0.7355539202690125	0.4359350800514221	0.7061530947685242	1.466451644897461	0.45655569434165955	0.809074342250824	1.2420549392700195	0.0	0.0	1.114424705505371	1.5349156856536865	1.6246088743209839	0.0	2.2107999324798584	0.0	0.6921606659889221	0.0	0.0	0.0	2.400451421737671	2.1149590015411377	0.0	0.8193117380142212	0.07904083281755447	2.108914613723755
0.08033950626850128	0.0	0.0	0.0	0.607640266418457	0.0	1.165562391281128	0.6759414672851562	0.0	1.0721147060394287	1.2209312915802002	0.0	0.0	1.334031581878662	0.3497067987918854	0.0	1.4230753183364868	1.0366474390029907	2.0542004108428955	1.8322861194610596	1.064141869544983	0.0	0.0	0.4165318012237549	1.105783462524414	0.7332068085670471	0.0	0.43556156754493713	0.7439684867858887	0.16285640001296997	0.0	0.18857787549495697	0.0	1.3058218955993652	0.2766021192073822	0.33405667543411255	0.0	0.0	0.2551662027835846	0.77370685338974	0.2548309564590454	0.5749019980430603	1.4072809219360352	0.41320931911468506	0.8011945486068726	1.1085294485092163	0.0	0.0	0.892003059387207	1.7592424154281616	1.7261790037155151	0.0	2.055631399154663	0.0	0.5524072647094727	0.0	0.0	0.0	2.2685885429382324	2.3942477703094482	0.0	0.5725451111793518	0.151152104139328	1.8907544612884521
0.31252315640449524	0.0	0.304071307182312	0.0	0.4395926892757416	0.0	1.48894202709198	0.5993208885192871	0.0	1.3023312091827393	0.9483902454376221	0.0	0.0	0.7773328423500061	0.2702089548110962	0.0	1.2980494499206543	0.5752633810043335	1.691906452178955	1.3338462114334106	0.8983747959136963	0.0	0.0	1.0819615125656128	0.9212557077407837	1.4694548845291138	0.0	0.42006587982177734	0.7598356008529663	0.0	0.0	0.1651826798915863	0.0	1.5312941074371338	0.46137797832489014	0.7658849358558655	0.0	0.2666344940662384	0.5120432376861572	0.7376714944839478	0.690418541431427	1.5929473638534546	1.4060903787612915	0.17993222177028656	0.7950526475906372	1.1950067281723022	0.0	0.0	1.0063883066177368	2.560967206954956	1.7970964908599854	0.0	2.0159997940063477	0.0	1.323145866394043	0.0	0.0	0.05166325345635414	2.3403611183166504	2.11462140083313	0.0	0.6243584752082825	0.27060243487358093	2.1520159244537354
0.5065243244171143	0.0	0.17872582376003265	0.0	0.5403797626495361	0.0	1.5170965194702148	0.32891610264778137	0.0	0.8998374342918396	0.6559966206550598	0.0	0.0	0.3968205153942108	0.37522250413894653	0.0	1.4973416328430176	0.43229034543037415	1.467619776725769	1.210203766822815	0.9766461253166199	0.0	0.0	1.0362520217895508	1.430191159248352	1.3774914741516113	0.0	0.4713497757911682	0.518215000629425	0.0	0.0	0.0	0.0	0.9115409851074219	0.0	0.7920557260513306	0.0	0.0	0.42542168498039246	0.7306998372077942	0.6764645576477051	0.3984667956829071	1.1554789543151855	0.3061317503452301	0.6791736483573914	1.1726336479187012	0.0	0.0	1.1225653886795044	2.753464460372925	1.2959402799606323	0.0	2.489794969558716	0.0	1.3301066160202026	0.0	0.0	0.0	1.9738105535507202	2.094280242919922	0.0	0.8237874507904053	0.14683079719543457	1.6703239679336548
0.3546420633792877	0.0	0.07190864533185959	0.0	0.21138249337673187	0.028798911720514297	1.2208846807479858	0.6008003354072571	0.0	0.9880043864250183	1.1188496351242065	0.0	0.0	1.2954230308532715	0.07570447772741318	0.0	1.3922119140625	0.43398022651672363	1.889639139175415	1.7812089920043945	1.1066871881484985	0.0	0.0	0.9001873135566711	0.9011771082878113	0.9261459112167358	0.0	0.14640125632286072	0.8312936425209045	0.22961559891700745	0.0	0.2670251131057739	0.0	1.3682780265808105	0.48405101895332336	0.5083944797515869	0.0	0.0	0.1383959949016571	1.0145272016525269	0.35443317890167236	0.7139195799827576	1.363429307937622	0.5102590918540955	0.718726634979248	1.0969390869140625	0.0	0.0	0.9689298868179321	1.8700486421585083	1.9512618780136108	0.0	2.0568342208862305	0.0	0.8159845471382141	0.0	0.0	0.0	2.2992851734161377	2.2991793155670166	0.14406515657901764	0.6008795499801636	0.1585991233587265	1.8295327425003052
0.38785219192504883	0.0	0.30942440032958984	0.0	0.5580154657363892	0.14363273978233337	1.4037808179855347	0.8785498738288879	0.0	1.3745031356811523	1.2028182744979858	0.0	0.0	1.2064058780670166	0.776068925857544	0.0	1.340419888496399	1.2796008586883545	2.47263240814209	2.0196709632873535	1.3083165884017944	0.0	0.0	0.5554606914520264	1.4865047931671143	0.42233195900917053	0.0	0.0	1.1248875856399536	0.5141366720199585	0.0	0.42460301518440247	0.0	1.3451050519943237	0.0	0.4136955142021179	0.0	0.0	0.6745150685310364	1.0197396278381348	0.18164493143558502	1.324193000793457	1.3141260147094727	0.38166123628616333	0.8979178071022034	1.1398329734802246	0.0	0.0	1.0159095525741577	1.666921854019165	1.9760609865188599	0.0	1.9393625259399414	0.0	0.9785025119781494	0.0	0.0	0.0	2.4565207958221436	2.1589128971099854	0.0	0.09665868431329727	0.4186824560165405	1.8898160457611084
0.531893789768219	0.0	0.1802539974451065	0.0	0.49538546800613403	0.0	1.6508641242980957	0.11427012085914612	0.0	1.048195719718933	0.7711727023124695	0.0	0.0	0.2556571960449219	0.042266517877578735	0.012322132475674152	1.575848937034607	0.42070531845092773	1.4699152708053589	1.154978632926941	1.0877139568328857	0.0	0.0	1.229262351989746	0.7809920310974121	1.5649139881134033	0.0	0.6105878353118896	0.7006236910820007	0.0	0.0	0.0	0.0	1.157477855682373	0.0	0.8591533899307251	0.0	0.0	0.3341263234615326	1.158418893814087	0.5758716464042664	0.5963869690895081	1.3761258125305176	0.35433006286621094	0.8485161662101746	1.1566693782806396	0.0	0.0	0.8112512826919556	2.8957178592681885	1.2082380056381226	0.0	2.0855495929718018	0.0	1.384746789932251	0.0	0.0	0.0	2.0079715251922607	2.0357768535614014	0.0	0.8163435459136963	0.07687244564294815	1.7294257879257202
0.8724552989006042	0.0	0.6382272243499756	0.0	0.6427848935127258	0.4722021520137787	1.5195884704589844	0.20650222897529602	0.0	0.9917253851890564	0.9868848323822021	0.4398992657661438	0.0	0.6220545768737793	0.14411740005016327	0.23781707882881165	1.9729171991348267	0.43199658393859863	1.3851561546325684	1.2447179555892944	0.7845460176467896	0.0	0.0	1.424201488494873	1.3729884624481201	1.5976519584655762	0.0	0.5981703996658325	0.22742068767547607	0.0	0.0	0.8111156225204468	0.0	1.290501356124878	0.12455378472805023	0.7903621792793274	0.0	0.0	0.4640277922153473	0.8497384786605835	0.6029902100563049	0.4713760018348694	0.8808984160423279	0.5766440033912659	0.46281176805496216	0.9681022763252258	0.0	0.0	0.849014937877655	2.8923983573913574	1.341274380683899	0.0	2.084991216659546	0.0	1.5292069911956787	0.0	0.0	0.0	2.1163549423217773	1.9797179698944092	0.0	0.9058954119682312	0.09731076657772064	1.5593217611312866
0.06004594638943672	0.0	0.019705915823578835	0.0	0.4968460202217102	0.0	1.1321592330932617	0.6590129733085632	0.0	1.3262932300567627	0.9097011089324951	0.0	0.0	1.1474004983901978	1.1365342140197754	0.0	1.2971769571304321	1.5043531656265259	2.4953842163085938	1.8246012926101685	1.4573099613189697	0.0	0.0	0.42045825719833374	1.2503310441970825	0.41136273741722107	0.0	0.03319746255874634	0.968920886516571	0.6375141739845276	0.0	0.4029885232448578	0.0	1.2767831087112427	0.0	0.1950148046016693	0.0	0.0	0.30554237961769104	0.5922499895095825	0.13645246624946594	1.140474796295166	1.5145649909973145	0.36418500542640686	0.9648127555847168	1.16713285446167	0.0	0.0	0.9397371411323547	1.7052603960037231	1.9562909603118896	0.0	2.0488834381103516	0.0	0.7522500157356262	0.0	0.0	0.0	2.19680118560791	2.16998028755188	0.0	0.40019655227661133	0.018491337075829506	1.807964563369751
0.26750585436820984	0.0	0.3561350107192993	0.0	0.5946203470230103	0.3475706875324249	1.4975756406784058	0.705930233001709	0.0	1.156012773513794	1.110954999923706	0.0	0.0	1.2940373420715332	0.26473698019981384	0.0	1.494261622428894	0.650383710861206	1.8414170742034912	1.7626796960830688	0.9848246574401855	0.0	0.0	0.8166989684104919	1.0685498714447021	0.7443951368331909	0.0	0.07233267277479172	0.7436607480049133	0.01284994650632143	0.0	0.5906675457954407	0.0	1.720746397972107	0.47887903451919556	0.44341444969177246	0.0	0.0	0.41966235637664795	0.712672233581543	0.2742801308631897	1.082206130027771	1.3175983428955078	0.5068255066871643	0.6177843809127808	1.1344428062438965	0.0	0.0	1.1792324781417847	1.8196955919265747	2.460568904876709	0.0	1.941828966140747	0.0	0.9591975212097168	0.0	0.0	0.0	2.3358728885650635	2.2613258361816406	0.0	0.6462960243225098	0.0	2.0220038890838623
0.10246729105710983	0.0	0.0	0.0	0.5058644413948059	0.0	1.1599675416946411	0.6051347255706787	0.0	1.2309116125106812	1.0041701793670654	0.0	0.0	1.2760343551635742	0.4296354353427887	0.0	1.3479145765304565	0.45391198992729187	2.0247642993927	1.8749586343765259	1.1566846370697021	0.0	0.0	0.5958676338195801	1.2682408094406128	1.1573524475097656	0.0	0.17801284790039062	0.742376446723938	0.11000228673219681	0.0	0.0033587899524718523	0.0	1.365305781364441	0.2662133276462555	0.5713971853256226	0.0	0.0	0.05372273176908493	1.0107386112213135	0.418428897857666	0.682611882686615	1.3787659406661987	0.2975131571292877	0.8341488838195801	1.1323997974395752	0.0	0.0	0.9654305577278137	2.0703084468841553	1.8558149337768555	0.0	1.8784345388412476	0.0	0.9096199870109558	0.0	0.0	0.01224595122039318	2.276914358139038	2.175046682357788	0.0	0.3164155185222626	0.16934074461460114	1.7984548807144165
0.248855322599411	0.0	0.14017771184444427	0.0	0.2412131279706955	0.1892990618944168	1.1991692781448364	0.8241193294525146	0.0	1.4926871061325073	1.29307222366333	0.0	0.0	1.2477574348449707	0.6257150173187256	0.0	1.321585774421692	1.0480167865753174	2.0259323120117188	1.7593166828155518	1.3120180368423462	0.0	0.0	0.7541269659996033	1.4236506223678589	0.7838139533996582	0.0	0.0	0.8156135678291321	0.26191771030426025	0.0	0.04775809124112129	0.0	1.3331040143966675	0.30141890048980713	0.5543038249015808	0.0	0.0	0.27411147952079773	0.9418033957481384	0.4346345067024231	0.6317504048347473	1.2940170764923096	0.27862492203712463	0.8764959573745728	1.0374774932861328	0.0	0.0	1.168377161026001	1.8860033750534058	1.6920688152313232	0.0	2.1183745861053467	0.0	0.9748871326446533	0.0	0.0	0.0	2.215888261795044	2.2861149311065674	0.0	0.5087828040122986	0.23757967352867126	1.8275442123413086
0.6234234571456909	0.0	0.20167119801044464	0.0	0.7362816333770752	0.0	1.6057015657424927	0.42720940709114075	0.0	0.9186286330223083	0.881187915802002	0.0	0.0	0.2919226884841919	0.15319769084453583	0.35081779956817627	1.5440020561218262	0.3412739038467407	1.288931131362915	1.112756609916687	1.008577823638916	0.0	0.0	0.9652628302574158	0.9096025228500366	1.4567734003067017	0.0	0.4720902740955353	0.49643075466156006	0.0	0.0	0.04133442044258118	0.0	1.2968121767044067	0.025785209611058235	0.9329685568809509	0.0	0.0	0.5169257521629333	0.9513620734214783	0.5299733281135559	0.694749653339386	1.31088387966156	0.47716426849365234	0.701580286026001	1.1316730976104736	0.0	0.0	1.0525190830230713	2.771482467651367	1.2787452936172485	0.0	2.5451390743255615	0.0	1.3475006818771362	0.0	0.0	0.0	2.0802626609802246	1.9389408826828003	0.0	1.1538898944854736	0.0	1.8828893899917603
0.5175694823265076	0.0	0.018765203654766083	0.0	0.5480632185935974	0.0	1.3548587560653687	0.473092645406723	0.0	1.1501566171646118	0.8936449289321899	0.0	0.0	0.9052882790565491	0.24916201829910278	0.09519317746162415	1.5529416799545288	0.5101237297058105	1.6861355304718018	1.7914149761199951	1.1274951696395874	0.0	0.0	0.8140542507171631	0.7052421569824219	1.1399173736572266	0.0	0.4011155664920807	0.6143789887428284	0.0	0.0	0.7837616801261902	0.0	1.4426275491714478	0.36631426215171814	0.7121598720550537	0.0	0.0	0.26783493161201477	1.1602864265441895	0.3409496545791626	0.6447523236274719	1.3701941967010498	0.43880850076675415	0.6565003991127014	1.2383383512496948	0.0	0.0	0.9206889867782593	1.841933250427246	1.6114280223846436	0.0	1.9529156684875488	0.0	0.8797294497489929	0.0	0.0	0.0	2.156348466873169	2.172778367996216	0.0	0.4976682960987091	0.0	1.8003076314926147
0.37884244322776794	0.0	0.5642772316932678	0.0	0.9058936238288879	0.7630993127822876	1.3371965885162354	0.5187742710113525	0.0	1.128495454788208	1.2614880800247192	0.0	0.0	1.0506645441055298	0.22744351625442505	0.06832054257392883	1.629414439201355	0.5967915654182434	1.6264255046844482	1.5932433605194092	0.9929149746894836	0.0	0.0	1.011057734489441	0.5022584795951843	0.7210529446601868	0.0	0.39831647276878357	1.033913254737854	0.0	0.0	0.37820518016815186	0.0	1.5726932287216187	0.05070409178733826	0.3454301953315735	0.0	0.0	0.2305392622947693	0.889573335647583	0.5239448547363281	0.8549572825431824	1.6249349117279053	0.5335965156555176	0.7859498262405396	1.1367639303207397	0.0	0.0	0.8339022994041443	2.084437131881714	1.9569649696350098	0.0	2.2750213146209717	0.0	0.9170304536819458	0.0	0.0	0.0	2.170297384262085	2.16784930229187	0.0	0.9461990594863892	0.09262100607156754	1.925754427909851
0.220062255859375	0.0	0.49254658818244934	0.0	0.6031980514526367	0.1027543917298317	1.0774383544921875	0.793163001537323	0.0	1.2387466430664062	1.1267433166503906	0.0	0.0	1.1691030263900757	0.3005392253398895	0.0	1.3069660663604736	1.2587968111038208	2.3214569091796875	1.7198114395141602	1.2806508541107178	0.0	0.0	0.7609261870384216	0.9699705839157104	0.6098031401634216	0.0	0.0	1.0489654541015625	0.3315316438674927	0.0	0.5565778017044067	0.0	1.402276635169983	0.14271484315395355	0.30589839816093445	0.0	0.0	0.7325252890586853	0.749311089515686	0.3395999073982239	0.9364719986915588	1.4949865341186523	0.4570252001285553	0.7743131518363953	1.0662317276000977	0.0	0.0	0.9392309784889221	1.761345386505127	1.9692559242248535	0.0	2.1445212364196777	0.0	0.8935095071792603	0.0	0.0	0.0	2.28403639793396	2.285410165786743	0.0	0.47462666034698486	0.14001719653606415	2.01640248298645
0.0	0.0	0.0	0.0	0.44348591566085815	0.3334504961967468	1.1561142206192017	0.7377312779426575	0.0	1.0255120992660522	0.9693707823753357	0.0	0.0	1.342934489250183	0.8171016573905945	0.0	1.584418773651123	1.2514190673828125	2.2799086570739746	1.9302905797958374	1.518723487854004	0.0	0.43299224972724915	0.7771612405776978	1.2488608360290527	0.14269009232521057	0.0	0.005977654829621315	0.8226019740104675	0.3826294243335724	0.0	0.2482018917798996	0.0	1.2273863554000854	0.027200989425182343	0.05812396481633186	0.0	0.0	0.05332251265645027	0.9914118647575378	0.12258435785770416	0.809101939201355	1.550439476966858	0.017470700666308403	0.9329444766044617	1.3324427604675293	0.0	0.0	0.7026455998420715	1.6568069458007812	1.3451377153396606	0.0	2.0200603008270264	0.0	0.9183053374290466	0.026318805292248726	0.0	0.0	2.112628936767578	1.7070822715759277	0.0	0.8377530574798584	0.5926624536514282	2.2700769901275635
0.5646638870239258	0.0	0.7355328798294067	0.0	0.7066639065742493	0.0	1.4605846405029297	0.27479562163352966	0.0	1.203951120376587	0.7388787865638733	0.0	0.0	0.5038944482803345	0.19278575479984283	0.0	1.9321281909942627	0.38141149282455444	1.372092366218567	1.2894699573516846	0.9335436820983887	0.0	0.0	0.9175503253936768	0.7284654378890991	1.8794130086898804	0.0	0.812831699848175	0.6995993852615356	0.0	0.0	0.1815887689590454	0.0	1.5168331861495972	0.0	1.0074833631515503	0.0	0.0	0.28960120677948	0.7840995192527771	0.43554478883743286	0.5636150240898132	1.1259920597076416	0.5277481079101562	1.0705891847610474	1.1941074132919312	0.0	0.0	0.7655553221702576	2.696660280227661	1.3184387683868408	0.0	2.5302574634552	0.0	1.283091425895691	0.0	0.0	0.0	2.138397693634033	2.058765172958374	0.0	0.9042790532112122	0.12453512847423553	1.833378791809082
0.3957012891769409	0.0	0.11064467579126358	0.0	0.6377465128898621	0.0	1.4210845232009888	0.4867294728755951	0.0	1.0326944589614868	0.5463300347328186	0.0	0.0	0.39323651790618896	0.18096081912517548	0.0	1.339547872543335	0.30351436138153076	1.597893476486206	1.0442464351654053	0.9383348822593689	0.0	0.0	1.089178204536438	0.7365522980690002	1.4440280199050903	0.0	0.6069847345352173	0.9023118615150452	0.0	0.0	0.0014296448789536953	0.0	1.2722183465957642	0.10867439955472946	0.9519559741020203	0.0	0.270725816488266	0.41567111015319824	0.7645111083984375	0.6610421538352966	0.7928155660629272	1.3384363651275635	0.3731951117515564	0.9141150712966919	1.3218967914581299	0.0	0.0	1.287911057472229	3.0379638671875	1.5369011163711548	0.0	2.1319994926452637	0.0	1.385981798171997	0.11029534041881561	0.0	0.0	2.0360591411590576	2.0945048332214355	0.0	0.9971821904182434	0.050968438386917114	1.8426342010498047
0.5656093955039978	0.0	0.32935672998428345	0.0	0.7439749240875244	0.10360074043273926	1.519049048423767	0.4735376238822937	0.0	1.267416000366211	0.7317546606063843	0.0	0.0	0.5550962090492249	0.21773941814899445	0.11698701977729797	1.4823601245880127	0.5275657176971436	1.7543190717697144	1.315058708190918	1.0548782348632812	0.0	0.10816699266433716	0.8533760905265808	0.9187671542167664	1.3620100021362305	0.0	0.7427707314491272	0.6504324078559875	0.0	0.0	0.007559485267847776	0.0	1.21173095703125	0.21532997488975525	0.8991461992263794	0.0	0.0	0.5330199003219604	0.9264799952507019	0.7558549046516418	0.5105750560760498	1.3970915079116821	0.3366573452949524	0.8737373948097229	1.2562510967254639	0.0	0.0	1.0796141624450684	2.647414445877075	1.2228450775146484	0.0	2.5116777420043945	0.0	1.2058318853378296	0.0	0.0	0.0	2.1628434658050537	2.1737420558929443	0.0	1.3663734197616577	0.07692862302064896	1.9926626682281494
0.16148929297924042	0.0	0.0	0.0	0.326781302690506	0.0	1.1390552520751953	0.41050419211387634	0.0	1.5447841882705688	1.1235214471817017	0.0	0.0	1.407545804977417	0.49651697278022766	0.0	1.4467726945877075	0.791960597038269	1.9793767929077148	1.7728242874145508	1.0650237798690796	0.0	0.22198522090911865	0.9024451375007629	1.24874746799469	0.629915177822113	0.0	0.3511670231819153	0.8175362348556519	0.47371360659599304	0.0	0.15287789702415466	0.0	1.2317214012145996	0.22847570478916168	0.447067528963089	0.0	0.0	0.14102418720722198	0.9937359094619751	0.29269328713417053	1.041678786277771	1.6899635791778564	0.36982017755508423	0.9352691173553467	1.243272066116333	0.0	0.0	0.8983951210975647	2.0109317302703857	1.7151819467544556	0.0	1.9156252145767212	0.0	0.9039431214332581	0.0	0.0	0.0	2.245086669921875	2.0279438495635986	0.0	0.5082489252090454	0.24910259246826172	2.0108120441436768
0.48143547773361206	0.0	0.3845197260379791	0.0	0.6753623485565186	0.2483883649110794	1.4100384712219238	0.35547009110450745	0.0	0.8411614298820496	0.9091432690620422	0.0	0.0	0.4669477343559265	0.14859630167484283	0.06355305016040802	1.5777441263198853	0.6678523421287537	1.4418106079101562	1.3592050075531006	1.0387049913406372	0.0	0.0	1.0414364337921143	0.8048144578933716	1.1247122287750244	0.0	0.36270904541015625	0.8311999440193176	0.0	0.0	0.2496192306280136	0.0	1.2599377632141113	0.0	0.8485271334648132	0.0	0.0	0.619216799736023	1.0212823152542114	0.4723907709121704	0.9559761881828308	1.4208873510360718	0.5480138063430786	0.9296339750289917	1.194268822669983	0.0	0.0	0.708091139793396	2.468198537826538	1.2431482076644897	0.0	2.2065389156341553	0.0	1.4505510330200195	0.0	0.0	0.0	2.190321922302246	1.9571939706802368	0.0	0.7168266177177429	0.2375224381685257	1.840718150138855
0.558868944644928	0.0	0.10610633343458176	0.0	0.8904283046722412	0.0	1.4896215200424194	0.5200838446617126	0.0	1.0825740098953247	0.8544202446937561	0.0	0.0	0.292696088552475	0.19011683762073517	0.17196311056613922	1.6345347166061401	1.2775286436080933	1.5891475677490234	1.3519361019134521	1.145992636680603	0.0	0.0	1.0244777202606201	0.7293896079063416	1.3520150184631348	0.0	0.4375999867916107	0.8320246934890747	0.20952646434307098	0.0	0.1974697858095169	0.0	1.565368413925171	0.2492777407169342	0.671450138092041	0.0	0.0	0.6320043802261353	0.8288893103599548	0.7055639624595642	0.8933451175689697	1.2178386449813843	0.20508524775505066	0.39759930968284607	1.364230751991272	0.0	0.0	1.107640266418457	2.796217679977417	1.832279086112976	0.0	2.179398536682129	0.0	1.4990673065185547	0.0	0.0	0.0	1.8818496465682983	1.9488155841827393	0.0	0.7271992564201355	0.0	1.7575864791870117
0.3729747235774994	0.0	0.0	0.0	0.28227901458740234	0.0	1.2483853101730347	0.6011016368865967	0.0	1.3026870489120483	1.0941120386123657	0.0	0.0	1.0213483572006226	0.2692030966281891	0.0	1.4226951599121094	0.9289938807487488	2.025251865386963	1.6906095743179321	1.2027183771133423	0.0	0.0	0.5972204208374023	1.1673027276992798	1.2225595712661743	0.0	0.1455734521150589	0.7934805750846863	0.012526524253189564	0.0	0.21995098888874054	0.0	1.3816674947738647	0.27125945687294006	0.4519970118999481	0.0	0.0	0.5167707204818726	0.8498925566673279	0.3624767065048218	0.9514057040214539	1.405280351638794	0.6055509448051453	0.8556137681007385	1.1246620416641235	0.0	0.0	1.0728858709335327	2.022473096847534	1.6902176141738892	0.0	2.048241376876831	0.0	0.882274329662323	0.0	0.0	0.0	2.198662042617798	2.339108467102051	0.0	0.49739310145378113	0.14331479370594025	1.7871965169906616
0.0010398047743365169	0.0	0.0	0.0	0.486701637506485	0.0	1.2971745729446411	0.7629173398017883	0.0	1.3865728378295898	1.185444712638855	0.0	0.0	1.1553266048431396	0.29980742931365967	0.0	1.1349420547485352	0.6893906593322754	2.1501123905181885	1.8899809122085571	0.9956052303314209	0.0	0.0	0.5218968987464905	0.9065483808517456	0.41515108942985535	0.0	0.0	0.9867273569107056	0.3371275067329407	0.0	0.48171406984329224	0.0	1.4023445844650269	0.4690813720226288	0.6588045954704285	0.0	0.0	0.07121571153402328	1.0453516244888306	0.31578242778778076	1.3592522144317627	1.3924676179885864	0.31350183486938477	0.9850392937660217	1.1496119499206543	0.0	0.0	1.090651512145996	1.711276888847351	2.1505966186523438	0.0	1.9378547668457031	0.0	0.8063497543334961	0.0	0.0	0.0	2.33842134475708	2.189300537109375	0.0	0.14062631130218506	0.3340650200843811	1.8132516145706177
0.21088550984859467	0.0	0.0	0.0	0.365802526473999	0.0	1.232532262802124	0.6775861382484436	0.0	1.3468605279922485	1.0352897644042969	0.0	0.0	1.0220212936401367	0.5191934704780579	0.0	1.4567545652389526	1.2185696363449097	2.094118595123291	1.6932169198989868	1.2516599893569946	0.0	0.0	0.44783127307891846	1.1233763694763184	0.7743316292762756	0.0	0.0	0.7866734862327576	0.003415449056774378	0.0	0.07403597235679626	0.0	1.2277060747146606	0.29499995708465576	0.5486732721328735	0.0	0.0	0.35265064239501953	0.871936023235321	0.4659906029701233	0.7718462347984314	1.346043348312378	0.3024921119213104	0.7816005349159241	1.223024845123291	0.0	0.0	0.9919894337654114	2.1364779472351074	1.7125494480133057	0.0	2.0358757972717285	0.0	0.8335840702056885	0.0	0.0	0.0	2.181605339050293	2.201286792755127	0.0	0.47320419549942017	0.013095788657665253	1.7858837842941284
0.6645376682281494	0.0	0.2862709164619446	0.0	0.7109588980674744	0.0	1.6809272766113281	0.6190072894096375	0.0	1.1988526582717896	0.7559673190116882	0.0	0.0	0.31777462363243103	0.0	0.0	1.383487582206726	0.12652429938316345	1.2513331174850464	1.035317301750183	0.7979599833488464	0.0	0.0	1.1690866947174072	0.5018860697746277	1.7996820211410522	0.0	0.5521841645240784	0.510230541229248	0.0	0.0	0.45599400997161865	0.0	1.4498851299285889	0.1854126751422882	0.8934828639030457	0.0	0.1516285389661789	0.46583110094070435	1.1009186506271362	0.4679568111896515	1.0447081327438354	1.254285454750061	0.49676093459129333	0.6838592290878296	1.2628412246704102	0.0	0.0	0.9473732113838196	3.1760454177856445	1.281113624572754	0.0	2.1987812519073486	0.0	1.5941048860549927	0.0	0.0	0.0	2.0175628662109375	1.9519498348236084	0.0	0.9195354580879211	0.0519133098423481	2.0257585048675537
0.433777779340744	0.0	0.3334429860115051	0.0	0.7375602722167969	0.38976404070854187	1.4266180992126465	0.47302645444869995	0.0	1.3262923955917358	0.7699987292289734	0.0	0.0	0.71876460313797	0.09098704159259796	0.19265389442443848	1.410664677619934	0.6041475534439087	1.2839207649230957	1.3486064672470093	0.944718062877655	0.0	0.0	0.7770646810531616	0.9434781074523926	1.2463350296020508	0.0	0.4237777590751648	0.844749927520752	0.0	0.0	0.25689712166786194	0.0	0.9962502717971802	0.5007242560386658	1.1457598209381104	0.0	0.0	0.6400193572044373	0.9843619465827942	0.587920606136322	0.8943427801132202	1.4230461120605469	0.2360478639602661	0.8103964328765869	1.2135649919509888	0.0	0.0	1.1556158065795898	2.5204005241394043	1.7973836660385132	0.0	2.1527023315429688	0.0	1.1979604959487915	0.0	0.0	0.0	2.33823299407959	1.957942008972168	0.0	0.7735130786895752	0.11992134898900986	2.140084743499756
0.0	0.0	0.7557249665260315	0.0	1.2131602764129639	0.8803489208221436	1.6125596761703491	0.861220121383667	0.0	1.0288407802581787	1.2711907625198364	0.0	0.0	0.4557674825191498	0.32700851559638977	0.6518250703811646	1.8049912452697754	0.6189850568771362	1.7975900173187256	1.1069304943084717	0.6769601702690125	0.0	0.9700897336006165	1.0648670196533203	0.8487306833267212	1.7979594469070435	0.0	0.6236855387687683	0.8221576809883118	0.0	0.0	0.5677762627601624	0.0	1.441401720046997	0.24134042859077454	0.9699959754943848	0.0	0.0	0.1883886754512787	1.302330732345581	0.3371865153312683	1.1661781072616577	1.1177035570144653	0.2542637586593628	0.951541006565094	1.1273832321166992	0.0	0.0	0.9778039455413818	2.7292678356170654	1.1310558319091797	0.0	3.038344144821167	0.0	1.6635314226150513	0.0	0.0	0.0	2.372483730316162	2.2607321739196777	0.0	1.5553545951843262	0.371806800365448	1.5305243730545044
0.7569270730018616	0.0	0.28008878231048584	0.0	0.6541774868965149	0.0	1.490826964378357	0.23286612331867218	0.0	0.8952122330665588	0.47624513506889343	0.0	0.0	0.0	0.0	0.012249702587723732	1.8418543338775635	0.2184012234210968	1.2306360006332397	0.8640261888504028	0.894507646560669	0.0	0.0	1.2843209505081177	0.788981556892395	1.8717496395111084	0.0	0.6855329871177673	0.6034052968025208	0.0	0.0	0.0	0.0	1.0959969758987427	0.0	1.021153211593628	0.0	0.0	0.528512179851532	0.990421712398529	0.5563242435455322	0.5791501998901367	1.1926405429840088	0.5634295344352722	0.6714400053024292	1.2204468250274658	0.0	0.0	0.9987949728965759	3.2972140312194824	1.0230451822280884	0.0	2.2614870071411133	0.0	1.5206185579299927	0.0	0.0	0.0	1.9030731916427612	2.0051441192626953	0.0	0.8959627151489258	0.1425011307001114	1.5192289352416992
0.33144789934158325	0.0	0.0	0.0	0.5453274250030518	0.0	1.4366204738616943	0.7314116954803467	0.0	1.0212011337280273	0.9512033462524414	0.0	0.0	0.6707078814506531	0.21189241111278534	0.0	1.3841668367385864	0.4242352843284607	1.846752643585205	1.3571288585662842	0.7758482694625854	0.0	0.0	0.7566465139389038	1.1580575704574585	1.2842419147491455	0.0	0.46169111132621765	0.9327833652496338	0.0	0.0	1.2521549463272095	0.0	1.2779680490493774	0.5879442691802979	0.9416252374649048	0.0	0.0	0.5225959420204163	0.8865761756896973	0.6190363168716431	1.083208441734314	1.0731570720672607	0.37269240617752075	0.5252418518066406	1.0242059230804443	0.0	0.0	1.0834839344024658	2.5566418170928955	1.730176568031311	0.0	2.488229274749756	0.0	1.2372180223464966	0.0	0.0	0.0	2.40822434425354	2.192776918411255	0.0	0.7036890387535095	0.01665223389863968	1.8890843391418457
0.1944713443517685	0.0	0.3364679515361786	0.0	0.5838901996612549	0.0	1.2024555206298828	0.7789838314056396	0.0	1.0947926044464111	1.1327766180038452	0.0	0.0	1.0894279479980469	0.5810322761535645	0.0	1.2916922569274902	1.1392698287963867	2.091539144515991	1.7968662977218628	1.317239761352539	0.0	0.0	0.5116115808486938	1.3090444803237915	0.7415329217910767	0.0	0.40298283100128174	0.9361653923988342	0.0990542471408844	0.0	0.0	0.0	1.2929681539535522	0.06208757683634758	0.4185386002063751	0.0	0.0	0.6390855312347412	0.7407272458076477	0.3581659197807312	0.8585602641105652	1.530381441116333	0.37746137380599976	0.9533526301383972	1.0349942445755005	0.0	0.0	0.9559293389320374	2.0021917819976807	1.7221821546554565	0.0	2.0085668563842773	0.0	0.9353499412536621	0.0	0.0	0.0	2.3165571689605713	2.3547847270965576	0.0	0.5103285908699036	0.2529771029949188	1.8163539171218872
0.5409655570983887	0.0	0.08443949371576309	0.0	0.4142720401287079	0.0	1.6502630710601807	0.42029428482055664	0.0	1.2063729763031006	0.5945883393287659	0.0	0.0	0.5888606309890747	0.4990438222885132	0.0	1.3832955360412598	1.1538896560668945	1.4184249639511108	1.5252292156219482	1.166032075881958	0.0	0.0	0.8476738333702087	0.8485729694366455	1.0229930877685547	0.0	0.46360182762145996	0.8584958910942078	0.0	0.0	0.0	0.0	1.238189935684204	0.0	0.907600998878479	0.0	0.0	0.46626782417297363	0.8799927830696106	0.6383483409881592	0.6513149738311768	1.6973228454589844	0.29799073934555054	0.8046318292617798	1.392697811126709	0.0	0.0	1.1458773612976074	2.639962911605835	1.4716745615005493	0.0	2.079556465148926	0.0	1.275763750076294	0.0	0.0	0.0	2.213641881942749	1.8058956861495972	0.0	0.6742324829101562	0.09614158421754837	1.9648798704147339
0.43841633200645447	0.0	0.0	0.0	0.8332767486572266	0.0	1.7328159809112549	0.4155939817428589	0.0	1.1473541259765625	0.5321970582008362	0.0	0.0	0.12276579439640045	0.2745285630226135	0.0	1.693121075630188	0.5206788778305054	1.7488555908203125	1.310215711593628	1.0313502550125122	0.0	0.0	0.8751182556152344	0.9946761727333069	1.6976518630981445	0.0	0.7947940826416016	0.6661526560783386	0.0	0.0	0.0	0.0	1.0224785804748535	0.0	1.031330943107605	0.0	0.0	0.4983915388584137	0.8753692507743835	0.6007192134857178	0.48120221495628357	1.400829553604126	0.38458794355392456	0.7945242524147034	1.2838051319122314	0.0	0.0	0.6911969780921936	2.874776601791382	1.0436216592788696	0.0	2.1798994541168213	0.0	1.5284481048583984	0.0	0.0	0.055810216814279556	2.095566987991333	2.0056867599487305	0.0	0.627973735332489	0.0	1.565796136856079
0.5298788547515869	0.0	0.09674141556024551	0.0	0.5610305070877075	0.0	1.4042187929153442	0.469809353351593	0.0	1.2557220458984375	0.8946914076805115	0.0	0.0	0.1825222373008728	0.06271573156118393	0.37624385952949524	1.728497862815857	0.13098777830600739	1.4985108375549316	1.0576512813568115	0.9713893532752991	0.0	0.0	0.7625490427017212	0.7518351674079895	1.784814476966858	0.0	0.60052090883255	0.5879225134849548	0.0	0.0	0.5291029810905457	0.0	1.5438885688781738	0.0	1.0008516311645508	0.0	0.0	0.46154096722602844	1.121837854385376	0.5073773264884949	0.8538773655891418	0.9065487384796143	0.3286679685115814	0.5418888330459595	1.0584694147109985	0.0	0.0	1.0220234394073486	2.8363044261932373	1.1814676523208618	0.0	3.1959874629974365	0.0	1.5303531885147095	0.0	0.0	0.0	2.2957897186279297	2.0789170265197754	0.0	1.4984309673309326	0.19156846404075623	1.581856608390808
0.6493280529975891	0.0	0.569078266620636	0.0	0.35548800230026245	0.5681973695755005	1.3979065418243408	0.8373762369155884	0.0	1.295095443725586	0.908068060874939	0.0	0.0	0.5667175054550171	0.3490510582923889	0.022725336253643036	1.5500491857528687	0.7916474342346191	1.5092216730117798	1.4767357110977173	1.1093125343322754	0.0	0.0	0.8626236915588379	1.085645318031311	1.1870384216308594	0.0	0.16578082740306854	0.9141311049461365	0.0	0.0	0.0	0.0	1.1661491394042969	0.22140295803546906	0.7190507650375366	0.0	0.0	0.8605530858039856	0.9291670918464661	0.4904968738555908	0.6694160103797913	1.5876089334487915	0.46023035049438477	0.9523248076438904	1.2130881547927856	0.0	0.0	0.9260873198509216	2.3104050159454346	1.964725375175476	0.0	2.4653799533843994	0.0	1.1892644166946411	0.0	0.0	0.0	2.3219597339630127	2.140749931335449	0.0	0.909378170967102	0.23346459865570068	1.6317943334579468
0.41133996844291687	0.0	0.0	0.0	0.6061295866966248	0.0	1.187231183052063	0.6863031983375549	0.0	1.0179153680801392	1.078279972076416	0.0	0.0	1.0014309883117676	0.37922313809394836	0.0	1.2831541299819946	1.1706794500350952	1.9465841054916382	1.6845169067382812	1.340327262878418	0.0	0.0	0.5885898470878601	1.2163645029067993	0.9156845211982727	0.0	0.042342185974121094	0.6882821321487427	0.004122997168451548	0.0	0.0	0.0	1.319074273109436	0.13115952908992767	0.5487425923347473	0.0	0.0	0.5255924463272095	0.7406705617904663	0.3995210528373718	0.599018394947052	1.3102340698242188	0.4125276803970337	0.7033408284187317	1.1696032285690308	0.0	0.0	1.0560330152511597	1.9721542596817017	1.5017002820968628	0.0	2.309509515762329	0.0	0.839481770992279	0.0	0.0	0.0	2.1669063568115234	2.27602481842041	0.0	0.43562448024749756	0.0	1.7529916763305664
0.5912432670593262	0.0	0.4111962616443634	0.0	0.7935187220573425	0.0	1.2816566228866577	0.29400014877319336	0.0	0.8638308048248291	0.696433424949646	0.0	0.0	0.4219237267971039	0.15451668202877045	0.0	1.4010144472122192	0.38941696286201477	1.1697176694869995	1.1773626804351807	0.9959297776222229	0.0	0.0	1.3944416046142578	0.759490966796875	1.0665628910064697	0.0	1.154089331626892	0.41973331570625305	0.0	0.0	0.23115545511245728	0.0	1.0433142185211182	0.0	0.6722192764282227	0.0	0.0	0.14264939725399017	0.6820305585861206	0.5499055981636047	0.5808220505714417	1.3346625566482544	0.45485174655914307	0.7080959677696228	1.1703928709030151	0.0	0.0	0.9146906733512878	2.922391176223755	1.4325677156448364	0.0	2.183548927307129	0.0	1.3804762363433838	0.0	0.0	0.0	1.9489065408706665	1.9232547283172607	0.0	0.9451113343238831	0.3428521454334259	1.9251413345336914
0.0	0.0	0.1650553047657013	0.0	0.4492989778518677	0.5615925192832947	1.0221331119537354	0.8023137450218201	0.0	1.683969259262085	1.157961368560791	0.0	0.0	1.5291754007339478	0.6880446672439575	0.0	1.2130508422851562	1.226838231086731	2.5255212783813477	1.9669626951217651	1.4326252937316895	0.0	0.24868163466453552	0.5932830572128296	1.7399297952651978	0.42714449763298035	0.0	0.0	0.7762956619262695	0.6594347953796387	0.0	0.0	0.0	1.1147778034210205	0.3644935190677643	0.2528420090675354	0.0	0.0	0.6733598113059998	0.9005687236785889	0.3787792921066284	0.7244173288345337	1.2973672151565552	0.27035778760910034	0.6849079728126526	1.1204566955566406	0.0	0.0	1.1127147674560547	1.6033254861831665	1.933878779411316	0.0	1.958795428276062	0.0	0.7910139560699463	0.0	0.0	0.0	2.262732982635498	2.286341428756714	0.0	0.16873064637184143	0.2828563153743744	1.6096140146255493
0.08586157858371735	0.0	0.03442768007516861	0.0	0.2714059352874756	0.0	1.2585192918777466	0.5933569073677063	0.0	1.1813277006149292	0.9120015501976013	0.0	0.0	1.334010362625122	0.29120051860809326	0.0	1.5871069431304932	0.5412499308586121	2.0863168239593506	1.8981282711029053	1.2333674430847168	0.0	0.0	0.5502029061317444	0.7094895839691162	0.4681186079978943	0.0	0.3056448996067047	0.999878466129303	0.40449047088623047	0.0	0.5043992400169373	0.0	1.4642832279205322	0.23243585228919983	0.2665925920009613	0.0	0.0	0.3216017782688141	0.726546049118042	0.278995156288147	1.0406341552734375	1.4934242963790894	0.5199313163757324	0.7781029343605042	1.2986204624176025	0.0	0.0	0.8504342436790466	1.5696017742156982	1.8415671586990356	0.0	1.9056029319763184	0.0	0.7321710586547852	0.0	0.0	0.0	2.273557186126709	2.2972676753997803	0.0	0.49129217863082886	0.0	2.104142665863037
0.6339308619499207	0.0	0.0	0.0	0.6731740832328796	0.0	1.5367974042892456	0.37336862087249756	0.0	1.1504027843475342	0.9024945497512817	0.0	0.0	0.14925281703472137	0.21484510600566864	0.0	1.594193696975708	0.4161161482334137	1.253557801246643	1.206768274307251	1.0323879718780518	0.0	0.0	0.8912091255187988	0.6027694940567017	1.4013774394989014	0.0	0.3599538207054138	0.5281614065170288	0.0	0.0	0.0	0.0	1.2115106582641602	0.06805921345949173	0.9699816703796387	0.0	0.0	0.46587494015693665	0.8434127569198608	0.5458618998527527	0.8370475172996521	1.29271399974823	0.3537309467792511	0.6796122193336487	1.2499134540557861	0.0	0.0	1.1315464973449707	2.800666332244873	1.3916314840316772	0.0	2.146878719329834	0.0	1.3019237518310547	0.0	0.0	0.0	1.9736181497573853	1.9372466802597046	0.0	0.7018011808395386	0.00394720071926713	1.9167145490646362
0.24463416635990143	0.0	0.12844052910804749	0.0	0.4251554012298584	0.41316384077072144	1.1654778718948364	0.8445553183555603	0.0	1.053972601890564	1.077908992767334	0.0	0.0	1.1613755226135254	0.5684694647789001	0.0	1.3027493953704834	1.1210448741912842	2.152489185333252	1.8312294483184814	1.3570019006729126	0.0	0.0	0.49216994643211365	1.5442579984664917	0.8170732259750366	0.0	0.453370064496994	0.885952353477478	0.327502578496933	0.0	0.2779727578163147	0.0	1.2784039974212646	0.057089004665613174	0.3311251699924469	0.0	0.0	0.617753267288208	0.7976742386817932	0.3135785460472107	0.6078429818153381	1.295580267906189	0.348379909992218	0.5941330790519714	1.1128023862838745	0.0	0.0	0.9495106339454651	1.7615292072296143	1.7012826204299927	0.0	2.114940643310547	0.0	0.7412418127059937	0.0	0.0	0.0	2.1846976280212402	2.2209060192108154	0.0	0.43266499042510986	0.29379281401634216	1.6967195272445679
0.6658150553703308	0.0	0.20175409317016602	0.0	1.019518256187439	0.0	1.7561964988708496	0.33245164155960083	0.0	1.0488325357437134	0.420431911945343	0.0	0.0	0.21394017338752747	0.21937793493270874	0.0	1.5771621465682983	0.5496914982795715	1.1542308330535889	0.9584400653839111	0.8828522562980652	0.0	0.0	1.1150366067886353	0.8825593590736389	1.6654690504074097	0.0	1.0104351043701172	0.5858486294746399	0.0	0.0	0.0	0.0	1.471755027770996	0.0	1.0239009857177734	0.0	0.10803435742855072	0.5573367476463318	0.8136328458786011	0.6183798313140869	0.8245945572853088	1.1855955123901367	0.4966932237148285	0.7599397897720337	1.2199575901031494	0.0	0.0	0.9336990714073181	3.082758665084839	1.2181148529052734	0.0	2.248619318008423	0.0	1.465569257736206	0.0	0.0	0.0	1.9154008626937866	1.989027500152588	0.0	0.8075332641601562	0.0	1.5663083791732788
0.5457704663276672	0.0	0.13243719935417175	0.0	0.816855788230896	0.0	1.4252663850784302	0.38076773285865784	0.0	0.8432429432868958	0.7741691470146179	0.0	0.0	0.19127294421195984	0.13477317988872528	0.0	1.7511217594146729	0.34346720576286316	1.4727694988250732	1.1890102624893188	1.1126956939697266	0.0	0.0	0.9927853941917419	0.723027229309082	1.5509753227233887	0.0	0.7200005650520325	0.5532994270324707	0.0	0.0	0.0	0.0	1.1567363739013672	0.0	0.7874487638473511	0.0	0.0	0.6993037462234497	0.7862390875816345	0.48527565598487854	0.6404569149017334	1.2329572439193726	0.7507947683334351	0.7015479207038879	1.1148922443389893	0.0	0.0	0.9325160980224609	2.729496717453003	1.1668014526367188	0.0	2.124673366546631	0.0	1.24863600730896	0.0	0.0	0.0	1.9723643064498901	1.9833425283432007	0.0	0.8229585886001587	0.0	1.6444271802902222
0.41864022612571716	0.0	0.32402825355529785	0.0	0.7878953218460083	0.6026126146316528	1.5165205001831055	0.3927565813064575	0.0	1.0748096704483032	1.1961390972137451	0.0	0.0	0.9617313146591187	0.4010549783706665	0.33559462428092957	1.6964855194091797	0.49485039710998535	1.5784838199615479	1.508974313735962	1.0191280841827393	0.0	0.9410470128059387	1.3505651950836182	0.9855702519416809	1.2730697393417358	0.0	0.7010664939880371	0.8369304537773132	0.11692338436841965	0.0	0.7554610371589661	0.0	1.3110803365707397	0.0	0.33879905939102173	0.0	0.0	0.19421596825122833	1.0519059896469116	0.4871087968349457	1.14100182056427	1.2658380270004272	0.5325527787208557	0.8385485410690308	1.2133029699325562	0.0	0.0	0.8728810548782349	2.6063544750213623	1.8255891799926758	0.0	2.6984949111938477	0.0	1.4406237602233887	0.0	0.0	0.0	1.924544095993042	2.2557373046875	0.0	1.6587496995925903	0.2721481919288635	2.1236679553985596
0.6584387421607971	0.0	0.24523523449897766	0.0	0.8114770650863647	0.0	1.5834026336669922	0.3800298869609833	0.0	0.9308568239212036	0.564915657043457	0.0	0.0	0.04833135008811951	0.0	0.0	1.7273244857788086	0.3423510789871216	1.2997639179229736	1.0258492231369019	1.0487287044525146	0.0	0.0	1.4222416877746582	0.6695811748504639	1.5752547979354858	0.0	0.4616542160511017	0.6126253008842468	0.0	0.0	0.0	0.0	1.4371802806854248	0.0	1.0022029876708984	0.15289786458015442	0.1792622208595276	0.38858529925346375	0.952547013759613	0.43922004103660583	0.6468890905380249	1.2373963594436646	0.33259454369544983	0.6252471208572388	1.4077552556991577	0.0	0.0	0.6955935955047607	3.0380897521972656	1.2810590267181396	0.0	1.7311333417892456	0.0	1.557037353515625	0.055973801761865616	0.0	0.0	1.877483606338501	1.7335114479064941	0.0	0.714175283908844	0.0	1.5537651777267456
0.25501206517219543	0.0	0.42192205786705017	0.0	0.9153493046760559	0.1390571892261505	1.6828672885894775	0.5839345455169678	0.0	1.145703673362732	1.0504544973373413	0.0	0.0	0.6067042350769043	0.277195006608963	0.5262033939361572	1.7591849565505981	0.4842788875102997	1.9230151176452637	1.5445733070373535	0.9907049536705017	0.0	0.1072879433631897	1.0784674882888794	0.7048583626747131	1.2899993658065796	0.0	0.6856008768081665	1.0352975130081177	0.03472628816962242	0.0	0.7285034656524658	0.0	1.4485045671463013	0.47699740529060364	0.6362680196762085	0.04557149484753609	0.0	0.6232500672340393	1.2823359966278076	0.4356999397277832	1.321499228477478	1.598099946975708	0.47637078166007996	1.080592393875122	1.2941579818725586	0.0	0.0	0.6601954698562622	2.875084161758423	1.1786342859268188	0.0	2.3472771644592285	0.0	1.4364819526672363	0.0	0.0	0.0	2.197606086730957	2.1427690982818604	0.0	1.489945650100708	0.08573191612958908	2.3836326599121094
0.7353743314743042	0.0	0.1371919959783554	0.0	0.8455436825752258	0.0	1.5213773250579834	0.13941174745559692	0.0	0.889773964881897	0.5057997703552246	0.0	0.0	0.005646336358040571	0.18721260130405426	0.0	1.995787262916565	0.48743706941604614	1.3409998416900635	1.1898982524871826	0.9855135679244995	0.0	0.0	0.9077591896057129	0.9741454720497131	1.5756573677062988	0.0	0.7140881419181824	0.4321012794971466	0.0	0.0	0.0	0.0	1.4998462200164795	0.0	1.1806018352508545	0.0	0.11863640695810318	0.7554090023040771	0.9785135388374329	0.5282586812973022	0.6591216921806335	1.2823495864868164	0.34757664799690247	0.721294641494751	1.3704748153686523	0.0	0.0	0.7463647127151489	2.8314452171325684	0.9727802872657776	0.0	1.7219407558441162	0.0	1.5518437623977661	0.0	0.0	0.0	1.9730546474456787	1.9762097597122192	0.0	0.35052692890167236	0.0	1.388948917388916
0.6236156821250916	0.0	0.17631448805332184	0.0	0.7582696676254272	0.0	1.4617376327514648	0.22229424118995667	0.0	1.380968451499939	0.5445848703384399	0.0	0.0	0.24687045812606812	0.2885689437389374	0.0	1.5301151275634766	0.40857386589050293	1.1872422695159912	1.1041404008865356	1.153751254081726	0.0	0.0	0.8381377458572388	0.9513736367225647	1.4655091762542725	0.0	0.8220970630645752	0.46403932571411133	0.0	0.0	0.0	0.0	1.1982237100601196	0.0	0.7525582313537598	0.0	0.0	0.5246788859367371	0.7553141117095947	0.5637650489807129	0.36215028166770935	1.1968364715576172	0.4156860113143921	0.7129402756690979	1.1504687070846558	0.0	0.0	0.8721728920936584	2.803173303604126	1.152817726135254	0.0	2.221301555633545	0.0	1.2686959505081177	0.0	0.0	0.0	1.8740218877792358	1.9376130104064941	0.0	0.9564651250839233	0.0	1.741280198097229
0.6264693737030029	0.0	0.10061919689178467	0.0	0.8436846137046814	0.0	1.522188663482666	0.6249790787696838	0.0	1.239381194114685	0.8761386275291443	0.0	0.0	0.48039162158966064	0.21235418319702148	0.2135835438966751	1.5122042894363403	0.6475562453269958	1.4526036977767944	1.3469514846801758	1.033947229385376	0.0	0.0	0.9332532286643982	0.7140837907791138	1.3184846639633179	0.0	0.450253427028656	0.8236370086669922	0.0699051171541214	0.13026462495326996	0.03768232837319374	0.0	1.473930835723877	0.30099546909332275	0.9375417232513428	0.0	0.0	0.6683231592178345	0.8245792984962463	0.6201632618904114	0.8388234972953796	1.485979676246643	0.39925017952919006	0.6291103363037109	1.2445964813232422	0.0	0.0	1.058824896812439	2.7666473388671875	1.6536422967910767	0.0	2.2098896503448486	0.0	1.2679849863052368	0.0	0.0	0.0	2.045626163482666	1.9793813228607178	0.0	0.9114106297492981	0.028549233451485634	1.9706125259399414
0.3841056525707245	0.0	0.04851990193128586	0.0	0.49326759576797485	0.3888256251811981	1.224958062171936	0.2980284094810486	0.0	0.8910073637962341	0.8988365530967712	0.0	0.0	1.1368087530136108	0.5719965696334839	0.0	1.6220453977584839	0.5090271830558777	1.8638066053390503	1.7201703786849976	1.2491602897644043	0.0	0.19325782358646393	0.7674208879470825	1.4410802125930786	1.202531099319458	0.0	0.3696264922618866	0.5425133109092712	0.0	0.0	0.0	0.0	1.270701289176941	0.0	0.5148218274116516	0.0	0.0	0.18870441615581512	0.7571204900741577	0.3274911940097809	0.15996521711349487	1.2249019145965576	0.5322657227516174	0.7121617794036865	1.1765198707580566	0.0	0.0	0.9378019571304321	2.124161958694458	1.6045019626617432	0.0	2.3568153381347656	0.0	1.033887505531311	0.0	0.0	0.0	2.0577282905578613	2.355593681335449	0.0	0.8682202696800232	0.0	1.7343417406082153
0.03317046910524368	0.0	0.0	0.0	0.41196727752685547	0.0	1.1573926210403442	0.5599253177642822	0.0	0.9799293279647827	0.9367843866348267	0.0	0.0	1.3109339475631714	0.5130364894866943	0.0	1.2993700504302979	0.8206023573875427	1.8974939584732056	1.7889835834503174	1.3228356838226318	0.0	0.0	0.7778066992759705	1.2389366626739502	0.4335114061832428	0.0	0.8352310657501221	0.8624585866928101	0.2964774966239929	0.0	0.191843643784523	0.0	1.5102664232254028	0.13983458280563354	0.32265371084213257	0.0	0.0	0.045819077640771866	0.7164766192436218	0.3554588854312897	0.6908890604972839	1.4417533874511719	0.3804536461830139	0.9609684944152832	1.2328397035598755	0.0	0.0	0.7608047127723694	1.63841712474823	1.4479058980941772	0.0	2.110675096511841	0.0	0.8834205269813538	0.0	0.0	0.0	2.060483694076538	2.177107095718384	0.0	0.6254710555076599	0.11291847378015518	1.8958100080490112
0.6090022921562195	0.0	0.08851427584886551	0.0	0.643990695476532	0.0	1.5113192796707153	0.3843024671077728	0.0	0.8484442234039307	0.657366156578064	0.0	0.0	0.15337447822093964	0.13098789751529694	0.0	1.4917516708374023	0.4976966381072998	1.344875454902649	1.107613444328308	0.9417017102241516	0.0	0.0	0.962578535079956	0.9429289102554321	1.609304428100586	0.0	0.5955778956413269	0.5812066793441772	0.0	0.0	0.0	0.0	1.2840015888214111	0.3440805971622467	0.9090559482574463	0.0	0.0	0.6552382707595825	0.7261039018630981	0.7113372087478638	0.8462607860565186	1.333236813545227	0.4661506116390228	0.7593072056770325	1.295669436454773	0.0	0.0	0.9713326096534729	2.9414453506469727	1.6704274415969849	0.0	2.2726235389709473	0.0	1.4513450860977173	0.0	0.0	0.0	1.979695439338684	2.0226032733917236	0.0	0.694271445274353	0.14231936633586884	1.7846013307571411
0.5632528066635132	0.0	0.20426446199417114	0.0	0.44384318590164185	0.0	1.5182991027832031	0.35825181007385254	0.0	0.7166106700897217	0.7717189788818359	0.0	0.0	0.2699733376502991	0.0818701684474945	0.0	1.6247824430465698	0.4932297170162201	1.277523398399353	1.1493557691574097	1.1255309581756592	0.0	0.0	1.1522809267044067	0.9457381963729858	1.5431538820266724	0.0	0.5238522291183472	0.6243050694465637	0.0	0.0	0.3972369134426117	0.0	1.0888656377792358	0.0	0.8541380167007446	0.0	0.0	0.6201475858688354	0.8637195229530334	0.6044016480445862	0.6458519697189331	1.304843783378601	0.5514299273490906	0.6564249396324158	1.163892388343811	0.0	0.0	1.12065589427948	2.86342191696167	1.3955808877944946	0.0	2.3265018463134766	0.0	1.2989118099212646	0.0	0.0	0.0	1.911141037940979	1.9679365158081055	0.0	0.9384728074073792	0.0	1.9872264862060547
0.24423916637897491	0.0	0.38019636273384094	0.0	0.7516536116600037	0.0	1.3950061798095703	0.7786600589752197	0.0	0.9419512748718262	0.8781804442405701	0.0	0.0	1.1283152103424072	0.6723330616950989	0.0	1.4891988039016724	0.8537760972976685	1.8510816097259521	1.8042035102844238	1.2507402896881104	0.0	0.04590478166937828	0.5986992716789246	1.1887348890304565	0.45579665899276733	0.0	0.4990089535713196	0.904705286026001	0.20870453119277954	0.0	0.0	0.0	1.3085682392120361	0.2771000564098358	0.5692897439002991	0.0	0.0	0.4405188262462616	0.8823981285095215	0.49747687578201294	0.7489874362945557	1.3668272495269775	0.34379836916923523	0.7750523686408997	1.2394262552261353	0.0	0.0	0.9068773984909058	2.121084213256836	1.8498179912567139	0.0	2.3333845138549805	0.0	1.0332509279251099	0.0	0.0	0.0	2.093841075897217	2.2155706882476807	0.0	0.846796989440918	0.0	1.6794198751449585
0.3456881642341614	0.0	0.039333097636699677	0.0	0.36779236793518066	0.11459676921367645	1.295236587524414	0.5983403325080872	0.0	0.9848113656044006	1.0675727128982544	0.0	0.0	1.109557032585144	0.5928099751472473	0.0	1.2929699420928955	1.3896890878677368	2.07269549369812	1.7732874155044556	1.3433737754821777	0.0	0.0	0.8344921469688416	1.5887861251831055	0.6872808933258057	0.0	0.05169161036610603	0.7748705744743347	0.05382271483540535	0.0	0.017081620171666145	0.0	1.3562374114990234	0.2125338464975357	0.46354418992996216	0.0	0.0	0.3319690525531769	0.8492790460586548	0.3941182792186737	0.5305138230323792	1.3548078536987305	0.374356210231781	0.565143346786499	1.1550408601760864	0.0	0.0	1.1314687728881836	2.079080104827881	1.717621922492981	0.0	2.088069438934326	0.0	0.9048965573310852	0.0	0.0	0.0	2.1776773929595947	2.2714295387268066	0.0	0.6209948658943176	0.0	1.7887896299362183
0.632731556892395	0.0	0.047470591962337494	0.0	0.8636630773544312	0.0	1.6196361780166626	0.27156516909599304	0.0	1.1528068780899048	0.7120410203933716	0.0	0.0	0.39265209436416626	0.06649558991193771	0.192436084151268	1.976115345954895	0.18869461119174957	1.332179307937622	1.2813189029693604	0.8527717590332031	0.0	0.0	1.083875298500061	0.7137985825538635	1.3180747032165527	0.0	0.5735895037651062	0.8043805360794067	0.0	0.0	0.0	0.0	1.3375731706619263	0.06627512723207474	1.1257500648498535	0.0	0.0	0.44712206721305847	1.140067458152771	0.5996384620666504	0.5549999475479126	1.3089395761489868	0.5091332793235779	0.6617968082427979	1.3286101818084717	0.0	0.0	0.9615986943244934	2.8793444633483887	1.6057366132736206	0.0	2.4650280475616455	0.0	1.552959680557251	0.0	0.0	0.0	2.0323712825775146	1.9187172651290894	0.0	1.2076032161712646	0.0	1.7310317754745483
0.5136510729789734	0.0	0.2913166582584381	0.0	0.5943825244903564	0.0	1.3083922863006592	0.8259118795394897	0.0	1.040090560913086	0.8449671268463135	0.0	0.0	0.5405769944190979	0.1274999976158142	0.0	1.4649206399917603	0.7223429679870605	1.313346028327942	1.2697540521621704	1.1328299045562744	0.0	0.0	0.8321090340614319	0.8243333101272583	1.286310076713562	0.0	0.5235092043876648	0.5956327319145203	0.0	0.0	0.0	0.0	1.4879448413848877	0.4045336842536926	0.7783972024917603	0.0	0.041642989963293076	0.6422353386878967	0.8482044339179993	0.48068666458129883	1.04617440700531	1.2864911556243896	0.473928302526474	0.8318893909454346	1.3059035539627075	0.0	0.0	0.8268119096755981	2.5261645317077637	1.5112611055374146	0.0	2.114807367324829	0.0	1.274065613746643	0.0	0.0	0.0	2.2440059185028076	2.128730058670044	0.0	0.8380074501037598	0.0	1.6454181671142578
0.8635926246643066	0.0	0.13806721568107605	0.0	1.0060869455337524	0.0	1.4203182458877563	0.11377114057540894	0.0	1.321421504020691	0.665092408657074	0.0	0.0	0.31375205516815186	0.24003297090530396	0.0	1.87417733669281	0.4034111201763153	1.2247034311294556	1.1598180532455444	1.1152856349945068	0.0	0.0	0.88748699426651	0.7777554988861084	1.31123685836792	0.0	0.6093385815620422	0.5877845287322998	0.0	0.0	0.1670471429824829	0.0	1.1020835638046265	0.0	1.0172375440597534	0.0	0.0	0.6042399406433105	0.726714551448822	0.5287588834762573	0.7456365823745728	1.3056957721710205	0.4027631878852844	0.6187244057655334	1.283957839012146	0.0	0.0	0.9516263008117676	2.607192277908325	1.1968969106674194	0.0	2.135064125061035	0.0	1.3491986989974976	0.0	0.0	0.0	2.024608612060547	1.9458608627319336	0.0	0.7638902068138123	0.0	1.8919041156768799
0.6747040748596191	0.0	0.26164308190345764	0.0	1.1002271175384521	0.0	1.5163201093673706	0.5474773645401001	0.0	0.8610168695449829	0.4430759847164154	0.0	0.0	0.03277292847633362	0.2683022618293762	0.0	1.669114112854004	0.6839761734008789	1.1669363975524902	0.9385462999343872	0.9071655869483948	0.0	0.0	1.0249425172805786	1.1254020929336548	1.9627965688705444	0.0	0.650311291217804	0.11673957109451294	0.0	0.43293482065200806	0.0	0.0	1.0156537294387817	0.0	0.9361670017242432	0.0	0.0	0.6310960650444031	0.9638705849647522	0.5844956636428833	0.5785265564918518	1.0342907905578613	0.3970852196216583	0.509269118309021	1.1925485134124756	0.0	0.0	0.8151293396949768	3.082261800765991	1.0400131940841675	0.0	2.3203039169311523	0.0	1.543157935142517	0.0	0.0	0.0	1.8330787420272827	1.9022775888442993	0.0	0.8960192203521729	0.0	1.6328846216201782
0.29482603073120117	0.0	0.15101583302021027	0.0	1.1288684606552124	0.0	1.3260884284973145	0.6942988038063049	0.0	1.6331714391708374	0.854800820350647	0.0	0.0	0.6038509607315063	0.5989345908164978	0.01899627037346363	1.6457850933074951	1.3574955463409424	2.1901323795318604	1.2957335710525513	1.1842879056930542	0.0	0.04337514191865921	0.821179211139679	0.8931641578674316	1.3259330987930298	0.0	0.4904462695121765	0.8132508397102356	0.07232007384300232	0.0	0.2477073073387146	0.0	1.2349711656570435	0.0	0.27904558181762695	0.0	0.0	0.4260866641998291	0.8513608574867249	0.4194679856300354	0.5829948782920837	1.4024919271469116	0.2669444978237152	0.6308350563049316	1.415295124053955	0.0	0.0	0.8502094149589539	2.4022045135498047	1.3081228733062744	0.0	2.5527901649475098	0.0	1.3776021003723145	0.0	0.0	0.0	2.101289749145508	2.150097370147705	0.0	1.232376217842102	0.0	1.800913691520691
0.6959949135780334	0.0	0.47778356075286865	0.0	0.6900896430015564	0.6796848177909851	1.9113909006118774	0.48128849267959595	0.0	1.2503846883773804	0.7669628858566284	0.0	0.0	0.6806097030639648	0.056760966777801514	0.0	1.7498741149902344	0.4923461079597473	1.4299653768539429	1.421167016029358	0.9235190749168396	0.0	0.0	0.9000925421714783	0.9129055738449097	1.1345174312591553	0.0	0.5378445386886597	0.6248674988746643	0.0	0.0	0.12497112900018692	0.0	1.190774917602539	0.17389723658561707	0.9065102934837341	0.0	0.0	0.4381525218486786	0.8576501607894897	0.3958580493927002	0.6019469499588013	1.3257157802581787	0.44099363684654236	0.6325807571411133	1.2504314184188843	0.0	0.0	0.7888303995132446	2.5891189575195312	1.8446632623672485	0.0	1.9634926319122314	0.0	1.573294997215271	0.0	0.0	0.0	2.231804132461548	2.1528384685516357	0.0	0.9618338346481323	0.04549798741936684	1.7855195999145508
0.21121929585933685	0.0	0.12374044209718704	0.0	0.3539140522480011	0.10405848175287247	1.068153738975525	0.6593638062477112	0.0	1.519836187362671	1.3170125484466553	0.0	0.0	1.0829728841781616	0.2516244351863861	0.03650105744600296	1.2985692024230957	0.6990329623222351	2.138965368270874	1.706899881362915	1.1195943355560303	0.0	0.2429266721010208	0.7645453214645386	0.9502601027488708	0.578583836555481	0.0	0.48057395219802856	0.9322271347045898	0.1360306590795517	0.0	0.6156072020530701	0.0	1.4392633438110352	0.5740472674369812	0.5623668432235718	0.0	0.0	0.30417394638061523	1.1231377124786377	0.3030606508255005	0.6469181180000305	1.2338535785675049	0.6620178818702698	0.8494120836257935	1.0694712400436401	0.0	0.0	1.065104365348816	2.084688425064087	1.630026936531067	0.0	2.166210174560547	0.0	1.1236764192581177	0.0	0.0	0.0	2.326104164123535	2.4805808067321777	0.0	0.6153278946876526	0.43175265192985535	1.7290693521499634
0.36874720454216003	0.0	0.0	0.0	0.413757860660553	0.0	1.2674882411956787	0.593148946762085	0.0	1.1603797674179077	0.9600340723991394	0.0	0.0	0.9577610492706299	0.48238256573677063	0.0	1.4443988800048828	1.0697553157806396	1.8709906339645386	1.695509672164917	1.1886547803878784	0.0	0.0	0.6063243746757507	1.2845826148986816	0.9201247096061707	0.0	0.0	0.7740477919578552	0.10283440351486206	0.0	0.10783400386571884	0.0	1.2585570812225342	0.036797598004341125	0.5400670170783997	0.0	0.0	0.5052632689476013	0.883270800113678	0.3070183992385864	0.72749924659729	1.371899127960205	0.4415206015110016	0.7684435844421387	1.176196575164795	0.0	0.0	0.9314660429954529	1.9704527854919434	1.6388415098190308	0.0	2.1403133869171143	0.0	0.9845265746116638	0.0	0.0	0.0	2.2211506366729736	2.252058267593384	0.0	0.31250184774398804	0.13407522439956665	1.7841116189956665
0.20690250396728516	0.0	0.2690253257751465	0.0	0.3947533965110779	0.0	1.3676197528839111	0.5189914107322693	0.0	1.3080819845199585	0.8995941877365112	0.0	0.0	1.108186960220337	0.33959725499153137	0.11150462180376053	1.0676146745681763	0.8961519598960876	2.1389222145080566	1.6281503438949585	1.084251880645752	0.0	0.0	1.0952693223953247	1.0753366947174072	0.8717309236526489	0.0	0.19552689790725708	1.0625879764556885	0.08585627377033234	0.0	0.07268387824296951	0.0	1.2703347206115723	0.0	0.22186096012592316	0.0	0.0	0.0	0.9332579374313354	0.25656813383102417	1.1081277132034302	1.6392581462860107	0.43869733810424805	1.2159600257873535	1.2093547582626343	0.0	0.0	0.7563891410827637	1.9257408380508423	1.480201244354248	0.0	2.195058822631836	0.0	0.9456706643104553	0.0	0.0	0.0	2.2926788330078125	2.1831507682800293	0.024333078414201736	1.1514544486999512	0.6147072315216064	1.9862239360809326
0.4760901629924774	0.0	0.22350548207759857	0.0	0.6035910248756409	0.11895222961902618	1.4250390529632568	0.47557365894317627	0.0	1.5484042167663574	0.6693674921989441	0.0	0.0	0.4434327185153961	0.12471622228622437	0.04088686779141426	1.59992516040802	0.35942474007606506	1.4910634756088257	0.9884970188140869	0.9895617365837097	0.0	0.0	0.9501510858535767	1.251399040222168	1.5513813495635986	0.0	0.8119468688964844	0.631729781627655	0.0	0.0	0.0	0.0	1.3173730373382568	0.0	0.9206458330154419	0.0	0.0	0.5860339999198914	0.7829878926277161	0.7208802103996277	0.5035525560379028	1.327100157737732	0.545961320400238	0.8369262218475342	1.1655994653701782	0.0	0.0	1.1945470571517944	3.056586265563965	1.3471888303756714	0.0	2.499478816986084	0.0	1.408538579940796	0.0	0.0	0.0	1.9130340814590454	2.1508874893188477	0.0	1.169517993927002	0.0	1.7644786834716797
0.6934868097305298	0.0	0.22222672402858734	0.0	0.9929428100585938	0.0	1.48876953125	0.16041839122772217	0.0	0.9339598417282104	0.5824435353279114	0.0	0.0	0.11991889029741287	0.2792486548423767	0.0	1.7874854803085327	0.5520727038383484	1.203566312789917	0.9640310406684875	0.992207944393158	0.0	0.0	1.1386334896087646	0.6020925045013428	1.652966856956482	0.0	0.4872549772262573	0.39567360281944275	0.0	0.0	0.36587250232696533	0.0	1.1068063974380493	0.0	0.7583104372024536	0.012557479552924633	0.0	0.5856708884239197	0.9533749222755432	0.4410550892353058	0.8984804749488831	1.21501624584198	0.36054727435112	0.6547220945358276	1.2126648426055908	0.0	0.0	0.7788152098655701	2.8532400131225586	1.136383295059204	0.0	2.074718475341797	0.0	1.59707510471344	0.0	0.0	0.0	1.9007850885391235	1.7724270820617676	0.0	1.000089168548584	0.0	1.594472885131836
0.6013264656066895	0.0	0.16275577247142792	0.0	0.7234678864479065	0.0	1.8173048496246338	0.2542141377925873	0.0	1.1090729236602783	0.6158227324485779	0.0	0.0	0.4857460856437683	0.0	0.0	1.6491665840148926	0.3139479458332062	1.2470933198928833	1.0864782333374023	1.0116980075836182	0.0	0.0	0.9242027401924133	0.6605702042579651	1.1614964008331299	0.0	0.8958784341812134	0.4962288439273834	0.0	0.0	0.10553886741399765	0.0	1.2152681350708008	0.0	1.0571609735488892	0.0	0.1378575712442398	0.5593414306640625	0.9063460230827332	0.6519970297813416	0.7243129014968872	1.34409761428833	0.42727887630462646	0.6722647547721863	1.4183112382888794	0.0	0.0	0.9703846573829651	2.959134101867676	1.204499363899231	0.0	2.0681629180908203	0.0	1.3687595129013062	0.0	0.0	0.0	1.9346495866775513	1.8627328872680664	0.0	1.0189237594604492	0.0	1.9577350616455078
0.528819739818573	0.0	0.0	0.0	0.5247353315353394	0.29648756980895996	1.1875072717666626	0.4746934771537781	0.0	1.1714107990264893	1.1253381967544556	0.0	0.0	1.2618461847305298	0.11525450646877289	0.0	1.4591275453567505	1.0461430549621582	2.078857660293579	1.7653415203094482	1.0707612037658691	0.0	0.0	0.7583292126655579	1.1990113258361816	0.6151279807090759	0.0	0.3008258044719696	0.9592238068580627	0.39895108342170715	0.0	0.28716668486595154	0.0	1.3423290252685547	0.2004586011171341	0.49112334847450256	0.0	0.0	0.2987918555736542	0.9238913655281067	0.2663719058036804	0.5105878710746765	1.4419751167297363	0.530177891254425	0.8094626665115356	1.2377710342407227	0.0	0.0	0.9766760468482971	1.7714622020721436	1.9302918910980225	0.0	2.222526788711548	0.0	0.868011474609375	0.0	0.0	0.0	2.471684694290161	2.2405591011047363	0.0	0.5106350183486938	0.24526087939739227	1.8822927474975586
0.3469894826412201	0.0	0.0	0.0	0.19927071034908295	0.0	1.165420413017273	0.7354426980018616	0.0	1.1525359153747559	1.008144497871399	0.0	0.0	1.2703564167022705	0.2715298533439636	0.0	1.2867292165756226	1.1063932180404663	2.026984930038452	1.8595335483551025	1.107782006263733	0.0	0.0	0.573733389377594	1.542295217514038	0.697320282459259	0.0	0.0	0.785142719745636	0.08921830356121063	0.0	0.03576390817761421	0.0	1.3874348402023315	0.2742863595485687	0.5643160343170166	0.0	0.0	0.3117627799510956	0.7453143000602722	0.3958357572555542	0.6936602592468262	1.5049774646759033	0.4444931447505951	0.8247012495994568	1.0785199403762817	0.0	0.0	1.050489902496338	1.9745293855667114	1.755246639251709	0.0	2.1488144397735596	0.0	0.8431838750839233	0.0	0.0	0.0	2.2004079818725586	2.2977774143218994	0.0	0.5123074054718018	0.07374794781208038	1.8591325283050537
0.5431740283966064	0.0	0.32519522309303284	0.0	0.5441006422042847	0.0	1.4448117017745972	0.4013054072856903	0.0	1.1483691930770874	0.7252534031867981	0.0	0.0	0.17114943265914917	0.020351359620690346	0.05633748322725296	1.4661237001419067	0.4203907251358032	1.503084659576416	0.9838797450065613	1.0119707584381104	0.0	0.0	1.0697184801101685	0.7532418966293335	1.6550782918930054	0.0	0.6255639791488647	0.6338647603988647	0.0	0.0	0.17590013146400452	0.0	1.3101526498794556	0.0	0.9490100145339966	0.0	0.0	0.49837830662727356	0.8491793870925903	0.5950708985328674	0.4726979732513428	1.3495492935180664	0.4728281497955322	0.7051663994789124	1.1964269876480103	0.0	0.0	1.0286741256713867	2.8818399906158447	1.1917451620101929	0.0	2.3341739177703857	0.0	1.3848419189453125	0.0	0.0	0.0	1.8945726156234741	1.8756836652755737	0.0	1.2479370832443237	0.0	1.726057529449463
0.24684734642505646	0.0	0.3495284914970398	0.0	0.4096570909023285	0.1652873158454895	1.2639259099960327	0.7452845573425293	0.0	1.3245501518249512	1.0571647882461548	0.0	0.0	1.4032047986984253	0.5227206349372864	0.17816664278507233	1.2995575666427612	0.6670271158218384	2.0217320919036865	1.7477110624313354	1.1070537567138672	0.0	0.24225963652133942	0.9806865453720093	1.231980562210083	0.4029034972190857	0.0	0.05788887292146683	0.9603050351142883	0.3215266764163971	0.0	0.42400848865509033	0.0	1.6310350894927979	0.4012286365032196	0.5602464079856873	0.0	0.009972456842660904	0.09785984456539154	0.6744817495346069	0.5358820557594299	0.42092564702033997	1.3870837688446045	0.3707984983921051	0.9785562753677368	1.1161478757858276	0.0	0.0	1.1622275114059448	2.0794460773468018	1.7858407497406006	0.0	2.4828274250030518	0.0	1.0923243761062622	0.0	0.0	0.0	2.142064332962036	2.4007019996643066	0.3600355386734009	0.5620905160903931	0.0017186339246109128	1.7850501537322998
0.3192749619483948	0.0	0.19356490671634674	0.0	0.3130204677581787	0.43272924423217773	1.3042669296264648	0.33119645714759827	0.0	1.0222197771072388	1.1274559497833252	0.0	0.0	1.1802244186401367	0.3332083225250244	0.0	1.6533362865447998	0.4509698748588562	1.7675986289978027	1.649237036705017	1.1884814500808716	0.0	0.0	0.8325366377830505	1.1668554544448853	0.8959702253341675	0.0	0.19975566864013672	0.7139772176742554	0.0	0.0	0.0	0.0	1.4212477207183838	0.09395113587379456	0.43116044998168945	0.0	0.0	0.1312779039144516	0.8512377738952637	0.34583234786987305	0.6467565894126892	1.470362663269043	0.580376386642456	0.7611111998558044	1.2921881675720215	0.0	0.0	0.7860656976699829	1.9516701698303223	1.6930739879608154	0.0	2.0262510776519775	0.0	1.188038945198059	0.0	0.0	0.0	2.0774693489074707	2.1924588680267334	0.0	0.8603577613830566	0.0	1.8243284225463867
0.48455414175987244	0.0	0.27534741163253784	0.0	0.6208968162536621	0.0	1.8652585744857788	0.2099461406469345	0.0	1.1749986410140991	0.5549254417419434	0.0	0.0	0.19916638731956482	0.10465545952320099	0.05515828728675842	1.785301923751831	0.30956828594207764	1.2731754779815674	1.1070187091827393	1.1140329837799072	0.0	0.0	0.8528345227241516	0.8862663507461548	1.7670273780822754	0.0	0.6434829235076904	0.5111951231956482	0.0	0.0	0.0	0.0	1.3328030109405518	0.0	1.1528558731079102	0.0	0.14013130962848663	0.5588903427124023	0.7325206398963928	0.6966211199760437	0.6877832412719727	1.3739995956420898	0.2995835542678833	0.7016461491584778	1.2943034172058105	0.0	0.0	1.0465110540390015	2.9043877124786377	1.220467448234558	0.0	2.0026321411132812	0.0	1.400509238243103	0.0	0.0	0.0	1.7596008777618408	1.9730007648468018	0.0	0.9690858125686646	0.0	1.8378206491470337
0.6888391971588135	0.0	0.0713539570569992	0.0	0.7868309020996094	0.0	1.6715805530548096	0.39626431465148926	0.0	1.3593446016311646	0.7789307236671448	0.0	0.0	0.4984484314918518	0.25778454542160034	0.303231805562973	1.376560091972351	0.6557345986366272	1.3987478017807007	1.3572392463684082	0.8746622204780579	0.0	0.22010385990142822	0.8972284197807312	0.6272571086883545	1.2961289882659912	0.0	0.3738137483596802	0.9445194602012634	0.041851431131362915	0.0	0.0	0.0	1.05636727809906	0.2494005560874939	1.0675768852233887	0.0	0.11854327470064163	0.4298115074634552	0.8862087726593018	0.6524540185928345	0.9097462296485901	1.477980136871338	0.4408443570137024	0.9224343299865723	1.2031123638153076	0.0	0.0	1.1148275136947632	2.6116385459899902	1.4449517726898193	0.0	2.561762571334839	0.0	1.2389882802963257	0.0	0.0	0.0	2.082214117050171	1.9095666408538818	0.0	1.1415832042694092	0.2651611566543579	1.795289158821106
0.505455732345581	0.0	0.3203432857990265	0.0	0.6863110065460205	0.32884860038757324	1.664434552192688	0.3815714120864868	0.0	1.3202533721923828	0.4947333037853241	0.0	0.0	0.36841997504234314	0.18501387536525726	0.0	1.6838418245315552	0.3636636435985565	1.4664676189422607	1.0663217306137085	0.7820517420768738	0.0	0.0	0.8911836743354797	0.7153553366661072	1.8096156120300293	0.0	0.6693626046180725	0.7852084636688232	0.0	0.0	0.305026113986969	0.0	1.393087387084961	0.0	1.0150847434997559	0.0	0.0	0.7587071657180786	0.8460211157798767	0.5786035656929016	0.8260507583618164	1.279589295387268	0.6893153190612793	0.6030340194702148	1.1362090110778809	0.0	0.0	0.6581987142562866	3.190690755844116	1.12330961227417	0.0	2.2359049320220947	0.0	1.3731752634048462	0.0	0.0	0.0	2.2252488136291504	2.10430908203125	0.0	0.9003244638442993	0.0	2.196476697921753
0.16316579282283783	0.0	0.31831422448158264	0.0	0.5258074998855591	0.0	1.6033328771591187	0.6429846286773682	0.0	1.4067158699035645	0.8761151432991028	0.0	0.0	1.0587445497512817	0.2061440348625183	0.0	1.4188543558120728	0.5040995478630066	1.7918493747711182	1.6780612468719482	1.0734449625015259	0.0	0.0	0.6444965600967407	1.09183669090271	1.1040019989013672	0.0	0.0	0.80446857213974	0.21516206860542297	0.0	0.13480640947818756	0.0	1.5954865217208862	0.41936710476875305	0.6756048202514648	0.0	0.0	0.5604639053344727	0.8496862053871155	0.3980557322502136	0.7050508260726929	1.3792551755905151	0.4260028600692749	0.7615485191345215	1.3999463319778442	0.0	0.0	1.024590253829956	2.1059179306030273	1.7913624048233032	0.0	2.0285067558288574	0.0	0.9513576626777649	0.0	0.0	0.0	2.3809683322906494	2.1489171981811523	0.33631235361099243	0.5291434526443481	0.2634848952293396	2.037909507751465
0.6165038347244263	0.0	0.5826783180236816	0.0	0.7624783515930176	0.0	1.1348484754562378	0.47272318601608276	0.0	1.3736275434494019	0.6848730444908142	0.0	0.0	1.3226064443588257	0.490959107875824	0.0	1.6731071472167969	1.1291579008102417	1.8307193517684937	1.8818470239639282	1.3047157526016235	0.0	0.0	0.5534726977348328	1.3229782581329346	0.7125643491744995	0.0	0.20243270695209503	0.7753764986991882	0.2499093860387802	0.0	0.03437823802232742	0.0	1.366213321685791	0.0	0.3265193700790405	0.0	0.0	0.6354843378067017	0.5017974972724915	0.05053102597594261	0.6949546337127686	1.3691465854644775	0.5442736148834229	1.1493980884552002	1.2737475633621216	0.0	0.0	0.5480903387069702	1.6936357021331787	1.7281620502471924	0.0	2.024277448654175	0.0	0.8564063906669617	0.0	0.0	0.0	2.2277634143829346	2.0855324268341064	0.0	0.1597113013267517	0.2549591362476349	2.00937557220459
0.051719631999731064	0.0	0.3137267231941223	0.0	0.46585363149642944	0.17317037284374237	1.1686372756958008	0.6511118412017822	0.0	0.9057106971740723	1.1180397272109985	0.0	0.0	1.2311935424804688	0.4771982729434967	0.017946653068065643	1.4727113246917725	0.9678696990013123	2.0310680866241455	2.019193172454834	1.202716588973999	0.0	0.044744282960891724	0.48133236169815063	1.2812633514404297	0.24865764379501343	0.0	0.25702232122421265	0.9360763430595398	0.27723586559295654	0.0	0.24792037904262543	0.0	1.6888339519500732	0.24235546588897705	0.2748425602912903	0.0	0.0	0.28899717330932617	0.9433317184448242	0.23555050790309906	0.6686606407165527	1.5089209079742432	0.5774756669998169	0.8250187039375305	1.2308461666107178	0.0	0.0	0.8545270562171936	1.352327585220337	1.7230921983718872	0.0	2.277843952178955	0.0	0.6761386394500732	0.0	0.0	0.0	2.0531704425811768	2.1544582843780518	0.0	0.5484341382980347	0.0	1.849926471710205
0.18277107179164886	0.0	0.4812982678413391	0.0	1.2910324335098267	0.11452678591012955	2.298600912094116	0.7352661490440369	0.0	1.3164275884628296	1.1125160455703735	0.0	0.0	0.930164098739624	0.4394884407520294	0.1400974839925766	1.6408638954162598	0.8689700961112976	1.4989277124404907	1.4980968236923218	1.1366610527038574	0.26849377155303955	0.17256352305412292	0.9744578003883362	0.6219675540924072	0.6385475993156433	0.0	0.714577853679657	0.8365488052368164	0.36017906665802	0.0	0.2717837393283844	0.0	1.6170345544815063	0.43285641074180603	0.5342814326286316	0.0	0.0	0.25400620698928833	1.17332923412323	0.5605234503746033	1.0196561813354492	1.2978556156158447	0.6586164832115173	0.8618572354316711	1.5077093839645386	0.0	0.0	0.7674155235290527	2.44980525970459	1.7597486972808838	0.0	2.2307486534118652	0.0	1.60162353515625	0.0	0.0	0.0	2.1228809356689453	2.091895341873169	0.0	1.137728214263916	0.12336995452642441	2.3069145679473877
0.4545010030269623	0.0	0.4216311573982239	0.0	0.545527994632721	0.0	1.246108055114746	0.5755056738853455	0.0	0.9924463629722595	0.6076268553733826	0.0	0.0	0.5970784425735474	0.31341859698295593	0.0	1.5887415409088135	1.1930534839630127	1.4162527322769165	1.4279718399047852	1.2323650121688843	0.0	0.0	0.7359803915023804	0.9042919874191284	1.168540358543396	0.0	0.4961032271385193	0.6638603210449219	0.0	0.0	0.006991247646510601	0.0	1.0821834802627563	0.0	0.7431783676147461	0.0	0.0	0.36059901118278503	0.8820311427116394	0.3570670187473297	0.7564777731895447	1.2543846368789673	0.3607558012008667	0.8934308290481567	1.4333549737930298	0.0	0.0	0.8464796543121338	2.3982386589050293	1.4463399648666382	0.0	2.324089527130127	0.0	1.0563219785690308	0.0	0.0	0.0	2.1832773685455322	2.0437800884246826	0.0	0.47112584114074707	0.006155793089419603	1.7827033996582031
0.4470050036907196	0.0	0.3023136258125305	0.0	0.6639103293418884	0.0	1.4633718729019165	0.5273034572601318	0.0	1.0184253454208374	0.793813943862915	0.0	0.0	0.5941507816314697	0.20408709347248077	0.18748944997787476	1.3939024209976196	0.21337057650089264	1.4430608749389648	1.150355339050293	0.8892934918403625	0.0	0.0	1.2546560764312744	1.0616188049316406	1.7936335802078247	0.0	0.6423406004905701	0.6748079657554626	0.0	0.0	0.7712512612342834	0.0	1.0958868265151978	0.0	0.7231711745262146	0.0	0.0	0.33397960662841797	0.854157030582428	0.48966577649116516	0.6699272394180298	1.2165886163711548	0.5643994212150574	0.7185291051864624	1.1575016975402832	0.0	0.0	1.4685508012771606	3.1484534740448	1.5658150911331177	0.0	2.3882946968078613	0.0	1.3570607900619507	0.0	0.0	0.0	2.102362871170044	2.078827142715454	0.0	1.2840852737426758	0.24451957643032074	1.9861699342727661
0.6154841780662537	0.0	0.11688153445720673	0.0	0.621880292892456	0.0	1.4790881872177124	0.22062857449054718	0.0	0.962961733341217	0.8957324028015137	0.0	0.0	0.732623815536499	0.2805633246898651	0.0	1.548218011856079	0.7297907471656799	1.32663094997406	1.3829597234725952	1.091933250427246	0.0	0.0	1.0023802518844604	0.7307716608047485	1.1221668720245361	0.0	0.41089725494384766	0.7108572721481323	0.0	0.0	0.016496671363711357	0.0	1.3197145462036133	0.0	0.7377442121505737	0.0	0.0	0.417567640542984	0.7471242547035217	0.4861111640930176	0.7183605432510376	1.2758294343948364	0.450186550617218	0.7061413526535034	1.2170426845550537	0.0	0.0	1.0600217580795288	2.4440126419067383	1.508504867553711	0.0	2.428032159805298	0.0	1.2210334539413452	0.0	0.0	0.0	2.1633901596069336	1.9513636827468872	0.0	0.7338967323303223	0.067937932908535	1.7891051769256592
0.5199514627456665	0.0	0.0	0.0	0.5506830811500549	0.0	1.6032183170318604	0.3184778094291687	0.0	1.327099323272705	0.7086874842643738	0.0	0.0	0.4575357139110565	0.11747832596302032	0.0	1.703852653503418	0.6500107049942017	1.4577696323394775	1.2524327039718628	1.0684181451797485	0.0	0.0	1.0719892978668213	0.8181419968605042	1.574790120124817	0.0	0.5286735892295837	0.5379478931427002	0.0	0.0	0.0	0.0	1.245795488357544	0.0	0.7966614365577698	0.0	0.0	0.5820491313934326	1.0551034212112427	0.5240734219551086	0.7281609177589417	1.351371169090271	0.3974572420120239	0.5110552906990051	1.2369384765625	0.0	0.0	0.9019394516944885	2.6380183696746826	1.090193510055542	0.0	2.0599441528320312	0.0	1.3904502391815186	0.0	0.0	0.0	2.2085468769073486	1.8474304676055908	0.0	0.8790380954742432	0.0	1.5272181034088135
0.25398603081703186	0.0	0.10701959580183029	0.0	0.5596174597740173	0.0	1.290004849433899	0.6795483827590942	0.0	1.1239914894104004	1.0098645687103271	0.0	0.0	1.4484304189682007	0.4816833734512329	0.12423881888389587	1.4575029611587524	0.8974087834358215	2.2151448726654053	1.7817814350128174	1.2833168506622314	0.0	0.36409857869148254	0.8231862783432007	1.192821979522705	0.40013113617897034	0.0	0.0	1.0239189863204956	0.6020398736000061	0.0	0.2083841860294342	0.0	1.4092704057693481	0.06232304871082306	0.14348532259464264	0.0	0.0	0.39961981773376465	0.8032642006874084	0.22248752415180206	0.6999819874763489	1.4176738262176514	0.7315242886543274	1.07537841796875	1.2229573726654053	0.0	0.0	0.8676233291625977	1.7925554513931274	1.6028425693511963	0.0	2.5612146854400635	0.0	0.9178193807601929	0.0	0.0	0.0	2.212644338607788	2.140263080596924	0.0	0.817177951335907	0.2791023254394531	2.049534797668457
0.2792104184627533	0.0	0.11580357700586319	0.0	0.18334165215492249	0.0	1.101542592048645	0.6122221946716309	0.0	1.0863032341003418	1.2049012184143066	0.0	0.0	1.1546962261199951	0.24866460263729095	0.0	1.2969526052474976	0.8341750502586365	1.9310078620910645	1.6772406101226807	1.2536780834197998	0.0	0.0	0.6685981154441833	1.1564280986785889	0.866902232170105	0.0	0.11282454431056976	1.0113579034805298	0.23566433787345886	0.0	0.0	0.0	1.5667661428451538	0.24347959458827972	0.47075363993644714	0.0	0.0	0.29624298214912415	0.9276828765869141	0.5227791666984558	0.5308084487915039	1.4868489503860474	0.3591861426830292	0.8412653207778931	1.0167371034622192	0.0	0.0	1.100597858428955	1.9280192852020264	1.6216306686401367	0.0	1.9644545316696167	0.0	0.8529183864593506	0.0	0.0	0.0	2.3536860942840576	2.3162715435028076	0.0	0.5662644505500793	0.17448879778385162	1.811605453491211
0.7130802273750305	0.0	0.056960735470056534	0.0	0.5698592066764832	0.0	1.4333757162094116	0.33633244037628174	0.0	1.2397286891937256	0.7502163052558899	0.0	0.0	0.3704763352870941	0.22787030041217804	0.0	1.59402334690094	0.4362814128398895	1.441597580909729	1.165634036064148	1.147064447402954	0.0	0.0	0.9118480682373047	1.0167977809906006	1.5090316534042358	0.0	0.5053123831748962	0.508542537689209	0.0	0.0	0.0	0.0	1.047624945640564	0.0	0.8349226117134094	0.0	0.0	0.5855952501296997	0.7891167402267456	0.5095027089118958	0.3252556324005127	1.2886701822280884	0.5115647912025452	0.7402591705322266	1.2157039642333984	0.0	0.0	0.7230632305145264	2.7202327251434326	1.0673631429672241	0.0	2.1448557376861572	0.0	1.342014193534851	0.0	0.0	0.0	1.9621046781539917	2.022413492202759	0.0	0.9315882325172424	0.0	1.6077996492385864
0.3114359676837921	0.0	0.559631884098053	0.0	0.6276498436927795	0.31981876492500305	1.1662691831588745	0.7678650617599487	0.0	0.7394787669181824	1.0063319206237793	0.0	0.0	1.1196465492248535	0.47542235255241394	0.0	1.447357177734375	0.941807210445404	2.1158254146575928	1.7299753427505493	1.2786664962768555	0.0	0.0	0.7266544103622437	1.4686532020568848	0.955413281917572	0.0	0.2309170514345169	0.6793928742408752	0.15273255109786987	0.0	0.5636969208717346	0.0	1.3760366439819336	0.11101288348436356	0.6129066348075867	0.0	0.0	0.6334397792816162	0.8196894526481628	0.36546701192855835	0.7065644264221191	1.1456772089004517	0.20509977638721466	0.7682186365127563	1.0059454441070557	0.0	0.0	0.8166990876197815	1.880047082901001	1.589084267616272	0.0	2.0865590572357178	0.0	1.289265751838684	0.0	0.0	0.0	2.3737010955810547	2.195488452911377	0.0	0.4167932868003845	0.16620948910713196	2.0815746784210205
0.6520564556121826	0.0	0.0037554737646132708	0.0	0.6185964941978455	0.0	1.5437513589859009	0.26449689269065857	0.0	1.2195415496826172	0.5935451984405518	0.0	0.0	0.23747463524341583	0.05786861479282379	0.046334173530340195	1.5921134948730469	0.5696659684181213	1.4461555480957031	1.1907668113708496	1.0336616039276123	0.0	0.0	0.9995488524436951	1.01848566532135	1.7485463619232178	0.0	0.7091512084007263	0.506637454032898	0.0	0.0	0.0	0.0	1.029228687286377	0.0	1.1322060823440552	0.0	0.0	0.7274664640426636	0.7521682977676392	0.7136260867118835	0.4959346652030945	1.1954528093338013	0.550508439540863	0.625277578830719	1.2543715238571167	0.0	0.0	0.9806147217750549	2.8816802501678467	1.2332934141159058	0.0	2.308751344680786	0.0	1.480109691619873	0.0	0.0	0.0	2.1401925086975098	2.0587034225463867	0.0	0.7299919724464417	0.0	1.4358986616134644
0.28915733098983765	0.0	0.3244323134422302	0.0	0.7523598670959473	0.0	1.2279448509216309	0.4225817918777466	0.0	1.5093979835510254	1.001362919807434	0.0	0.0	1.2116963863372803	0.18060867488384247	0.0	1.5790547132492065	0.34324216842651367	1.8757257461547852	1.6333332061767578	0.9925554394721985	0.0	0.0	0.7883976697921753	0.8519866466522217	0.8534455299377441	0.0	0.5533159971237183	0.8396469950675964	0.21754620969295502	0.0	0.6855795979499817	0.0	1.3591200113296509	0.46487098932266235	0.6993985176086426	0.0	0.0	0.0	1.000646948814392	0.4958421587944031	0.7106989026069641	1.3078086376190186	0.39550986886024475	0.8761322498321533	1.3734196424484253	0.0	0.0	0.9599891304969788	2.0821259021759033	2.1017746925354004	0.0	2.342590093612671	0.0	0.9108119010925293	0.0	0.0	0.0	2.2865843772888184	2.448899745941162	0.0	0.6148902177810669	0.30442675948143005	2.1004459857940674
0.6417021155357361	0.0	0.1704380363225937	0.0	1.0318888425827026	0.0	1.6283687353134155	0.3393452763557434	0.0	1.103140115737915	0.802588701248169	0.0	0.0	0.32507526874542236	0.49852123856544495	0.1231737956404686	1.6060786247253418	0.6341769695281982	1.5011122226715088	1.2483404874801636	1.177398681640625	0.0	0.0	1.1019742488861084	0.9050848484039307	1.4509087800979614	0.0	0.6805667877197266	0.7447563409805298	0.0	0.0	0.0	0.0	1.117543339729309	0.0	0.9727937579154968	0.0	0.0	0.8682126998901367	0.7965294122695923	0.5006772875785828	0.6514002084732056	1.3683439493179321	0.30483126640319824	0.7001563906669617	1.354702115058899	0.0	0.0	0.9601918458938599	2.830953598022461	1.5227932929992676	0.0	1.9463393688201904	0.0	1.3974218368530273	0.0	0.0	0.0	1.8908672332763672	1.983376145362854	0.0	0.8896957039833069	0.0	1.8858641386032104
0.7356613278388977	0.0	0.2497735619544983	0.0	0.6287891864776611	0.412262886762619	1.761698603630066	0.3838472068309784	0.0	1.1129860877990723	0.575476348400116	0.0	0.0	0.5392671823501587	0.0	0.17651806771755219	1.7588313817977905	0.18407967686653137	1.257384181022644	1.1622591018676758	0.7172662019729614	0.0	0.0	1.4634737968444824	0.5646382570266724	1.9328529834747314	0.0	0.49932795763015747	0.7593756318092346	0.0	0.0	0.45379510521888733	0.0	1.347122073173523	0.10424318164587021	0.912002682685852	0.05975427106022835	0.18123507499694824	0.46005523204803467	1.191990613937378	0.7823047637939453	0.6908094882965088	1.5135838985443115	0.46616873145103455	0.9017167687416077	1.4515788555145264	0.0	0.0	0.8335482478141785	3.1207196712493896	1.4380487203598022	0.0	2.269085645675659	0.0	1.3558685779571533	0.0	0.0	0.0	2.1792922019958496	1.8378736972808838	0.0	1.25113844871521	0.09000133723020554	1.8641791343688965
0.3118283450603485	0.0	0.24554312229156494	0.0	0.5362675786018372	0.5119860172271729	1.2096143960952759	0.644952118396759	0.0	0.9873154759407043	1.0614302158355713	0.0	0.0	1.1775853633880615	0.3731047213077545	0.0	1.3600589036941528	0.9064738750457764	2.084385871887207	1.7171247005462646	1.3282837867736816	0.0	0.0	0.6005595326423645	1.1491801738739014	0.7609497308731079	0.0	0.21260687708854675	0.8657631874084473	0.30586186051368713	0.0	0.03042316436767578	0.0	1.152956485748291	0.05274467170238495	0.3935922682285309	0.0	0.0	0.4438747465610504	0.7208666205406189	0.3479442000389099	0.5237348079681396	1.4371647834777832	0.4234609603881836	0.8364412784576416	1.162571907043457	0.0	0.0	0.9889257550239563	2.118406295776367	1.6636055707931519	0.0	2.086028575897217	0.0	0.8623204231262207	0.0	0.0	0.0	2.2038328647613525	2.2984044551849365	0.0	0.4878758490085602	0.04016944766044617	1.7266950607299805
0.5401557683944702	0.0	0.06328966468572617	0.0	0.5823205709457397	0.0	1.5210158824920654	0.436801940202713	0.0	1.3265964984893799	0.6384660601615906	0.0	0.0	0.3993622362613678	0.09667982906103134	0.0	1.5827546119689941	0.503242552280426	1.4966880083084106	1.1709052324295044	0.9344949126243591	0.0	0.0	0.8853586316108704	0.8194184899330139	1.4837359189987183	0.0	0.49781689047813416	0.47428807616233826	0.0	0.0	0.0	0.0	1.2110880613327026	0.24567480385303497	1.1149977445602417	0.0	0.0	0.502472460269928	0.8303395509719849	0.6116576194763184	0.8400585055351257	1.2689653635025024	0.42764848470687866	0.4840523302555084	1.4065409898757935	0.0	0.0	0.9747613072395325	2.652909994125366	1.2541495561599731	0.0	2.252474784851074	0.0	1.72877836227417	0.0	0.0	0.0	2.097703218460083	2.0495970249176025	0.0	0.7365355491638184	0.06226480379700661	1.5881167650222778
0.06431647390127182	0.0	0.1250656247138977	0.0	0.2790585458278656	0.26382479071617126	1.0740960836410522	0.5987412333488464	0.0	1.0943952798843384	1.2033494710922241	0.0	0.0	1.3411139249801636	0.48588404059410095	0.0	1.2942423820495605	0.9334668517112732	2.4866762161254883	1.9486169815063477	1.2102725505828857	0.0	0.049299005419015884	0.5494744777679443	0.9718156456947327	0.14704950153827667	0.0	0.4348769187927246	0.8804779052734375	0.20771066844463348	0.0	0.7534030675888062	0.0	1.2953879833221436	0.3575136661529541	0.36553892493247986	0.0	0.0	0.46583646535873413	1.0643668174743652	0.13382455706596375	1.0109602212905884	1.327998399734497	0.5138546824455261	0.8665729761123657	1.122552514076233	0.0	0.0	1.1208699941635132	1.680801510810852	1.7272448539733887	0.0	1.826123595237732	0.0	0.6745755672454834	0.0	0.0	0.0	2.531174898147583	2.379197120666504	0.0	0.25759899616241455	0.23448266088962555	2.0515432357788086
0.6995074152946472	0.0	0.2990320026874542	0.0	0.5282821655273438	0.21341122686862946	1.7831920385360718	0.12498601526021957	0.0	0.6558583378791809	0.5109891295433044	0.0	0.0	0.0878029316663742	0.15887410938739777	0.39966464042663574	1.9020509719848633	0.36670511960983276	1.255775809288025	1.007261037826538	1.0471398830413818	0.0	0.0	0.9169344902038574	1.068745493888855	1.4342453479766846	0.0	0.6727064251899719	0.4096476435661316	0.0	0.0	0.0	0.0	0.8556065559387207	0.0	0.8495001792907715	0.0	0.0	0.5207949280738831	1.0256824493408203	0.5389286279678345	0.13978661596775055	1.193779706954956	0.3435186743736267	0.6567025184631348	1.10896635055542	0.0	0.0	0.8265875577926636	3.0012903213500977	1.2937699556350708	0.0	2.417182445526123	0.0	1.7064080238342285	0.0	0.0	0.0	1.8631142377853394	2.0989644527435303	0.0	1.459017038345337	0.0	1.7144914865493774
0.3904467523097992	0.0	0.0	0.0	0.5362295508384705	0.003590051317587495	1.4355154037475586	0.47448813915252686	0.0	1.251017451286316	1.164382815361023	0.0	0.0	1.0853651762008667	0.42756935954093933	0.0	1.3649871349334717	0.6541324853897095	1.95066237449646	1.8997278213500977	1.068555235862732	0.0	0.0	0.5888460874557495	1.4547690153121948	0.9137161374092102	0.0	0.22344429790973663	0.7792115807533264	0.0	0.0	0.028205763548612595	0.0	1.4474058151245117	0.30497148633003235	0.5823000073432922	0.0	0.0	0.2239653617143631	0.8588760495185852	0.43688300251960754	0.5590604543685913	1.3871427774429321	0.4662969410419464	0.7849799394607544	1.091199278831482	0.0	0.0	0.8941094875335693	1.9053865671157837	1.5835847854614258	0.0	2.355365753173828	0.0	0.8848464488983154	0.0	0.0	0.0	2.2952561378479004	2.179966926574707	0.0	0.6926500201225281	0.11301732808351517	1.7327677011489868
0.34015774726867676	0.0	0.04471409320831299	0.0	0.581756055355072	0.0	1.3162634372711182	0.49781128764152527	0.0	1.0796252489089966	1.0249358415603638	0.0	0.0	1.4158821105957031	0.3344419002532959	0.0	1.559727430343628	0.9497819542884827	2.070589542388916	1.8859277963638306	1.2323918342590332	0.0	0.0	0.5916136503219604	1.1589818000793457	0.4532272219657898	0.0	0.5366566181182861	0.7807489037513733	0.1601264327764511	0.0	0.8875641226768494	0.0	1.3741083145141602	0.21486584842205048	0.4004786014556885	0.0	0.0	0.3175354599952698	1.0886491537094116	0.13910971581935883	0.7689839601516724	1.3067327737808228	0.6127555966377258	0.6737709641456604	1.2701283693313599	0.0	0.0	0.8977737426757812	1.9049477577209473	1.4909865856170654	0.0	2.108947277069092	0.0	0.7923856973648071	0.0	0.0	0.0	2.491912841796875	2.182757616043091	0.0	0.4163700342178345	0.034080665558576584	1.994328498840332
0.04962826520204544	0.0	0.2292744666337967	0.0	0.47175726294517517	0.4344499409198761	1.0762702226638794	0.9139623045921326	0.0	1.2531707286834717	1.2748650312423706	0.0	0.0	1.4271769523620605	0.4862765073776245	0.0	1.362756609916687	1.2379385232925415	2.335747718811035	1.894938588142395	1.171107292175293	0.0	0.18498705327510834	0.5952527523040771	1.4798288345336914	0.2789630591869354	0.0	0.07553022354841232	0.7588924765586853	0.19816230237483978	0.0	0.3837536573410034	0.0	1.1952979564666748	0.3111083507537842	0.2621806263923645	0.0	0.0	0.25941693782806396	0.7765917778015137	0.3011012673377991	0.8078544735908508	1.4656084775924683	0.2885926365852356	0.9891993999481201	1.0675939321517944	0.0	0.0	1.2886652946472168	1.744897484779358	1.9500550031661987	0.0	2.2415339946746826	0.0	0.733086347579956	0.0	0.0	0.0	2.1953835487365723	2.236302375793457	0.0	0.4438497722148895	0.1512490063905716	2.028376340866089
0.4601283669471741	0.0	0.3384135067462921	0.0	0.5992344617843628	0.1152334213256836	1.7426191568374634	0.7656202912330627	0.0	0.799439013004303	1.0519787073135376	0.0	0.0	0.7686294317245483	0.3788803219795227	0.05109948664903641	1.8440076112747192	0.5657876133918762	1.8166135549545288	1.2476304769515991	0.871498167514801	0.0	0.0	1.430111050605774	1.4766837358474731	2.1261329650878906	0.0	0.6978106498718262	0.5119430422782898	0.0	0.0	0.27184006571769714	0.0	1.5196807384490967	0.3895825445652008	0.7447613477706909	0.0	0.0	0.744784951210022	1.2780946493148804	0.7210270762443542	0.7602139711380005	1.3022608757019043	0.07487602531909943	0.8488791584968567	0.9576865434646606	0.0	0.0	0.7181355953216553	2.8429718017578125	1.4968702793121338	0.0	1.5697194337844849	0.0	1.5688203573226929	0.0	0.0	0.08319329470396042	2.1228082180023193	1.9568651914596558	0.0	0.8962569236755371	0.1261894851922989	1.9999217987060547
0.7896163463592529	0.0	0.26453879475593567	0.0	0.3849206268787384	0.0	1.649497151374817	0.17981600761413574	0.0	0.9898991584777832	0.8335101008415222	0.0	0.0	0.397254079580307	0.2592405378818512	0.06894820183515549	1.5646154880523682	0.5267918705940247	1.3760018348693848	1.225992202758789	1.151620864868164	0.0	0.0	1.2883038520812988	0.8552705645561218	1.4207803010940552	0.0	0.46427565813064575	0.5645329356193542	0.0	0.0	0.17735515534877777	0.0	1.085431694984436	0.0	0.8485227227210999	0.0	0.0	0.5443189740180969	0.8600452542304993	0.5254250764846802	0.8980990052223206	1.2743899822235107	0.4055739641189575	0.714103639125824	1.2835824489593506	0.0	0.0	1.0018055438995361	2.814133882522583	1.3258709907531738	0.0	2.4074864387512207	0.0	1.3455523252487183	0.0	0.0	0.0	2.0944526195526123	1.8553998470306396	0.0	0.9025251865386963	0.0	1.8763720989227295
0.6546376347541809	0.0	0.16102606058120728	0.0	0.8019064664840698	0.0	1.7137397527694702	0.23835130035877228	0.0	1.0325343608856201	0.5435661673545837	0.0	0.0	0.0	0.09238472580909729	0.22825101017951965	1.6821753978729248	0.4781475067138672	1.2063179016113281	0.862434446811676	0.9765120148658752	0.0	0.0	1.1899919509887695	0.747999906539917	2.156078338623047	0.0	0.7260094881057739	0.5386446118354797	0.0	0.0	0.0	0.0	0.8225918412208557	0.0	1.142989993095398	0.0	0.0	0.5738847255706787	0.8742664456367493	0.636354923248291	0.03922252729535103	1.1842873096466064	0.4223800301551819	0.6424253582954407	1.096840500831604	0.0	0.0	1.0074206590652466	3.279777765274048	1.0054296255111694	0.0	2.3814139366149902	0.0	1.5438086986541748	0.0	0.0	0.0	1.7195703983306885	1.8704420328140259	0.0	1.1624373197555542	0.0	1.4905887842178345
0.32507914304733276	0.0	0.2664133906364441	0.0	0.6720520257949829	0.180159330368042	1.2338292598724365	1.0818182229995728	0.0	1.3174355030059814	1.4674607515335083	0.0	0.0	1.2750568389892578	0.5105767250061035	0.0	1.3980958461761475	1.5035746097564697	2.1752350330352783	1.9484384059906006	1.2575044631958008	0.0	0.1428244709968567	0.9101797342300415	1.262235403060913	0.7098908424377441	0.0	0.39734894037246704	0.9039235711097717	0.35236459970474243	0.0	0.32263219356536865	0.0	1.3181029558181763	0.5732738375663757	0.3347181975841522	0.0	0.0	0.6464436650276184	1.1299552917480469	0.47014811635017395	0.49572765827178955	1.5798320770263672	0.5739468932151794	0.9377071261405945	1.1658155918121338	0.0	0.0	1.2043458223342896	1.8791755437850952	1.7835443019866943	0.0	2.3539304733276367	0.0	0.6778870820999146	0.0	0.0	0.0	2.1700470447540283	2.2553465366363525	0.0	0.5102591514587402	0.41685834527015686	2.0390584468841553
0.47682738304138184	0.0	0.23855939507484436	0.0	0.6145709156990051	0.0074553582817316055	1.6399052143096924	0.2542380392551422	0.0	1.09070885181427	0.7410128712654114	0.0	0.0	0.3363146185874939	0.4072825312614441	0.0	1.9318923950195312	0.8435559272766113	1.486236810684204	1.2104928493499756	1.4059338569641113	0.0	0.0	0.7833539247512817	0.6597663760185242	1.315873622894287	0.0	0.5045577883720398	0.7285626530647278	0.0	0.0	0.0	0.0	1.2144677639007568	0.0	0.6099892854690552	0.0	0.0	0.7415067553520203	0.7204650044441223	0.5336773991584778	0.756091296672821	1.3258185386657715	0.4659936726093292	0.784739077091217	1.2351503372192383	0.0	0.0	0.9790839552879333	2.68878436088562	1.2702232599258423	0.0	1.7979520559310913	0.0	1.4568129777908325	0.0	0.0	0.0	1.8664796352386475	1.93098783493042	0.0	0.8823657035827637	0.0	1.8521989583969116
0.7504469752311707	0.0	0.10697924345731735	0.0	0.9504231810569763	0.0	1.6378076076507568	0.23006696999073029	0.0	0.7503760457038879	0.5759230256080627	0.0	0.0	0.0	0.22446149587631226	0.03634309396147728	1.863402009010315	0.5118619203567505	1.3752357959747314	1.0818371772766113	1.0674076080322266	0.0	0.0	0.8606391549110413	0.9859697222709656	1.717552900314331	0.0	0.8333823084831238	0.28753897547721863	0.0	0.0	0.0	0.0	0.8656779527664185	0.0	1.0567927360534668	0.0033117253333330154	0.0	0.7759711742401123	0.994290828704834	0.4298688471317291	0.32244038581848145	1.1999808549880981	0.21919269859790802	0.63633793592453	1.2402175664901733	0.0	0.0	0.8552150130271912	2.9326839447021484	0.9478594660758972	0.0	2.1412343978881836	0.0	1.3423914909362793	0.0	0.0	0.0	1.8177891969680786	1.8271989822387695	0.0	1.4883383512496948	0.0	1.3351507186889648
0.8420822024345398	0.0	0.280222624540329	0.0	0.8264279365539551	0.0	1.4569628238677979	0.10529270023107529	0.0	1.0519309043884277	0.5637712478637695	0.0	0.0	0.007353758439421654	0.197373166680336	0.06814994663000107	1.7667888402938843	0.7861803770065308	1.2749955654144287	0.9952020049095154	1.0314831733703613	0.0	0.0	1.381990671157837	0.7814840078353882	1.6523444652557373	0.0	0.8907443284988403	0.49721312522888184	0.0	0.0	0.0	0.0	1.11271333694458	0.0	0.9027712345123291	0.04653404653072357	0.0	0.6737627983093262	0.8132756352424622	0.43627554178237915	0.21186263859272003	1.2783710956573486	0.37736329436302185	0.7827107310295105	1.3217463493347168	0.0	0.0	0.7089062333106995	3.0447518825531006	1.2960209846496582	0.0	2.1508636474609375	0.0	1.4840643405914307	0.0	0.0	0.0	1.9360874891281128	1.8318936824798584	0.0	0.7849919199943542	0.0	1.4914671182632446
0.0580788254737854	0.0	0.2271931916475296	0.0	0.3528338372707367	0.6718441843986511	1.0899083614349365	0.7135564684867859	0.0	1.2433960437774658	1.2626270055770874	0.0	0.0	1.223814606666565	0.7858373522758484	0.0	1.4382609128952026	1.4666131734848022	2.6843607425689697	1.8819905519485474	1.4009901285171509	0.0	0.0	0.790603518486023	1.716464877128601	0.662620484828949	0.0	0.0	1.1282305717468262	0.4256172776222229	0.0	0.2825514078140259	0.0	1.3362417221069336	0.315095990896225	0.13351114094257355	0.0	0.0	0.48688647150993347	0.8892213106155396	0.41864243149757385	0.7578266263008118	1.2854286432266235	0.1981227695941925	0.8141033053398132	1.0910183191299438	0.0	0.0	1.1407166719436646	1.6679542064666748	2.053004026412964	0.0	2.0676605701446533	0.0	0.8269591331481934	0.0	0.0	0.09783114492893219	2.327833890914917	1.9718447923660278	0.0	0.7764226794242859	0.5500101447105408	1.9197033643722534
0.10177811980247498	0.0	0.07862603664398193	0.0	0.8134629726409912	0.24907976388931274	1.3959966897964478	0.5135505795478821	0.0	1.0528537034988403	0.9561704993247986	0.0	0.0	1.2794407606124878	0.21036072075366974	0.0	1.2485955953598022	0.5525139570236206	1.6800309419631958	1.6765451431274414	1.1021161079406738	0.0	0.0	0.7808665037155151	0.7051602005958557	0.8118318915367126	0.0	0.32451552152633667	0.8894331455230713	0.08338268101215363	0.0	0.23372119665145874	0.0	1.442125916481018	0.263702392578125	0.5928853750228882	0.0	0.0	0.4189929664134979	0.8374402523040771	0.34983325004577637	0.8941370844841003	1.6489193439483643	0.5519532561302185	0.7440066933631897	1.3381683826446533	0.0	0.0	1.1522495746612549	2.0292508602142334	1.7017680406570435	0.0	2.21445894241333	0.0	0.8852750658988953	0.0	0.0	0.0	2.21934175491333	2.086167097091675	0.0	0.9145389795303345	0.025238139554858208	1.8827592134475708
0.5458058714866638	0.0	0.16029687225818634	0.0	0.7957671880722046	0.0	1.5956977605819702	0.2082812339067459	0.0	0.9908480048179626	0.6752200126647949	0.0	0.0	0.49968716502189636	0.06079210713505745	0.0	1.8718829154968262	0.3414945900440216	1.2982145547866821	1.247445821762085	1.0105674266815186	0.0	0.0	1.0278890132904053	0.7231051325798035	1.4977561235427856	0.0	0.8120418190956116	0.5651801824569702	0.0	0.0	0.0	0.0	1.1880959272384644	0.0	0.9240276217460632	0.0	0.0	0.4595145583152771	0.834403932094574	0.43314212560653687	0.6442855596542358	1.2402198314666748	0.6449379324913025	0.7034410238265991	1.1487281322479248	0.0	0.0	0.7103296518325806	2.6612191200256348	1.3200830221176147	0.0	2.1240592002868652	0.0	1.491499900817871	0.0	0.0	0.0	2.1689136028289795	2.135434150695801	0.0	0.4310365319252014	0.0252385213971138	1.5581543445587158
0.6479219198226929	0.0	0.16798608005046844	0.0	0.5281856060028076	0.04104659706354141	1.5000214576721191	0.37185072898864746	0.0	0.7777535915374756	0.6378754377365112	0.0	0.0	0.4681051969528198	0.3300202488899231	0.0	1.5936647653579712	0.8226878643035889	1.8679167032241821	1.3836854696273804	1.1856945753097534	0.0	0.0	0.9300945997238159	1.1951920986175537	1.2831343412399292	0.0	0.3765355050563812	0.6056572794914246	0.0	0.0	0.0	0.0	1.192715048789978	0.0062807234935462475	0.7585289478302002	0.0	0.06795746833086014	0.700030505657196	0.7119892239570618	0.5138991475105286	0.8796350955963135	1.3240822553634644	0.22578246891498566	0.4832078814506531	1.2871421575546265	0.0	0.0	1.0488536357879639	2.468022584915161	1.5825573205947876	0.0	1.9928711652755737	0.0	1.4254379272460938	0.0	0.0	0.0	2.0010476112365723	2.0383191108703613	0.0	0.4793514609336853	0.0	1.5927975177764893
0.567904531955719	0.0	0.11112312227487564	0.0	0.5574814081192017	0.0	1.7162835597991943	0.20748817920684814	0.0	0.9087731242179871	0.8852549195289612	0.0	0.0	0.39540597796440125	0.27475693821907043	0.0	1.469319462776184	0.471464604139328	1.4749572277069092	1.276675820350647	0.9764406681060791	0.0	0.0	1.0508583784103394	1.085092544555664	1.3911092281341553	0.0	0.572717547416687	0.6161339282989502	0.0	0.0	0.0	0.0	1.6301559209823608	0.35927993059158325	0.9711424112319946	0.0	0.0	0.465438574552536	0.8837679624557495	0.6479480862617493	0.8308761119842529	1.371384859085083	0.37413379549980164	0.6230366826057434	1.1781798601150513	0.0	0.0	1.084990382194519	2.5633456707000732	1.566762924194336	0.0	2.1257503032684326	0.0	1.406758427619934	0.0	0.0	0.0	2.039794683456421	2.039217233657837	0.0	1.0954183340072632	0.0	1.7390140295028687
0.18592394888401031	0.0	0.2063898742198944	0.0	0.2584376037120819	0.18068017065525055	1.279567837715149	0.7140872478485107	0.0	1.1320428848266602	0.9308716654777527	0.0	0.0	1.2537856101989746	0.39701172709465027	0.0	1.3809140920639038	1.0756349563598633	1.960344672203064	1.666175127029419	1.198999047279358	0.0	0.0	0.6311401724815369	1.3280644416809082	0.8896493315696716	0.0	0.03300850838422775	0.738386869430542	0.0	0.0	0.2782505750656128	0.0	1.2598391771316528	0.40287157893180847	0.5090050101280212	0.0	0.0	0.3583030104637146	0.7260361313819885	0.43665531277656555	0.8392711877822876	1.267647624015808	0.3059712052345276	0.8593063950538635	1.0752495527267456	0.0	0.0	0.9614177346229553	1.8903799057006836	1.9735920429229736	0.0	2.197521924972534	0.0	0.8425099849700928	0.0	0.0	0.0	2.486062526702881	2.2085251808166504	0.0	0.515933096408844	0.2777343690395355	1.8436768054962158
0.13766862452030182	0.0	0.396063894033432	0.0	0.49826228618621826	0.21621151268482208	1.163867712020874	0.6738430261611938	0.0	1.1271497011184692	0.9812113642692566	0.0	0.0	1.2681641578674316	0.6833117604255676	0.0	1.7107263803482056	1.0747394561767578	2.1785995960235596	1.9474363327026367	1.221070408821106	0.0	0.0	0.7215864062309265	1.602817177772522	0.631495475769043	0.0	0.2723194360733032	0.9077559113502502	0.12381771951913834	0.0	0.32152581214904785	0.0	1.5278611183166504	0.0009956278372555971	0.43793606758117676	0.0	0.0	0.44653087854385376	0.7135069966316223	0.19159270823001862	0.6356348991394043	1.5274266004562378	0.4034535586833954	1.0021119117736816	1.3090794086456299	0.0	0.0	0.7479563355445862	1.405497431755066	1.619078516960144	0.0	2.119800329208374	0.0	0.86554354429245	0.0	0.0	0.0	2.2414612770080566	2.1664891242980957	0.0	0.594433069229126	0.275907963514328	1.9277018308639526
0.32366013526916504	0.0	0.25362104177474976	0.0	0.50868159532547	0.0	1.3237502574920654	0.1740250289440155	0.0	1.1304242610931396	1.0046156644821167	0.0	0.0	1.1007519960403442	0.07451165467500687	0.0	1.58210289478302	0.2687581777572632	1.5950864553451538	1.6674169301986694	1.1193811893463135	0.0	0.0	1.0494966506958008	0.5694382190704346	0.5146648287773132	0.0	0.04981839656829834	0.7545526623725891	0.0	0.0	0.15330928564071655	0.0	1.5329779386520386	0.5355700254440308	0.5403478145599365	0.0	0.08960078656673431	0.0	0.7539793848991394	0.20303139090538025	0.6999608874320984	1.3680578470230103	0.4805990755558014	0.7284067273139954	1.4419368505477905	0.0	0.0	0.9354385733604431	1.9464918375015259	1.869952917098999	0.0	2.0204641819000244	0.0	0.8915975689888	0.0	0.0	0.0	2.0302464962005615	2.0579190254211426	0.0	0.6856863498687744	0.16875477135181427	2.0846195220947266
0.4091503918170929	0.0	0.269424170255661	0.0	0.8011667728424072	0.12600457668304443	1.4617527723312378	0.7481063604354858	0.0	1.1869491338729858	1.1050699949264526	0.0	0.0	0.5546032786369324	0.025503525510430336	0.0	1.3280608654022217	0.13116812705993652	1.471632480621338	1.1951824426651	0.7735117673873901	0.0	0.0	0.9954473972320557	0.8517834544181824	1.472217321395874	0.0	0.9333735704421997	0.48977404832839966	0.0	0.07734428346157074	0.2159256935119629	0.0	1.3912665843963623	0.3802487552165985	0.933691680431366	0.0	0.0	0.44257378578186035	1.2570390701293945	0.6561005115509033	0.8436220288276672	1.1382328271865845	0.4109543263912201	0.7249423861503601	1.0470079183578491	0.0	0.0	0.9512899518013	2.644036054611206	1.4743164777755737	0.0	2.21183180809021	0.0	1.6642333269119263	0.0	0.0	0.0	2.2133657932281494	2.1834778785705566	0.0	1.2028535604476929	0.0	1.9786258935928345
0.0	0.0	0.0	0.0	0.6767429113388062	0.0	1.4632192850112915	0.4066123366355896	0.0	1.1418954133987427	0.9465264678001404	0.0	0.0	1.3348530530929565	0.49074846506118774	0.0	1.5746359825134277	0.5146028399467468	2.0757296085357666	1.8187695741653442	1.1359467506408691	0.0	0.24899525940418243	0.659566342830658	0.7504352331161499	0.6460667252540588	0.0	0.5148599147796631	0.921845555305481	0.4311557114124298	0.0	0.5829406380653381	0.0	1.381333351135254	0.036712754517793655	0.25320401787757874	0.0	0.0	0.2612153887748718	0.880355715751648	0.2393139898777008	1.019399881362915	1.4469633102416992	0.5011458992958069	0.9551424384117126	1.3371623754501343	0.0	0.0	1.0217667818069458	1.8227262496948242	1.9803258180618286	0.0	2.0301597118377686	0.0	0.7784534692764282	0.0	0.0	0.0	2.3066413402557373	2.1657559871673584	0.0	0.8917361497879028	0.19623631238937378	2.1982643604278564
0.10920087993144989	0.0	0.672845184803009	0.0	0.7617455720901489	0.9935318231582642	0.93850177526474	0.564877450466156	0.0	1.4418874979019165	1.19426429271698	0.0	0.0	1.4283640384674072	0.4423622488975525	0.0	1.55421781539917	0.8593382239341736	2.3026702404022217	1.6686935424804688	1.2184560298919678	0.0	0.44427165389060974	0.7923353314399719	1.2493815422058105	0.13753379881381989	0.0	0.0	0.9298256635665894	0.0859379768371582	0.0	0.3110998868942261	0.0	1.7131792306900024	0.35117045044898987	0.0	0.0	0.0	0.04752463102340698	1.0755594968795776	0.3377431631088257	1.1531250476837158	1.1776573657989502	0.644300639629364	0.9412105679512024	1.1262637376785278	0.0	0.0	0.7944201827049255	1.6562389135360718	2.008115291595459	0.0	2.3787827491760254	0.0	0.8320367932319641	0.0	0.0	0.0	2.25301456451416	2.598592758178711	0.0	0.7178835272789001	0.32826441526412964	1.8864789009094238
0.0	0.0	0.7520014643669128	0.0	0.37834295630455017	0.4949047565460205	1.0945746898651123	0.7418745756149292	0.0	1.052872657775879	1.1776766777038574	0.0	0.0	1.5339175462722778	0.7567761540412903	0.21037252247333527	1.196162223815918	1.3774840831756592	2.2474188804626465	1.7940022945404053	1.376070499420166	0.0	0.07708194851875305	0.6809526681900024	1.3211275339126587	0.7276431322097778	0.0	0.2797825038433075	1.1266709566116333	0.8439634442329407	0.0	0.2632679343223572	0.0	1.22934889793396	0.015035182237625122	0.007296724244952202	0.0	0.0	0.3460119366645813	0.7641949653625488	0.2919761538505554	0.8269500732421875	1.6324498653411865	0.6270282864570618	1.2948598861694336	1.0587430000305176	0.0	0.0	1.0282578468322754	1.821845531463623	1.9374414682388306	0.0	2.155252695083618	0.0	0.8756711483001709	0.0	0.0	0.0	2.2708942890167236	2.110034942626953	0.0	0.7087447047233582	0.37753310799598694	2.249089002609253
0.021876607090234756	0.0	0.02179340086877346	0.0	0.3039257228374481	0.0	1.0671651363372803	0.5525370240211487	0.0	1.4700403213500977	1.0506739616394043	0.0	0.0	1.3518321514129639	0.604395866394043	0.0	1.462992548942566	0.7014366388320923	2.2395832538604736	1.7268686294555664	1.4102985858917236	0.0	0.0	0.720076322555542	0.9326892495155334	0.5010377764701843	0.0	0.03654427453875542	1.0175652503967285	0.19741378724575043	0.0	0.16433501243591309	0.0	1.2395256757736206	0.11056973040103912	0.021386701613664627	0.0	0.0	0.10706595331430435	1.0262662172317505	0.211409330368042	0.9079859256744385	1.6363255977630615	0.42063820362091064	1.0699198246002197	1.1970300674438477	0.0	0.0	0.7181432247161865	1.5876919031143188	1.8315550088882446	0.0	2.0148277282714844	0.0	0.8206172585487366	0.0	0.0	0.0	2.2947232723236084	2.1027727127075195	0.06172902509570122	0.7565163373947144	0.25338712334632874	1.8785269260406494
0.15303952991962433	0.0	0.031066566705703735	0.0	0.3564402461051941	0.0	1.2919174432754517	0.5856008529663086	0.0	1.0892657041549683	1.053162932395935	0.0	0.0	1.5385065078735352	0.33833712339401245	0.0	1.2939335107803345	1.0249627828598022	2.002955436706543	1.9141229391098022	1.2857965230941772	0.0	0.0	0.6290997266769409	1.0207823514938354	0.6676931381225586	0.0	0.4125809669494629	0.9780232906341553	0.12346414476633072	0.0	0.6584406495094299	0.0	1.3580666780471802	0.2705596089363098	0.16568826138973236	0.0	0.0	0.2504057288169861	0.9962917566299438	0.1509982943534851	1.0012098550796509	1.4386069774627686	0.32296890020370483	0.6780993342399597	1.1265655755996704	0.0	0.0	0.8970250487327576	1.6822435855865479	2.0771853923797607	0.0	1.9898782968521118	0.0	0.6879875659942627	0.0	0.0	0.0	2.6504018306732178	2.0058791637420654	0.0	0.4210112988948822	0.5205212831497192	2.259922981262207
0.6709415316581726	0.0	0.22558896243572235	0.0	1.0678120851516724	0.16714052855968475	1.8515207767486572	0.6456315517425537	0.0	1.0792896747589111	0.5860216021537781	0.0	0.0	0.5416772365570068	0.25399070978164673	0.09916546195745468	1.652819275856018	0.4873856008052826	1.3377902507781982	1.1770026683807373	1.0333393812179565	0.0	0.0	0.826197624206543	1.2626030445098877	1.6067475080490112	0.0	0.9089335799217224	0.8346279263496399	0.0	0.0	0.0	0.0	1.4388271570205688	0.0	0.8417271971702576	0.0	0.0	0.6843622922897339	0.8758009076118469	0.6473004221916199	0.6545361280441284	1.282731056213379	0.36686915159225464	0.8012753129005432	1.1975116729736328	0.0	0.0	0.9100121259689331	2.770472764968872	1.3555214405059814	0.0	2.4912357330322266	0.0	1.507239818572998	0.0	0.0	0.0	1.8822418451309204	1.9054381847381592	0.0	1.247873067855835	0.0	1.9405766725540161
0.19740110635757446	0.0	0.0	0.0	0.43047282099723816	0.42568713426589966	1.1068994998931885	0.9287375211715698	0.0	1.3056882619857788	1.2285300493240356	0.0	0.0	1.3740328550338745	0.49900203943252563	0.0	1.3699454069137573	1.1160134077072144	2.3529183864593506	1.894271969795227	1.1997060775756836	0.0	0.028600601479411125	0.5579839944839478	1.6333643198013306	0.52177894115448	0.0	0.0	0.7935780882835388	0.34802255034446716	0.0	0.3825179636478424	0.0	1.3876689672470093	0.45316746830940247	0.35974204540252686	0.0	0.0	0.4718075394630432	0.7923256158828735	0.4225328266620636	0.9115778803825378	1.3268715143203735	0.4112623631954193	0.7547001838684082	1.0459660291671753	0.0	0.0	1.2778457403182983	1.6250990629196167	2.1470491886138916	0.0	2.1852171421051025	0.0	0.8832333087921143	0.0	0.0	0.0	2.4741930961608887	2.263923406600952	0.060935016721487045	0.4495760202407837	0.2171313613653183	1.8774745464324951
0.33432918787002563	0.0	0.18012024462223053	0.0	0.49861231446266174	0.0	1.1223361492156982	0.7061830759048462	0.0	1.2554428577423096	1.120503306388855	0.0	0.0	0.9268874526023865	0.3978910744190216	0.0	1.2663614749908447	1.132320523262024	1.8819059133529663	1.695661187171936	1.3799471855163574	0.0	0.0	0.7097638249397278	1.4361613988876343	0.8999297618865967	0.0	0.008463027887046337	0.7718786001205444	0.0	0.0	0.08628437668085098	0.0	1.3595521450042725	0.15290378034114838	0.7111339569091797	0.0	0.0	0.7119893431663513	0.8034986853599548	0.3801265060901642	0.7219581604003906	1.3899897336959839	0.35946065187454224	0.6603370904922485	1.1732467412948608	0.0	0.0	1.045017957687378	2.035950183868408	1.5598591566085815	0.0	1.9575051069259644	0.0	0.8694052696228027	0.0	0.0	0.0	2.246727228164673	2.3193366527557373	0.0	0.4154374599456787	0.0795745700597763	1.8046921491622925
0.6216920018196106	0.20674832165241241	0.7595241665840149	0.0	0.7645753622055054	1.6690024137496948	1.5140057802200317	1.0182174444198608	0.0	1.430152416229248	1.2410086393356323	0.0	0.0	0.6480302214622498	0.5158827304840088	0.6741607189178467	1.870620608329773	0.2733420431613922	1.4529491662979126	1.156173586845398	0.989933967590332	0.0	0.7854828238487244	1.3702892065048218	1.2252825498580933	1.2992440462112427	0.0	0.9417769908905029	0.9293466806411743	0.0	0.0	0.6243348717689514	0.0	1.0954256057739258	0.5823140144348145	0.7902181148529053	0.0	0.0	0.522865355014801	1.1554622650146484	0.41291847825050354	0.5048140287399292	1.0616867542266846	0.27884921431541443	0.589024007320404	1.0402888059616089	0.0	0.0	0.9721733331680298	2.863769769668579	2.0641798973083496	0.0	3.0962939262390137	0.0	1.8157215118408203	0.0	0.0	0.0	2.0945146083831787	2.0605521202087402	0.12137342989444733	2.017123222351074	0.47255852818489075	1.5663928985595703
0.37504905462265015	0.0	0.13176411390304565	0.0	0.5313125848770142	0.0	1.2771364450454712	0.5890787243843079	0.0	1.676430344581604	1.1171201467514038	0.0	0.0	0.9090995192527771	0.414617121219635	0.0	1.3237470388412476	1.1479350328445435	1.8226088285446167	1.6491386890411377	1.239991545677185	0.0	0.0	0.7082870602607727	1.0433529615402222	0.8401774764060974	0.0	0.09832131117582321	0.77720046043396	0.11088026314973831	0.0	0.0	0.0	1.2507097721099854	0.09419723600149155	0.535488486289978	0.0	0.0	0.44020840525627136	0.9422999620437622	0.36809590458869934	0.61702960729599	1.3841699361801147	0.4074101448059082	0.7956134080886841	1.1953288316726685	0.0	0.0	0.9510459899902344	2.1110999584198	1.4633749723434448	0.0	2.1560800075531006	0.0	0.8823446035385132	0.0	0.0	0.0	2.2807352542877197	2.096931219100952	0.0	0.5840069651603699	0.4333028793334961	1.7916020154953003
0.33221733570098877	0.0	0.27794525027275085	0.0	0.6019486784934998	0.1377534419298172	1.254954218864441	0.5351037383079529	0.0	1.235857367515564	1.0854052305221558	0.0	0.0	1.0265954732894897	0.36329877376556396	0.024099605157971382	1.5620838403701782	1.0651153326034546	2.0695486068725586	1.6602803468704224	1.2917077541351318	0.0	0.0	1.0176799297332764	1.2648262977600098	1.393607497215271	0.0	0.3797150254249573	0.8051110506057739	0.0	0.0	0.0	0.0	1.308026671409607	0.20535729825496674	0.36075201630592346	0.0	0.0	0.24959856271743774	0.847396194934845	0.4469359219074249	0.39891719818115234	1.3479654788970947	0.5474452972412109	0.6443906426429749	1.2832449674606323	0.0	0.0	0.8470365405082703	2.0226051807403564	1.5655802488327026	0.0	2.2863481044769287	0.0	1.0000951290130615	0.0	0.0	0.0	2.187729835510254	2.2400527000427246	0.0	1.1255667209625244	0.018689390271902084	2.073587417602539
0.6242958307266235	0.0	0.23106059432029724	0.0	0.6104497909545898	0.0	1.5218573808670044	0.27229079604148865	0.0	1.05038321018219	0.7851449251174927	0.0	0.0	0.5522385835647583	0.4847743809223175	0.0	1.659304141998291	0.47675520181655884	1.6932106018066406	1.3176264762878418	1.1289764642715454	0.0	0.0	0.7358095049858093	1.2002605199813843	1.2833231687545776	0.0	0.5306001901626587	0.5953524708747864	0.0	0.0	0.0	0.0	1.4806491136550903	0.0	0.9494297504425049	0.0	0.0	0.5671092867851257	0.8267192244529724	0.49976158142089844	0.8951169848442078	1.2303062677383423	0.4278792440891266	0.5765012502670288	1.224266529083252	0.0	0.0	0.8704843521118164	2.5527102947235107	1.3157050609588623	0.0	2.340319871902466	0.0	1.2672381401062012	0.0	0.0	0.0	2.138432502746582	1.8915343284606934	0.0	0.6820318698883057	0.0	1.9059199094772339
0.5066819787025452	0.0	0.1213933601975441	0.0	0.5054368376731873	0.0	1.6059291362762451	0.21395343542099	0.0	1.0151132345199585	0.8025547862052917	0.0	0.0	0.3702126741409302	0.051620002835989	0.18349872529506683	1.4999291896820068	0.30009347200393677	1.2372028827667236	1.1981163024902344	0.9281088709831238	0.0	0.0	1.1519314050674438	0.7373907566070557	1.4273864030838013	0.0	0.5637651681900024	0.701515257358551	0.0	0.0	0.0	0.0	1.190785527229309	0.0	0.8752661347389221	0.0	0.0	0.3896211087703705	0.7811301350593567	0.6096473336219788	0.49815353751182556	1.313156247138977	0.48994749784469604	0.8107050657272339	1.0987602472305298	0.0	0.0	0.9450862407684326	2.804302453994751	1.3040043115615845	0.0	2.361398458480835	0.0	1.4633089303970337	0.0	0.0	0.0	2.212989568710327	2.0447311401367188	0.0	1.1976613998413086	0.12860611081123352	1.9137414693832397
0.1289757788181305	0.0	0.03544963151216507	0.0	0.5674580931663513	0.0	1.0696008205413818	0.7987497448921204	0.0	1.4136418104171753	0.8327367305755615	0.0	0.0	1.4296201467514038	0.5905892848968506	0.0	1.5407782793045044	0.8474897146224976	2.41428279876709	1.7483701705932617	1.220277190208435	0.0	0.0	0.35800740122795105	1.5794895887374878	0.8345320820808411	0.0	0.17472954094409943	0.7670013904571533	0.27675509452819824	0.0	0.19014208018779755	0.0	1.2045860290527344	0.13746128976345062	0.3089918792247772	0.0	0.0	0.18513886630535126	0.6758811473846436	0.20581570267677307	0.719337522983551	1.4598127603530884	0.31059250235557556	0.997651219367981	1.17056143283844	0.0	0.0	0.8321423530578613	1.7792598009109497	1.9485529661178589	0.0	2.0696487426757812	0.0	0.7878575325012207	0.0	0.0	0.0	2.290618419647217	2.35372257232666	0.0	0.5093255043029785	0.25009140372276306	1.851622223854065
0.5823132991790771	0.0	0.09706171602010727	0.0	0.9382600784301758	0.0	1.6443108320236206	0.3370160460472107	0.0	1.2128140926361084	0.8990976214408875	0.0	0.0	0.602687418460846	0.0	0.0	1.7579503059387207	0.21827661991119385	1.2882115840911865	1.4184919595718384	0.7435098886489868	0.0	0.24000543355941772	1.1738475561141968	0.799290657043457	2.035329580307007	0.0	0.7068275213241577	0.689583957195282	0.0	0.0	0.4461292326450348	0.0	1.4103784561157227	0.5687983632087708	1.1911498308181763	0.0	0.034041449427604675	0.382750004529953	0.9896120429039001	0.6328776478767395	0.8877111673355103	1.271621584892273	0.5353476405143738	0.8883568644523621	1.2035361528396606	0.0	0.0	1.0909068584442139	2.564981460571289	1.5473201274871826	0.0	2.4021449089050293	0.0	1.2955254316329956	0.0	0.0	0.0	2.3162310123443604	2.2048392295837402	0.0	0.4528861343860626	0.4472177028656006	1.8961745500564575
1.0097955465316772	0.0	0.16817216575145721	0.0	0.9336560368537903	0.0	1.706588864326477	0.3604089319705963	0.0	1.1135883331298828	0.7614316344261169	0.0	0.0	0.0	0.06365403532981873	0.0	1.7154476642608643	0.4041721224784851	0.8935920000076294	0.9802935719490051	0.8664254546165466	0.0	0.0	0.9351643323898315	0.9863651394844055	2.2801010608673096	0.0	0.8193779587745667	0.5280808806419373	0.0	0.0	0.0	0.0	1.8904125690460205	0.1479460597038269	1.3535479307174683	0.0	0.31007975339889526	0.7770015597343445	0.9796112775802612	0.5178520083427429	0.8293926119804382	1.1923826932907104	0.7478764653205872	0.8023545742034912	1.4075900316238403	0.0	0.0	0.8540862798690796	3.0909478664398193	1.2963734865188599	0.0	2.0904440879821777	0.0	1.8477979898452759	0.0	0.0	0.0	1.7913264036178589	1.8844233751296997	0.0	0.5806400179862976	0.0	1.5664403438568115
0.17845600843429565	0.0	0.34739962220191956	0.0	0.28107506036758423	0.0	1.1574727296829224	0.7059232592582703	0.0	0.9991686344146729	1.1001782417297363	0.0	0.0	1.0933442115783691	0.266690731048584	0.0	1.3686513900756836	0.8209850192070007	1.9826207160949707	1.7548887729644775	1.2601274251937866	0.0	0.0	0.6144023537635803	0.9887862205505371	0.9775505065917969	0.0	0.011546904221177101	0.8380522727966309	0.3992645740509033	0.0	0.2762947976589203	0.0	1.3584996461868286	0.2588489055633545	0.46944093704223633	0.0	0.0	0.36746546626091003	0.7849025130271912	0.3396613597869873	0.6005651354789734	1.3571138381958008	0.5185479521751404	0.8649268746376038	1.1899285316467285	0.0	0.0	0.8364529609680176	1.768571138381958	1.857100486755371	0.0	2.2214176654815674	0.0	0.8624804615974426	0.0	0.0	0.0	2.339815855026245	2.220108985900879	0.0	0.5893757939338684	0.20258018374443054	1.799691915512085
0.5429431200027466	0.0	0.09071509540081024	0.0	0.22069333493709564	0.2071743607521057	1.1027249097824097	0.3657379448413849	0.0	1.0746327638626099	0.9592190980911255	0.0	0.0	1.336766004562378	0.3103332221508026	0.0	1.8466497659683228	0.7146869897842407	1.5460940599441528	1.618087887763977	1.0920424461364746	0.0	0.0	1.024126410484314	1.1975537538528442	1.1132173538208008	0.0	0.6178570985794067	0.667529284954071	0.0	0.0	0.22274605929851532	0.0	1.5316544771194458	0.19346462190151215	0.49414578080177307	0.0	0.0	0.14261779189109802	1.0158264636993408	0.3428240716457367	0.6958646774291992	1.6153981685638428	0.7518910765647888	0.681590735912323	1.1852132081985474	0.0	0.0	0.7782926559448242	1.9481301307678223	1.6932753324508667	0.0	2.4128401279449463	0.0	0.9674378633499146	0.0	0.0	0.0	1.98732590675354	2.23045015335083	0.0	0.8500462770462036	0.10738097876310349	2.0282583236694336
0.5863223075866699	0.0	0.12655124068260193	0.0	0.5307638049125671	0.0	1.4711931943893433	0.23078154027462006	0.0	0.9048869013786316	0.6053820252418518	0.0	0.0	0.40134358406066895	0.08709263056516647	0.0	1.6115087270736694	0.5361964106559753	1.194258689880371	1.265873670578003	1.0119990110397339	0.0	0.0	0.8932632803916931	0.781341016292572	1.3562954664230347	0.0	0.7257156372070312	0.4361065924167633	0.0	0.0	0.0	0.0	1.067131519317627	0.0	0.8096087574958801	0.0	0.0	0.5713384747505188	0.889239490032196	0.43970850110054016	0.3328741788864136	1.5075242519378662	0.5159536004066467	0.6543857455253601	1.1827223300933838	0.0	0.0	0.8561161160469055	2.817948818206787	1.2399849891662598	0.0	2.2928712368011475	0.0	1.3656253814697266	0.0	0.0	0.0	1.9755569696426392	1.7751166820526123	0.0	0.8495334386825562	0.0	1.7609962224960327
0.1427280455827713	0.0	0.005911496467888355	0.0	0.0	0.0	1.1254364252090454	0.4630333185195923	0.0	1.2365914583206177	1.1186156272888184	0.0	0.0	1.1857243776321411	0.2794547975063324	0.16691219806671143	1.1526240110397339	0.08854179084300995	1.8969974517822266	1.7796099185943604	0.9272391200065613	0.0	0.04515247419476509	1.0944651365280151	0.5868764519691467	0.38353362679481506	0.0	0.16585884988307953	1.095916986465454	0.011402902193367481	0.0	0.37598130106925964	0.0	1.3994028568267822	0.8983737230300903	0.5244030356407166	0.0	0.0	0.0	0.8297327756881714	0.41166824102401733	0.8578182458877563	1.4385584592819214	0.504436731338501	0.5506097078323364	1.0632171630859375	0.0	0.0	1.3549962043762207	1.957721471786499	2.0535411834716797	0.0	2.330713987350464	0.0	0.6580718755722046	0.0	0.0	0.0	2.1934354305267334	2.3018529415130615	0.0	0.4782450795173645	0.3237721025943756	1.9757442474365234
0.2999298870563507	0.0	0.5222746133804321	0.0	0.2749997079372406	0.0558382049202919	1.2068612575531006	0.6575385928153992	0.0	1.3111745119094849	1.1918367147445679	0.0	0.0	1.1748136281967163	0.31963664293289185	0.0	1.3449832201004028	0.9364688396453857	2.0000226497650146	1.7412116527557373	1.2810300588607788	0.0	0.0	0.5100585222244263	1.0887603759765625	0.7016832828521729	0.0	0.06345249712467194	0.8501729965209961	0.0	0.0	0.23447641730308533	0.0	1.35065758228302	0.2747250497341156	0.49056297540664673	0.0	0.0	0.7250249981880188	0.786645770072937	0.38352787494659424	0.6471822261810303	1.5514439344406128	0.46805140376091003	0.9220431447029114	1.0751268863677979	0.0	0.0	1.2599796056747437	1.977754831314087	1.8247878551483154	0.0	2.2797653675079346	0.0	0.9050122499465942	0.0	0.0	0.0	2.3051645755767822	2.266500473022461	0.0	0.6553254723548889	0.16635514795780182	1.8677175045013428
0.27645426988601685	0.5336571335792542	0.13876403868198395	0.0	0.826953649520874	0.05533909797668457	1.772051215171814	0.23841315507888794	0.0	1.2543941736221313	0.762328028678894	0.0	0.0	0.4417000114917755	0.15179996192455292	0.36716604232788086	1.5986223220825195	0.4981989562511444	1.8205558061599731	1.3566946983337402	1.0418976545333862	0.0	0.4743845462799072	1.0027151107788086	1.1126848459243774	1.7724897861480713	0.0	0.7271487712860107	0.7539317607879639	0.0	0.0	0.12322022765874863	0.0	1.2227072715759277	0.0	1.0581973791122437	0.0	0.0	0.6042056083679199	1.2172554731369019	0.5913663506507874	0.5285388231277466	1.5309224128723145	0.1648387908935547	0.9188891649246216	1.3182756900787354	0.0	0.0	0.8051236867904663	2.6236586570739746	1.1475117206573486	0.0	2.320211410522461	0.0	1.4075855016708374	0.0	0.0	0.0	2.0711545944213867	2.2858545780181885	0.08342000097036362	1.7009735107421875	0.16053220629692078	2.3608992099761963
0.4353140592575073	0.0	0.054413069039583206	0.0	0.36590060591697693	0.0	1.186128854751587	0.40373533964157104	0.0	1.2963684797286987	1.0803660154342651	0.0	0.0	1.0219818353652954	0.28567561507225037	0.0	1.7477202415466309	0.6838743090629578	1.9885601997375488	1.7171725034713745	1.289584755897522	0.0	0.0	0.6747977137565613	1.1051632165908813	0.999672532081604	0.0	0.7945572137832642	0.8533225059509277	0.10677999258041382	0.0	0.0	0.0	1.330100417137146	0.21856150031089783	0.4965498149394989	0.0	0.0	0.36432909965515137	0.8028308153152466	0.391738623380661	0.5456007122993469	1.2504278421401978	0.6644985675811768	0.779196560382843	1.1821945905685425	0.0	0.0	0.9549797177314758	2.2043323516845703	1.5254950523376465	0.0	2.2830910682678223	0.0	1.0835959911346436	0.0	0.0	0.0	2.297471523284912	2.1430814266204834	0.0	0.6965769529342651	0.022175811231136322	1.8716793060302734
0.1190880835056305	0.0	0.13030894100666046	0.0	0.6162065267562866	0.22353139519691467	1.189191222190857	0.8386131525039673	0.0	1.3181859254837036	1.0990582704544067	0.0	0.0	1.3328533172607422	0.7389712929725647	0.0	1.5021591186523438	1.0702126026153564	2.539407253265381	1.932867407798767	1.4660838842391968	0.08348527550697327	0.0	0.3107627034187317	1.5272648334503174	0.5441188812255859	0.0	0.22464796900749207	0.9445583820343018	0.372704416513443	0.0	0.38713476061820984	0.0	1.434221863746643	0.0	0.2587529122829437	0.0	0.0	0.5276235938072205	0.6926369071006775	0.1062450259923935	0.9397025108337402	1.3561885356903076	0.6451069712638855	1.1351522207260132	1.211678147315979	0.0	0.0	0.7421223521232605	1.4560123682022095	1.4647897481918335	0.0	2.177173376083374	0.0	0.9358614087104797	0.0	0.0	0.0	2.401686668395996	2.3786964416503906	0.0	0.48849931359291077	0.14377374947071075	1.609428882598877
0.2913528382778168	0.0	0.0	0.0	0.36137649416923523	0.0	1.3850210905075073	0.5680665373802185	0.0	1.102190375328064	0.8682324886322021	0.0	0.0	1.164933204650879	0.4229515790939331	0.13512007892131805	1.598622441291809	0.5988068580627441	1.8550857305526733	1.745268702507019	1.1767292022705078	0.0	0.0	0.9074694514274597	0.9528841972351074	1.012511134147644	0.0	0.12478972226381302	0.7623369693756104	0.1713341921567917	0.0	0.1551491767168045	0.0	1.2589516639709473	0.3485107421875	0.4604758322238922	0.0	0.0	0.13037316501140594	0.8589441776275635	0.33723753690719604	0.7403445243835449	1.3963449001312256	0.5248066186904907	0.794501781463623	1.2711962461471558	0.0	0.0	1.0040676593780518	1.9327753782272339	1.476937174797058	0.0	2.2377960681915283	0.0	0.9425053000450134	0.0	0.0	0.0	2.0448851585388184	2.039501667022705	0.0	0.6528750658035278	0.00496347900480032	1.857956886291504
0.6950061917304993	0.0	0.6948835253715515	0.0	0.7378090023994446	0.06904572993516922	1.5106476545333862	0.253728449344635	0.0	1.235733151435852	0.6018989086151123	0.0	0.0	0.313978910446167	0.0	0.2813946008682251	1.5758540630340576	0.37024086713790894	1.325231909751892	0.902504563331604	0.8029212355613708	0.0	0.12492390722036362	1.2563587427139282	0.6198822259902954	1.5452994108200073	0.0	0.6713448166847229	0.521761417388916	0.0	0.0	0.41698548197746277	0.0	1.3411777019500732	0.0	0.8231925368309021	0.07676472514867783	0.0	0.5533229112625122	0.8135284781455994	0.5877812504768372	0.5115627646446228	1.261381983757019	0.6465380191802979	0.6578041315078735	1.195552945137024	0.0	0.0	0.8550503253936768	3.3342041969299316	1.297379493713379	0.0	2.5236213207244873	0.0	1.437562108039856	0.0	0.0	0.0	1.9066064357757568	1.9090092182159424	0.0	1.939542531967163	0.0	1.9785107374191284
0.6893367767333984	0.0	0.10141059011220932	0.0	0.9791463613510132	0.0	1.4516781568527222	0.277142733335495	0.0	1.1170501708984375	0.6271889805793762	0.0	0.0	0.45691755414009094	0.17315466701984406	0.0	1.5287692546844482	0.8429699540138245	1.469507098197937	1.0925501585006714	1.2009154558181763	0.0	0.0	1.0276405811309814	0.886734127998352	1.4324235916137695	0.0	0.862529993057251	0.44167155027389526	0.06581335514783859	0.0	0.0	0.0	1.2304694652557373	0.0	0.8449199199676514	0.0	0.0	0.5022215843200684	0.7175488471984863	0.65535569190979	0.48551857471466064	1.2403151988983154	0.4022994935512543	0.7065337896347046	1.1420308351516724	0.0	0.0	0.8227874040603638	2.8946025371551514	1.1093865633010864	0.0	2.0478901863098145	0.0	1.3515758514404297	0.0	0.0	0.0	2.0048024654388428	2.0089447498321533	0.0	0.6460882425308228	0.0	1.4686839580535889
0.10409609228372574	0.0	0.05879826843738556	0.0	0.4854382276535034	0.0	1.294803261756897	0.9964472651481628	0.0	1.2666279077529907	1.194072961807251	0.0	0.0	0.9585951566696167	0.3440726101398468	0.0	1.3762949705123901	0.5861198306083679	1.74380624294281	1.686705231666565	1.045365571975708	0.0	0.0	0.5957326292991638	0.6827203035354614	0.7615256309509277	0.0	0.3860050141811371	1.2047014236450195	0.29603880643844604	0.0	0.33736518025398254	0.0	1.237748622894287	0.8506193161010742	0.6473193168640137	0.0	0.0	0.2732985019683838	0.8333499431610107	0.3972302973270416	0.8702600598335266	1.4077246189117432	0.3670463263988495	0.8816165328025818	1.310834527015686	0.0	0.0	1.0756067037582397	2.0745506286621094	2.102083444595337	0.0	2.063890218734741	0.0	0.8427135348320007	0.0	0.0	0.0	2.262284278869629	2.0332884788513184	0.0	0.44791358709335327	0.10620684176683426	2.057295560836792
0.24801361560821533	0.0	0.29104501008987427	0.0	0.6380906701087952	0.4807981252670288	1.222470998764038	0.5986893773078918	0.0	1.0291000604629517	1.005753755569458	0.0	0.0	1.0987513065338135	0.31992411613464355	0.0	1.64976966381073	0.5874677300453186	1.968335747718811	1.6528269052505493	1.1576967239379883	0.0	0.0	0.916187047958374	1.3613405227661133	1.3162469863891602	0.0	0.4044797122478485	0.6792508959770203	0.2650472819805145	0.0	0.26546165347099304	0.0	1.3491560220718384	0.0	0.5149739980697632	0.0	0.0	0.2189956158399582	0.9269860982894897	0.4918138384819031	0.5578345060348511	1.3601197004318237	0.5137394666671753	0.9747632741928101	1.0886491537094116	0.0	0.0	0.9036726355552673	2.087202787399292	1.317728877067566	0.0	2.2628896236419678	0.0	1.2664626836776733	0.0	0.0	0.0	2.1473355293273926	2.2096598148345947	0.0	0.920782208442688	0.0	1.9652279615402222
0.6359418630599976	0.0	0.39065295457839966	0.0	0.7802380919456482	0.0	1.667173147201538	0.4588988423347473	0.0	0.9959901571273804	0.5094428062438965	0.0	0.0	0.09630858153104782	0.2509511411190033	0.0	1.8075772523880005	0.4358628988265991	1.323407530784607	0.9940409064292908	0.8814156651496887	0.0	0.0	0.9757032990455627	0.8766175508499146	1.9565191268920898	0.0	0.753883421421051	0.5367841124534607	0.0	0.0	0.0	0.0	1.280437707901001	0.0	1.100927710533142	0.0	0.11914669722318649	0.5514687299728394	0.8627104163169861	0.513553261756897	0.8845075368881226	1.0100470781326294	0.4041901230812073	0.6186639070510864	1.1916528940200806	0.0	0.0	0.6602742075920105	3.146681785583496	1.237284541130066	0.0	2.322117567062378	0.0	1.5996726751327515	0.0	0.0	0.023202937096357346	2.0955417156219482	1.9466785192489624	0.0	1.0096452236175537	0.0	1.4676997661590576
0.6588542461395264	0.0	0.2797624170780182	0.0	0.5286468267440796	0.015401394106447697	1.7734957933425903	0.1835332065820694	0.0	0.7947524189949036	0.5597123503684998	0.0	0.0	0.027918484061956406	0.20432044565677643	0.0	1.5688780546188354	0.46695849299430847	1.1853928565979004	1.1375066041946411	1.132285237312317	0.0	0.0	0.8345670104026794	0.9002685546875	1.4626554250717163	0.0	0.8390567302703857	0.4087633788585663	0.0	0.0	0.0	0.0	1.1434118747711182	0.04674099013209343	1.0195257663726807	0.0	0.0	0.6469246745109558	0.7408950924873352	0.6386850476264954	0.5815703272819519	1.2094446420669556	0.4639745056629181	0.5419453978538513	1.197729468345642	0.0	0.0	0.9992290735244751	2.8001632690429688	1.413329839706421	0.0	1.9345766305923462	0.0	1.2979481220245361	0.0	0.0	0.0	1.8623125553131104	1.9872957468032837	0.0	0.451174259185791	0.0	1.5459309816360474
0.2761487662792206	0.0	0.37179845571517944	0.0	0.49491554498672485	0.013373109512031078	1.2842228412628174	0.7327283024787903	0.0	1.1141865253448486	0.9944917559623718	0.0	0.0	1.0846999883651733	0.488177627325058	0.0	1.453765630722046	1.1529349088668823	2.0715181827545166	1.712140679359436	1.3387867212295532	0.0	0.0	0.6499310731887817	1.1175367832183838	0.9873096942901611	0.0	0.20394490659236908	1.0268665552139282	0.0	0.0	0.048927173018455505	0.0	1.3408238887786865	0.0859207734465599	0.5096146464347839	0.0	0.0	0.6317365169525146	0.8256407380104065	0.4018469750881195	0.6525077223777771	1.5063424110412598	0.34483814239501953	0.9138375520706177	1.2029616832733154	0.0	0.0	1.0165175199508667	2.0484976768493652	1.66618013381958	0.0	2.0933315753936768	0.0	0.8460228443145752	0.0	0.0	0.0	2.1864168643951416	2.2518720626831055	0.0	0.6241418123245239	0.1110343188047409	1.8950592279434204
0.3354323208332062	0.0	0.12012684345245361	0.0	0.47274330258369446	0.0	1.2714897394180298	0.6193928718566895	0.0	1.2364295721054077	1.1510306596755981	0.0	0.0	1.1450610160827637	0.5097387433052063	0.0	1.5727378129959106	0.8954598903656006	1.9180580377578735	1.7379889488220215	1.1658132076263428	0.0	0.0	0.5559943914413452	1.488168716430664	0.8160197138786316	0.0	0.1755809485912323	0.764065146446228	0.0	0.0	0.13497062027454376	0.0	1.269483208656311	0.43895021080970764	0.5654729604721069	0.0	0.0	0.1598491221666336	0.7936320900917053	0.3966863751411438	0.8929675221443176	1.3645280599594116	0.37835371494293213	0.9722496867179871	1.0928874015808105	0.0	0.0	1.028863549232483	1.861688256263733	1.5363198518753052	0.0	2.055574417114258	0.0	0.7814813852310181	0.0	0.0	0.0	2.2839488983154297	2.4456679821014404	0.0	0.45092421770095825	0.14825943112373352	1.9053359031677246
0.34120985865592957	0.0	0.19954094290733337	0.0	0.5148873925209045	0.040515799075365067	1.1878455877304077	0.5583736300468445	0.0	1.2223625183105469	1.174748420715332	0.0	0.0	1.122035026550293	0.31904923915863037	0.0	1.4627076387405396	0.9470527768135071	2.2063825130462646	1.8800066709518433	1.27472984790802	0.0	0.0	0.4933440685272217	1.1781623363494873	0.8125901222229004	0.0	0.2240661233663559	0.8048009276390076	0.3480328917503357	0.0	0.0	0.0	1.3567495346069336	0.15540966391563416	0.3157637417316437	0.0	0.0	0.3950187563896179	0.7467296123504639	0.3446965515613556	0.8446797132492065	1.457377314567566	0.42510101199150085	1.0960355997085571	1.1024457216262817	0.0	0.0	0.9169992804527283	2.0294911861419678	1.6397373676300049	0.0	2.0922415256500244	0.0	0.8358373641967773	0.0	0.0	0.0	2.4637701511383057	2.384204864501953	0.0	0.563520073890686	0.29302340745925903	1.8022438287734985
0.01490334514528513	0.0	0.30010852217674255	0.0	0.44276466965675354	0.512353241443634	1.0938175916671753	0.8623396158218384	0.0	0.9684365391731262	1.1761497259140015	0.0	0.0	1.4282317161560059	0.3198728859424591	0.0	1.3132336139678955	1.2030872106552124	2.454972743988037	1.8988345861434937	1.3081802129745483	0.0	0.36722683906555176	0.6000811457633972	1.6397149562835693	0.36147794127464294	0.0	0.19194476306438446	0.8309881687164307	0.21902669966220856	0.0	0.18226750195026398	0.0	1.2584134340286255	0.29814207553863525	0.37468162178993225	0.0	0.0	0.4151195287704468	0.9937199354171753	0.371076762676239	0.9872685074806213	1.4083306789398193	0.3634735643863678	0.7359197735786438	0.9510017037391663	0.0	0.0	1.2024660110473633	1.6553665399551392	1.9392039775848389	0.0	2.039689779281616	0.0	0.7394828796386719	0.0	0.0	0.0	2.2635581493377686	2.2788333892822266	0.0	0.6282297968864441	0.24435555934906006	1.9414544105529785
0.4540137052536011	0.0	0.15702930092811584	0.0	0.48456043004989624	0.0	1.3684684038162231	0.3006908595561981	0.0	1.5023365020751953	1.019228219985962	0.0	0.0	0.7923359870910645	0.44355493783950806	0.0	1.4607094526290894	0.6120195388793945	1.6925572156906128	1.2833306789398193	1.1923861503601074	0.0	0.0	0.884651780128479	0.8670740127563477	1.290475606918335	0.0	0.2968563735485077	0.7216930389404297	0.0	0.0	0.0	0.0	1.140199899673462	0.0	0.6026596426963806	0.0	0.0	0.3839784562587738	0.680404007434845	0.599428117275238	0.5465136170387268	1.4335715770721436	0.2633662521839142	0.8686465620994568	1.155547022819519	0.0	0.0	1.0747445821762085	2.5950043201446533	1.2705291509628296	0.0	2.140960454940796	0.0	1.3370180130004883	0.0	0.0	0.0	2.2183141708374023	1.9697543382644653	0.0	1.1798406839370728	0.2933979332447052	1.98887300491333
0.053959544748067856	0.0	0.25891146063804626	0.0	0.5936703681945801	0.0	1.4115495681762695	0.9247410893440247	0.0	1.1625593900680542	1.2295608520507812	0.0	0.0	0.8142577409744263	0.5955033898353577	0.0	1.3584989309310913	1.4252244234085083	2.2782647609710693	1.8023878335952759	1.4858036041259766	0.0	0.0	0.6279688477516174	1.2899925708770752	0.6490921378135681	0.0	0.03386256843805313	0.7646087408065796	0.3997901678085327	0.0	0.1709267646074295	0.0	1.3195085525512695	0.10100072622299194	0.3874944746494293	0.0	0.0	0.5191488265991211	0.8759716749191284	0.4872448444366455	0.516744077205658	1.355141520500183	0.2856549620628357	0.6680569648742676	1.2986878156661987	0.0	0.0	1.2533766031265259	1.5909940004348755	1.372551441192627	0.0	2.4131546020507812	0.0	0.9676868319511414	0.0	0.0	0.0	2.1096177101135254	2.137850046157837	0.0	0.7762569785118103	0.13996069133281708	1.8088188171386719
0.27222582697868347	0.0	0.14413189888000488	0.0	0.31132933497428894	0.0	1.11373770236969	0.5928956270217896	0.0	0.9503656625747681	1.0904076099395752	0.0	0.0	1.2979888916015625	0.29610997438430786	0.0	1.517305850982666	0.6897240281105042	1.98833429813385	1.8048630952835083	1.1830114126205444	0.0	0.0	0.6278136372566223	1.282737374305725	1.0788770914077759	0.0	0.14369383454322815	0.7513363361358643	0.0658988207578659	0.0	0.3831019699573517	0.0	1.3558744192123413	0.23684020340442657	0.3390055298805237	0.0	0.0	0.19760869443416595	0.7382071018218994	0.36347314715385437	0.676948070526123	1.4248379468917847	0.6591875553131104	0.7059556841850281	1.2176133394241333	0.0	0.0	1.0270735025405884	1.7749391794204712	1.9880808591842651	0.0	2.1075327396392822	0.0	0.9835065007209778	0.0	0.0	0.0	2.1830832958221436	2.1500205993652344	0.0	0.5688712000846863	0.16001026332378387	1.9243121147155762
0.40404924750328064	0.0	0.45392999053001404	0.0	0.9832956194877625	0.12234852463006973	1.761232614517212	0.7394058108329773	0.0	1.3898260593414307	1.0940073728561401	0.0	0.0	0.8490646481513977	0.27844247221946716	0.6772985458374023	2.3366568088531494	0.5763989090919495	1.5584701299667358	1.3847674131393433	1.162522315979004	0.0	0.2755974233150482	1.3251804113388062	0.7319954633712769	2.10400128364563	0.0	0.40902093052864075	0.6484777331352234	0.0	0.0	0.0	0.0	1.1880557537078857	0.0	0.4180137813091278	0.1765706092119217	0.0	0.3466002643108368	1.3102861642837524	0.42270970344543457	0.577579915523529	1.4197465181350708	0.29107779264450073	0.7046511769294739	1.2447288036346436	0.0	0.0	0.7719090580940247	2.388593912124634	1.2372303009033203	0.0	2.207695960998535	0.0	1.0911281108856201	0.026603450998663902	0.0	0.0	2.047895908355713	2.0064070224761963	0.0	1.7720930576324463	0.0	2.1468701362609863
0.340619295835495	0.0	0.004149931948632002	0.0	0.3199508488178253	0.0	1.3320565223693848	1.0075911283493042	0.0	1.2038087844848633	1.0537066459655762	0.0	0.0	1.129156231880188	0.5884227156639099	0.0	1.4476882219314575	0.31742849946022034	2.3002102375030518	1.7521923780441284	1.10226571559906	0.0	0.19235354661941528	0.9076181650161743	0.9282909631729126	1.306417465209961	0.0	0.35641977190971375	1.0203640460968018	0.2974203824996948	0.0	0.2683159410953522	0.0	1.439064621925354	0.5736407041549683	0.2505325973033905	0.0	0.0	0.34748438000679016	0.7453957200050354	0.3172188103199005	0.7627272009849548	1.5646854639053345	0.5612741708755493	0.7943521738052368	1.0914615392684937	0.0	0.0	1.0710961818695068	1.8806710243225098	2.043018102645874	0.0	2.050601005554199	0.0	0.7838097810745239	0.0	0.0	0.0	2.2050464153289795	2.1866800785064697	0.24822165071964264	0.7263968586921692	0.314832866191864	1.9756664037704468
0.42923861742019653	0.0	0.0	0.0	0.5494515299797058	0.0	1.2875003814697266	0.4681895077228546	0.0	1.0602288246154785	0.9990271329879761	0.0	0.0	1.072703242301941	0.38603487610816956	0.0	1.5461808443069458	0.8927790522575378	1.847115159034729	1.8878782987594604	1.3594332933425903	0.0	0.0	0.9260543584823608	1.1803431510925293	0.991187334060669	0.0	0.1641078144311905	0.7277771234512329	0.2323387861251831	0.0	0.26743894815444946	0.0	1.5577664375305176	0.2656893730163574	0.5042324662208557	0.0	0.0	0.5368632078170776	0.9455018043518066	0.24520175158977509	0.6783245801925659	1.5258301496505737	0.2674258053302765	0.7615926265716553	1.2782598733901978	0.0	0.0	0.7201011776924133	1.6926387548446655	1.6277132034301758	0.0	1.9272043704986572	0.0	1.004952311515808	0.0	0.0	0.0	2.2629973888397217	1.9401583671569824	0.0	0.5216218829154968	0.0	2.0026400089263916
0.23867492377758026	0.0	0.2213064283132553	0.0	0.8669098019599915	0.38494884967803955	1.5565687417984009	0.6805917620658875	0.0	1.2377715110778809	0.663657546043396	0.0	0.0	0.43391361832618713	0.27607885003089905	0.13014385104179382	1.402418613433838	0.7555111050605774	1.7869521379470825	1.2397934198379517	0.8634694218635559	0.009266329929232597	0.01853242889046669	0.708038330078125	1.0351710319519043	1.479995846748352	0.0	0.7245312333106995	1.121846079826355	0.03809896856546402	0.0	0.0	0.0	1.164908528327942	0.328094482421875	1.0108851194381714	0.0	0.0	0.6260786652565002	0.676698625087738	0.6682450771331787	0.6532820463180542	1.317175030708313	0.6984410285949707	0.896312952041626	1.2853902578353882	0.0	0.0	0.9901055097579956	2.66568660736084	1.4271491765975952	0.0	2.407165288925171	0.0	1.3625761270523071	0.0	0.0	0.0	2.1088919639587402	2.077352523803711	0.0	0.694747805595398	0.0	1.8248236179351807
0.5099307298660278	0.0	0.0	0.0	0.534762978553772	0.0	1.238187313079834	0.7129374742507935	0.0	1.2498525381088257	1.328084945678711	0.0	0.0	1.1808618307113647	0.3095416724681854	0.0	1.464491367340088	1.0245072841644287	1.9796993732452393	1.8264797925949097	1.1849958896636963	0.0	0.0	0.6035276651382446	1.1082594394683838	0.6957981586456299	0.0	0.3191971480846405	0.7088754177093506	0.0	0.0	0.15630584955215454	0.0	1.4625779390335083	0.3039279878139496	0.6000099182128906	0.0	0.0	0.24879801273345947	0.7769982814788818	0.34837061166763306	0.7529077529907227	1.386138916015625	0.520381510257721	0.6915395855903625	1.130620002746582	0.0	0.0	1.0818390846252441	2.045116424560547	1.6727036237716675	0.0	1.9764775037765503	0.0	0.741285502910614	0.0	0.0	0.0	2.374896764755249	2.2659265995025635	0.0	0.38822510838508606	0.19619208574295044	1.7443302869796753
0.48159417510032654	0.0	0.008479143492877483	0.0	0.7528011202812195	0.0	1.6631726026535034	1.0352966785430908	0.0	1.0750951766967773	0.7800239324569702	0.0	0.0	0.0	0.15091858804225922	0.15976335108280182	1.9220410585403442	0.15452054142951965	1.279977560043335	1.0828756093978882	0.9241548180580139	0.0	0.0	1.1571080684661865	0.5200611352920532	1.6056936979293823	0.0	0.67024827003479	0.6018245816230774	0.0	0.0	0.5146740078926086	0.0	0.9050926566123962	0.5529360771179199	1.058788776397705	0.0	0.2269723117351532	0.5137879252433777	0.9382274150848389	0.6329265236854553	0.9052289724349976	1.2157710790634155	0.5608461499214172	0.6977692246437073	1.141693353652954	0.0	0.0	1.246856927871704	3.1954901218414307	1.5622973442077637	0.0	1.9901872873306274	0.0	1.5166422128677368	0.0	0.0	0.0	1.9604301452636719	1.788821816444397	0.0	1.1430431604385376	0.011985869146883488	2.1022427082061768
0.2671390771865845	0.0	0.1437276303768158	0.0	0.6262379288673401	0.22153106331825256	1.4529763460159302	0.5008803606033325	0.0	1.1280637979507446	0.8250412344932556	0.0	0.0	0.8262735605239868	0.42933472990989685	0.0	1.5499686002731323	0.5746607780456543	1.909786581993103	1.7690455913543701	1.1875865459442139	0.0	0.0	1.0416579246520996	0.7790613770484924	0.8471073508262634	0.0	0.306930810213089	0.7100815176963806	0.22881723940372467	0.0	0.28456810116767883	0.0	1.2652912139892578	0.14538833498954773	0.4431826174259186	0.0	0.0	0.10491320490837097	0.9392400979995728	0.3747485280036926	0.991489827632904	1.3056086301803589	0.3752824664115906	0.8261830806732178	1.2144845724105835	0.0	0.0	1.0388450622558594	2.0778706073760986	1.3879591226577759	0.0	2.180429458618164	0.0	0.9100933074951172	0.0	0.0	0.0	2.0622079372406006	2.1525893211364746	0.0	0.7281708121299744	0.19710387289524078	1.9654682874679565
0.6769670248031616	0.0	0.08837459236383438	0.0	0.7689749002456665	0.0	1.6347190141677856	0.9823257327079773	0.0	1.3435407876968384	0.6585056781768799	0.0	0.0	0.20283927023410797	0.1964765191078186	0.0	1.9017720222473145	0.35570228099823	1.146144151687622	1.151556372642517	0.98036789894104	0.0	0.0	1.0272798538208008	0.953416645526886	1.543468713760376	0.0	0.5299005508422852	0.610637366771698	0.06464982777833939	0.0	0.261583536863327	0.0	1.403809905052185	0.3965892493724823	1.1982537508010864	0.0	0.0	0.5616059303283691	0.7921693921089172	0.4941982328891754	1.0407073497772217	1.3007583618164062	0.3773328363895416	0.5595199465751648	1.2998288869857788	0.0	0.0	1.0388219356536865	2.794400930404663	1.555596113204956	0.0	2.051466703414917	0.0	1.4849969148635864	0.0	0.0	0.0	2.0120763778686523	1.8962643146514893	0.0	0.5648350119590759	0.0	1.9643834829330444
0.3116920590400696	0.0	0.14568062126636505	0.0	0.27347826957702637	0.0	1.126498818397522	0.31622231006622314	0.0	1.0780245065689087	1.1372625827789307	0.0	0.0	1.1446011066436768	0.5236842632293701	0.0	1.5466535091400146	0.6035759449005127	1.9135925769805908	1.8135045766830444	1.2193233966827393	0.0	0.0	0.7248048186302185	1.394996166229248	0.9434710144996643	0.0	0.07398661971092224	0.5857226848602295	0.0	0.0	0.0	0.0	1.1945351362228394	0.07201492786407471	0.35772526264190674	0.0	0.0	0.25964900851249695	0.9466411471366882	0.38207516074180603	0.5901326537132263	1.3134196996688843	0.3307267427444458	0.8609152436256409	1.0236552953720093	0.0	0.0	0.9787601232528687	1.8312443494796753	1.3217355012893677	0.0	2.229475975036621	0.0	0.9861424565315247	0.0	0.0	0.0	2.234067916870117	2.3432745933532715	0.0	1.0986323356628418	0.16778531670570374	1.8233333826065063
0.3140500485897064	0.0	0.10277945548295975	0.0	0.32949337363243103	0.15229202806949615	1.1728954315185547	0.7656552791595459	0.0	1.3086820840835571	1.2710819244384766	0.0	0.0	1.2121304273605347	0.36946091055870056	0.0	1.3217151165008545	1.1154478788375854	2.0315933227539062	1.8618570566177368	1.0789811611175537	0.0	0.0	0.6498420238494873	1.3310120105743408	0.6798046231269836	0.0	0.23332920670509338	0.8930756449699402	0.0	0.0	0.0	0.0	1.3152943849563599	0.34805452823638916	0.6643546223640442	0.0	0.0	0.31417420506477356	0.8845075368881226	0.41468578577041626	0.7896867394447327	1.442017674446106	0.3563166856765747	0.6837223172187805	1.1263288259506226	0.0	0.0	1.0962350368499756	1.9490909576416016	1.9825352430343628	0.0	1.9477107524871826	0.0	0.851331353187561	0.0	0.0	0.0	2.266660690307617	2.2633800506591797	0.0	0.36067575216293335	0.2251727432012558	2.080317258834839
0.07214517146348953	0.0	0.1670476645231247	0.0	0.2253502905368805	0.4881752133369446	1.1861399412155151	0.8002791404724121	0.0	0.9632157683372498	1.0024207830429077	0.0	0.0	1.456124186515808	0.5328952670097351	0.0	1.4478497505187988	0.7050896883010864	2.0390496253967285	1.9454076290130615	1.2435181140899658	0.0	0.6375830769538879	0.7510375380516052	1.2810535430908203	0.3378260135650635	0.0	0.11666200309991837	0.6162503361701965	0.5294118523597717	0.0	0.1907530426979065	0.0	1.3638192415237427	0.36055997014045715	0.3840171992778778	0.0	0.0	0.0	0.7788076996803284	0.2249670773744583	0.6599658131599426	1.3402323722839355	0.46084365248680115	0.9928523898124695	1.1524500846862793	0.0	0.0	1.0282305479049683	1.876840353012085	1.5775699615478516	0.0	2.1659908294677734	0.0	0.6903865337371826	0.0	0.0	0.0	2.0739924907684326	2.157243013381958	0.0	1.0176243782043457	0.1696901023387909	2.0396440029144287
0.23579257726669312	0.0	0.07676324993371964	0.0	0.22462697327136993	0.06877759099006653	1.0491474866867065	0.3991585075855255	0.0	1.0924102067947388	1.058475375175476	0.0	0.0	1.2490085363388062	0.5237560272216797	0.049533385783433914	1.7677018642425537	0.6862615346908569	1.877727746963501	1.712308406829834	1.319897174835205	0.0	0.0	0.7794343829154968	1.2991007566452026	1.0368682146072388	0.0	0.3052496910095215	0.5938892364501953	0.0	0.0	0.044778674840927124	0.0	1.182497501373291	0.0	0.31582799553871155	0.0	0.0	0.15188446640968323	0.9067634344100952	0.1703730672597885	0.8323172926902771	1.2815508842468262	0.5263966917991638	0.6931758522987366	1.1654820442199707	0.0	0.0	0.7723010778427124	1.8799948692321777	1.3810596466064453	0.0	2.1869492530822754	0.0	0.9893483519554138	0.0	0.0	0.0	2.1041078567504883	2.169646978378296	0.0	0.7545101642608643	0.0	1.949752926826477
0.4678071141242981	0.0	0.0	0.0	0.4972380995750427	0.0	1.414649248123169	0.30024003982543945	0.0	1.1030484437942505	0.7543697357177734	0.0	0.0	0.828678548336029	0.23569782078266144	0.0	1.4722148180007935	0.8131152391433716	1.805054783821106	1.4347360134124756	1.1592439413070679	0.0	0.0	0.8509728908538818	0.8359519839286804	0.9590467810630798	0.0	0.34785059094429016	0.514839231967926	0.0	0.0	0.0	0.0	1.312954068183899	0.0	0.6432637572288513	0.0	0.0	0.24580970406532288	0.8772174715995789	0.4887272119522095	0.681675374507904	1.4880492687225342	0.2718697786331177	0.7592379450798035	1.272459626197815	0.0	0.0	0.9043493866920471	2.288821220397949	1.507981777191162	0.0	2.1620521545410156	0.0	1.1672310829162598	0.0	0.0	0.0	2.150663137435913	2.0687830448150635	0.0	0.6712493300437927	0.06271004676818848	1.6777983903884888
0.30230972170829773	0.0	0.23876240849494934	0.0	0.661584198474884	0.0	1.3084986209869385	0.4156177341938019	0.0	1.1147472858428955	0.8085382580757141	0.0	0.0	1.3566219806671143	0.47680869698524475	0.0	1.661813497543335	0.8664233684539795	2.1041510105133057	1.8488751649856567	1.3034765720367432	0.0	0.0011944349389523268	0.9733260869979858	0.9486474990844727	0.5730039477348328	0.0	0.3208028972148895	0.9117146730422974	0.5309397578239441	0.0	0.4750897288322449	0.0	1.414090871810913	0.0	0.13151352107524872	0.0	0.0	0.20984582602977753	0.6777499318122864	0.20376430451869965	0.7151032090187073	1.430853009223938	0.487204372882843	0.809111475944519	1.3807917833328247	0.0	0.0	0.8810247182846069	1.9821937084197998	1.6494994163513184	0.0	2.363621473312378	0.0	1.0356898307800293	0.0	0.0	0.0	2.0174455642700195	2.2539970874786377	0.0753113329410553	0.8490450978279114	0.40597453713417053	2.1437692642211914
0.11621962487697601	0.0	0.2720365524291992	0.0	0.5256624817848206	0.3366001546382904	1.3165838718414307	0.805435836315155	0.0	1.4136195182800293	1.156414270401001	0.0	0.0	1.3546082973480225	0.38515788316726685	0.0	1.3145761489868164	1.3472192287445068	2.2843990325927734	1.9000047445297241	1.3853224515914917	0.0	0.11088348925113678	0.7373030781745911	1.2552921772003174	0.554135262966156	0.0	0.0	0.9718466401100159	0.37105077505111694	0.0	0.442394495010376	0.0	1.1955797672271729	0.26861894130706787	0.33578893542289734	0.0	0.0	0.4135027229785919	0.8347615003585815	0.5112264156341553	0.7402369976043701	1.275520920753479	0.28989288210868835	0.8947831392288208	1.1109395027160645	0.0	0.0	1.1000505685806274	1.9187676906585693	1.9578903913497925	0.0	2.192474365234375	0.0	0.8334869146347046	0.0	0.0	0.0	2.348623037338257	2.1725597381591797	0.0	0.44070473313331604	0.05939863994717598	1.897649884223938
0.09652186185121536	0.0	0.06875848770141602	0.0	0.3060433566570282	0.0	1.2747547626495361	0.4693816304206848	0.0	1.504827857017517	1.0642375946044922	0.0	0.0	1.384079933166504	0.3744083344936371	0.0	1.0490986108779907	0.7397519946098328	2.41789174079895	1.877747893333435	1.1149057149887085	0.0	0.17767880856990814	0.6742169857025146	0.8932026624679565	0.5580498576164246	0.0	0.0	1.2108477354049683	0.22413696348667145	0.0	0.45094162225723267	0.0	1.3439953327178955	0.20449182391166687	0.27063196897506714	0.0	0.0	0.0	0.8408094048500061	0.17543303966522217	0.7356825470924377	1.5092341899871826	0.4278395175933838	1.000491738319397	1.2817378044128418	0.0	0.0	1.049297571182251	1.51706063747406	1.9387233257293701	0.0	2.2674360275268555	0.0	0.7277581691741943	0.0	0.0	0.0	2.438175916671753	2.2291977405548096	0.02089700661599636	0.6809899210929871	0.5001391768455505	2.0604686737060547
0.5610631108283997	0.0	0.9308611750602722	0.0	0.730943500995636	0.2929391860961914	1.6626826524734497	0.6304622292518616	0.0	0.8868241310119629	1.033880352973938	0.0	0.0	0.8887040019035339	0.0	0.1769675761461258	1.847284197807312	0.4211682081222534	1.8131639957427979	1.398619294166565	1.0328913927078247	0.0	0.0	1.49020254611969	0.9941767454147339	1.5262020826339722	0.0	0.5232903957366943	0.7269814610481262	0.0	0.0	0.8052274584770203	0.0	1.4380180835723877	1.0553348064422607	0.7108467221260071	0.0	0.23148572444915771	0.5202133655548096	1.055454969406128	0.9380849599838257	0.9385553598403931	1.4376012086868286	0.2278069108724594	0.6173598170280457	1.149796485900879	0.0	0.0	1.0713211297988892	2.8402695655822754	1.515001654624939	0.0	1.8048875331878662	0.0	1.4446645975112915	0.0	0.0	0.0	2.151155948638916	2.1811563968658447	0.0	1.0500231981277466	0.06711884588003159	2.433151960372925
0.606920063495636	0.0	0.15149275958538055	0.0	0.8641788363456726	0.0	1.5270522832870483	0.5881160497665405	0.0	0.784335732460022	0.8363904356956482	0.0	0.0	0.21117104589939117	0.32607078552246094	0.1675269901752472	1.3675258159637451	0.7965136766433716	1.6707394123077393	1.157364845275879	0.9334734678268433	0.0	0.0	0.7756394147872925	1.2024219036102295	1.5364052057266235	0.0	0.8634493350982666	0.4938557744026184	0.0	0.0	0.0	0.0	1.0955214500427246	0.30651140213012695	1.1402812004089355	0.009640323929488659	0.0	0.8370426893234253	0.8783523440361023	0.7042545080184937	0.9479641914367676	1.157871127128601	0.32679474353790283	0.48938223719596863	1.1942193508148193	0.0	0.0	1.1084272861480713	2.8578269481658936	1.5598294734954834	0.0	2.047201156616211	0.0	1.3238739967346191	0.0	0.0	0.0	1.8827099800109863	2.0771965980529785	0.0	0.9932147860527039	0.0	1.85849928855896
0.2454870343208313	0.0	0.22701695561408997	0.0	0.5824764370918274	0.32663846015930176	1.4506406784057617	0.6401095986366272	0.0	1.4083499908447266	1.1206841468811035	0.0	0.0	0.9047051072120667	0.3670782446861267	0.0	1.5042788982391357	0.6471366286277771	2.0605928897857666	1.7127299308776855	1.0957305431365967	0.0	0.0	1.0694761276245117	1.3538559675216675	0.8411107063293457	0.0	0.3933195471763611	0.9605442881584167	0.2297632396221161	0.0	0.33368849754333496	0.0	1.525020956993103	0.4458134174346924	0.33972954750061035	0.0	0.0	0.47407522797584534	0.9585389494895935	0.2871747314929962	0.9195825457572937	1.3076525926589966	0.5024988651275635	0.7086515426635742	1.4396452903747559	0.0	0.0	0.9697341918945312	1.9967055320739746	1.9301719665527344	0.0	2.252190589904785	0.0	1.3703235387802124	0.0	0.0	0.0	2.194779872894287	2.2018096446990967	0.0	0.9655228853225708	0.09464748948812485	2.199526309967041
0.14531461894512177	0.0	0.0	0.0	0.7684677243232727	0.0	1.1720612049102783	0.6027862429618835	0.0	1.4505866765975952	1.075774073600769	0.0	0.0	1.2575597763061523	0.5351018905639648	0.43527936935424805	1.7234410047531128	0.7811757922172546	2.4270403385162354	1.7947187423706055	1.1757899522781372	0.12014388293027878	0.7874853610992432	0.49013587832450867	1.0555245876312256	0.5045089721679688	0.0	0.4322785437107086	0.6852084398269653	0.48632189631462097	0.0	0.6346121430397034	0.0	1.1230669021606445	0.21809644997119904	0.44207143783569336	0.0	0.0	0.029335711151361465	0.9344897866249084	0.041778311133384705	0.5956803560256958	1.0980092287063599	0.33744311332702637	0.889031171798706	1.3132102489471436	0.0	0.0	0.8991603255271912	1.447875738143921	1.1895008087158203	0.0	2.7761473655700684	0.0	0.7393558621406555	0.0	0.0	0.0	2.3571221828460693	2.397763729095459	0.0	1.0302624702453613	0.17418919503688812	1.8474538326263428
0.040687575936317444	0.0	0.06500176340341568	0.0	0.5871461629867554	0.08128244429826736	1.3827022314071655	0.9144061803817749	0.0	1.1705548763275146	1.1269973516464233	0.0	0.0	1.2812986373901367	0.5411519408226013	0.0	1.5655218362808228	0.8162940740585327	2.2530124187469482	1.7774465084075928	1.0482944250106812	0.0	0.3524860143661499	0.8936793804168701	1.2284215688705444	0.6508976221084595	0.0	0.1992296278476715	0.8842661380767822	0.4001922309398651	0.0	0.9232184290885925	0.0	1.5240235328674316	0.6178001165390015	0.2869008779525757	0.0	0.0	0.28310659527778625	0.9909346699714661	0.27317866683006287	1.0057692527770996	1.5256609916687012	0.4539668560028076	0.816659152507782	1.1500725746154785	0.0	0.0	1.2422348260879517	1.9311579465866089	2.1245944499969482	0.0	2.366159677505493	0.0	0.9772881865501404	0.0	0.0	0.0	2.3209874629974365	2.1456665992736816	0.10608299821615219	1.0427898168563843	0.31116950511932373	2.129791259765625
0.1373458355665207	0.0	0.12793953716754913	0.0	0.621697723865509	0.004248431418091059	1.4332195520401	0.9050599932670593	0.0	1.1350754499435425	1.056974172592163	0.0	0.0	1.2607265710830688	0.6214447021484375	0.0	1.3467990159988403	1.5199817419052124	2.2865843772888184	1.9096338748931885	1.4129732847213745	0.0	0.0	0.4925805926322937	1.2079436779022217	0.33562275767326355	0.0	0.47884243726730347	1.0296046733856201	0.2791334092617035	0.0	0.49630826711654663	0.0	1.3151161670684814	0.148996502161026	0.3198774456977844	0.0	0.0	0.8047783970832825	0.6256663799285889	0.18227514624595642	0.8919774293899536	1.5143463611602783	0.5790612697601318	0.846226692199707	1.2694319486618042	0.0	0.0	0.7162045240402222	1.6548370122909546	1.9577698707580566	0.0	1.9913668632507324	0.0	0.8398034572601318	0.0	0.0	0.0	2.29128098487854	2.1205568313598633	0.0	0.5065457820892334	0.0	2.0064876079559326
0.5651570558547974	0.0	0.1942996233701706	0.0	0.8003461956977844	0.0	1.654889702796936	0.5329567193984985	0.0	1.3662981986999512	0.6990641355514526	0.0	0.0	0.517369270324707	0.08395735174417496	0.0	1.677069067955017	0.35643330216407776	1.4883207082748413	1.2362749576568604	1.067315697669983	0.0	0.0	1.313640832901001	0.7200357913970947	1.3763526678085327	0.0	0.560866117477417	0.5943231582641602	0.0	0.0	0.0	0.0	1.3974072933197021	0.07952578365802765	1.0062460899353027	0.0	0.0	0.6167997717857361	0.9056888222694397	0.5284647941589355	0.8844691514968872	1.2647058963775635	0.46021759510040283	0.6716511845588684	1.2826892137527466	0.0	0.0	0.8265645503997803	3.1802730560302734	1.4648997783660889	0.0	1.8767406940460205	0.0	1.615453839302063	0.0	0.0	0.0	2.0659093856811523	1.8993897438049316	0.0	0.8814871907234192	0.09593982994556427	1.8719382286071777
0.5639039278030396	0.0	0.19387930631637573	0.0	0.41093069314956665	0.0	1.4764492511749268	0.3635624051094055	0.0	1.03322434425354	0.6164666414260864	0.0	0.0	0.33290982246398926	0.1794072985649109	0.012113256379961967	1.3331992626190186	0.373903751373291	1.5351688861846924	1.08245849609375	1.0988421440124512	0.0	0.0	1.2161449193954468	0.8714454770088196	1.3744139671325684	0.0	0.3033691346645355	0.7961740493774414	0.03173164650797844	0.0	0.0	0.0	1.1408435106277466	0.0	0.8122079968452454	0.0	0.0	0.2441595494747162	0.7744279503822327	0.6599303483963013	0.2698732316493988	1.370789885520935	0.2802585959434509	0.7453614473342896	1.2228955030441284	0.0	0.0	1.0201973915100098	2.9375293254852295	1.4437042474746704	0.0	2.355192184448242	0.0	1.2371954917907715	0.0	0.0	0.0	2.0485787391662598	1.9589678049087524	0.0	0.9604694843292236	0.011419359594583511	1.705061435699463
0.27264952659606934	0.0	0.0	0.0	0.44465330243110657	0.0	1.3846020698547363	0.6851464509963989	0.0	1.1619659662246704	1.0788342952728271	0.0	0.0	1.0369895696640015	0.21188539266586304	0.0	1.806017279624939	0.5719591975212097	1.8305164575576782	1.652273178100586	1.1616742610931396	0.0	0.0	0.6601958274841309	0.9031981825828552	0.8954160213470459	0.0	0.3978557884693146	0.7193820476531982	0.020824933424592018	0.0	0.29576927423477173	0.0	1.3140263557434082	0.33576953411102295	0.6420431733131409	0.0	0.0	0.4270767569541931	0.811123788356781	0.41962793469429016	0.5964944362640381	1.374341368675232	0.5185175538063049	0.7003777623176575	1.1631031036376953	0.0	0.0	0.90943843126297	1.9309016466140747	1.226682424545288	0.0	2.1242401599884033	0.0	0.9669293761253357	0.0	0.0	0.0	2.3173463344573975	2.2828826904296875	0.0	0.6097020506858826	0.08088039606809616	1.806321144104004
0.4796108901500702	0.0	0.6014853119850159	0.0	1.5010513067245483	0.18418778479099274	1.825282335281372	0.8115939497947693	0.0	1.3183352947235107	1.0770822763442993	0.0	0.0	0.4147377014160156	0.2578078806400299	0.0	1.7448395490646362	0.5537208318710327	1.7309374809265137	1.3094946146011353	0.9991458058357239	0.0	0.1750737875699997	0.9631915092468262	0.8775221109390259	1.825199007987976	0.0	0.6459268927574158	0.5984194278717041	0.0	0.0	0.4083367884159088	0.0	1.4817767143249512	0.45384401082992554	0.5620808601379395	0.03753269836306572	0.0	0.5392783284187317	1.055954933166504	0.7476609945297241	0.5930572748184204	1.4459278583526611	0.28703561425209045	0.8680965900421143	1.2362678050994873	0.0	0.0	0.5768783092498779	2.757424831390381	1.301086664199829	0.0	2.4691779613494873	0.0	1.4767296314239502	0.0	0.0	0.0	2.053346633911133	2.123500108718872	0.0	1.9208835363388062	0.029403183609247208	2.0630764961242676
0.2598763406276703	0.0	0.16279612481594086	0.0	0.38892197608947754	0.0	1.0719949007034302	0.4664549231529236	0.0	1.2756915092468262	1.2133411169052124	0.0	0.0	1.3193891048431396	0.2714782953262329	0.0	1.4228061437606812	0.46747738122940063	2.229368209838867	1.693918228149414	1.049822211265564	0.0	0.0	0.8438949584960938	1.1608952283859253	0.8300307393074036	0.0	0.1503269225358963	0.7033417820930481	0.06459308415651321	0.0	0.4254952669143677	0.0	1.5115211009979248	0.6401434540748596	0.3923622965812683	0.0	0.0	0.22508342564105988	0.9282808899879456	0.33150121569633484	0.7425947189331055	1.368103265762329	0.6747997999191284	0.8917275667190552	1.1568864583969116	0.0	0.0	1.0363327264785767	1.9739866256713867	2.1235475540161133	0.0	2.1553220748901367	0.0	0.7376838326454163	0.0	0.0	0.0	2.2155544757843018	2.3494644165039062	0.0	0.8612291812896729	0.2929244935512543	1.9134328365325928
0.7305404543876648	0.0	0.04686812683939934	0.0	0.6456422209739685	0.0	1.53389310836792	0.45277467370033264	0.0	1.0579272508621216	0.6441769003868103	0.0	0.0	0.2886708974838257	0.16716085374355316	0.0	1.469123125076294	0.44139382243156433	1.4775952100753784	1.1751128435134888	0.969821035861969	0.0	0.0	0.7860593199729919	0.9345342516899109	1.5052465200424194	0.0	0.5067716240882874	0.5682066082954407	0.0	0.0	0.0	0.0	1.0845818519592285	0.15362240374088287	1.0916537046432495	0.0	0.0	0.5197932124137878	0.7267778515815735	0.6715110540390015	0.6140410900115967	1.3994295597076416	0.34117937088012695	0.6185399293899536	1.1591606140136719	0.0	0.0	1.217891812324524	2.863940954208374	1.4036686420440674	0.0	2.0968568325042725	0.0	1.1804391145706177	0.0	0.0	0.0	1.9735908508300781	2.1133675575256348	0.0	0.8891675472259521	0.0	1.6844773292541504
0.5976682901382446	0.0	0.23869241774082184	0.0	0.745692253112793	0.0	1.8307298421859741	0.18645352125167847	0.0	1.2116361856460571	1.0534440279006958	0.0	0.0	0.04133867099881172	0.0007479542400687933	0.2518043518066406	1.6033961772918701	0.30769217014312744	1.3983224630355835	0.9626822471618652	0.893573522567749	0.0	0.0	1.2117637395858765	0.6525644659996033	1.6507337093353271	0.0	0.5856596231460571	0.5811834335327148	0.0	0.0	0.0	0.0	0.8425806760787964	0.24939590692520142	1.0582445859909058	0.0	0.0	0.405056893825531	0.8342917561531067	0.77251797914505	0.34096020460128784	1.3090001344680786	0.5115811228752136	0.5662317872047424	1.1675716638565063	0.0	0.0	1.2321289777755737	3.1302859783172607	1.1956086158752441	0.0	2.4488728046417236	0.0	1.4608906507492065	0.0	0.0	0.0	1.7990601062774658	2.0509631633758545	0.0	1.1092931032180786	0.0	1.7628766298294067
0.5487746000289917	0.0	0.0022870844695717096	0.0	0.7904535531997681	0.0	1.437348484992981	0.5306076407432556	0.0	1.129612922668457	1.0001938343048096	0.0	0.0	0.4959467649459839	0.1790926158428192	0.1759735494852066	1.465585470199585	0.5516440868377686	1.3213642835617065	1.2447437047958374	1.0493402481079102	0.0	0.0	1.2397047281265259	0.7917252779006958	1.3009551763534546	0.0	0.42222994565963745	0.8113718032836914	0.0	0.0	0.3538499176502228	0.0	1.310868740081787	0.1271505206823349	0.8155882954597473	0.0	0.047556255012750626	0.5431442260742188	0.9309820532798767	0.45411112904548645	0.9955124855041504	1.4019951820373535	0.507875919342041	0.6137246489524841	1.2805265188217163	0.0	0.0	1.0408252477645874	2.591432809829712	1.4614589214324951	0.0	2.12198543548584	0.0	1.3725776672363281	0.0	0.0	0.0	1.9801297187805176	1.950157880783081	0.0	1.0222859382629395	0.049227744340896606	1.9714083671569824
0.9304502010345459	0.0	0.24644066393375397	0.0	0.7544184327125549	0.0	1.5999280214309692	0.008522914722561836	0.0	0.9721636772155762	0.3149016499519348	0.0	0.0	0.0	0.0	0.0	1.7624248266220093	0.1990364044904709	1.1721539497375488	0.8950067758560181	0.8685519099235535	0.0	0.0	1.1261687278747559	0.78835529088974	1.900687336921692	0.0	0.8432511687278748	0.4056583344936371	0.0	0.0	0.0	0.0	1.0245288610458374	0.0	1.0972142219543457	0.0	0.0	0.6047428250312805	0.8117064237594604	0.48303094506263733	0.3075943887233734	1.2372784614562988	0.34139180183410645	0.7868713736534119	1.2066344022750854	0.0	0.0	0.5912462472915649	3.067467212677002	1.011216402053833	0.0	1.8521299362182617	0.0	1.4340592622756958	0.0	0.0	0.0	2.0631887912750244	2.0632951259613037	0.0	0.9301424622535706	0.0	1.4014521837234497
0.32197561860084534	0.0	0.10023346543312073	0.0	0.7581864595413208	0.09855877608060837	1.3119040727615356	0.09757907688617706	0.0	1.1405524015426636	0.9203016757965088	0.0	0.0	0.43831324577331543	0.24039317667484283	0.6398605108261108	1.9484076499938965	0.10373477637767792	1.629726767539978	1.0656402111053467	0.9567233920097351	0.0	0.09447471052408218	1.2112232446670532	1.5459667444229126	1.8707276582717896	0.0	0.8127354383468628	0.8017659187316895	0.0	0.0	0.0	0.0	1.593989372253418	0.2319922298192978	0.9000442624092102	0.0	0.0	0.2990768253803253	1.3146371841430664	0.5201550126075745	1.1216758489608765	1.2827141284942627	0.26736289262771606	0.9578444361686707	1.1549352407455444	0.0	0.0	0.9648163318634033	2.98103404045105	1.591393232345581	0.0	2.525972843170166	0.0	1.396472692489624	0.0	0.0	0.0	2.24192214012146	2.298292636871338	0.0	1.59481680393219	0.24199995398521423	1.9541009664535522
0.6074281930923462	0.0	0.20209026336669922	0.0	0.7290250658988953	0.0	1.573210597038269	0.4689474403858185	0.0	1.1486622095108032	0.698208212852478	0.0	0.0	0.0892205759882927	0.22055724263191223	0.018542103469371796	1.7088420391082764	0.35605743527412415	1.2612197399139404	1.0021862983703613	1.0375916957855225	0.0	0.0	1.149553656578064	0.5089291930198669	1.8252183198928833	0.0	0.6599746346473694	0.5862388014793396	0.0	0.0	0.0	0.0	0.9622288942337036	0.0	0.8153467178344727	0.0	0.0	0.5394210815429688	0.7844887971878052	0.5460687279701233	0.5711968541145325	1.2761904001235962	0.5565729141235352	0.7641520500183105	1.250380039215088	0.0	0.0	0.8382485508918762	3.0001771450042725	1.4551857709884644	0.0	2.267503023147583	0.0	1.4195624589920044	0.0	0.0	0.0	1.8871989250183105	1.7995591163635254	0.0	1.1147692203521729	0.0	1.9081023931503296
0.6598069667816162	0.0	0.424924373626709	0.0	0.62109375	0.0	1.4589040279388428	0.5306541323661804	0.0	1.1724681854248047	0.6916669011116028	0.0	0.0	0.5379520654678345	0.17915025353431702	0.0	1.5363117456436157	0.523837685585022	1.4421398639678955	1.1474604606628418	0.9008137583732605	0.0	0.0	0.9545252919197083	0.833652138710022	1.4075605869293213	0.0	0.46824145317077637	0.5804349184036255	0.0	0.0	0.0	0.0	1.555689811706543	0.0382145494222641	1.0585343837738037	0.0	0.03435153141617775	0.5154569149017334	0.6735504865646362	0.6552165150642395	1.0161164999008179	1.2999240159988403	0.34036824107170105	0.6523646116256714	1.2307299375534058	0.0	0.0	1.0507630109786987	2.7021358013153076	1.3369609117507935	0.0	1.9916784763336182	0.0	1.3917261362075806	0.0	0.0	0.0	2.2086596488952637	2.052791118621826	0.0	0.79941725730896	0.0	1.8371164798736572
0.6019178628921509	0.0	0.03692551329731941	0.0	0.3299480974674225	0.0	1.3985543251037598	0.4694135785102844	0.0	0.9313578009605408	0.7614591717720032	0.0	0.0	0.26681092381477356	0.13272854685783386	0.0	1.4989169836044312	0.33608147501945496	1.2850900888442993	1.0676718950271606	1.0537559986114502	0.0	0.0	0.9183025360107422	0.7107100486755371	1.480639934539795	0.0	0.41952022910118103	0.6076914072036743	0.0	0.0	0.3096200227737427	0.0	0.9047777056694031	0.0	0.931878387928009	0.0	0.0	0.5252838134765625	0.9829726815223694	0.5655482411384583	1.0236642360687256	1.2861851453781128	0.4692331552505493	0.6522297859191895	1.1928443908691406	0.0	0.0	1.0151474475860596	3.0344111919403076	1.2000561952590942	0.0	2.192248582839966	0.0	1.2644480466842651	0.0	0.0	0.0	2.0594565868377686	1.8753278255462646	0.0	0.8913366198539734	0.0	1.8445467948913574
0.5048978328704834	0.0	0.046630918979644775	0.0	0.38456201553344727	0.0	1.5615735054016113	0.47056853771209717	0.0	0.946896493434906	0.8131389021873474	0.0	0.0	0.513640820980072	0.10062810033559799	0.12342510372400284	1.526853322982788	0.7586579918861389	1.4081281423568726	1.2864049673080444	0.8772996664047241	0.0	0.0	1.0626083612442017	0.7932602763175964	1.2586708068847656	0.0	0.440071702003479	0.7305617332458496	0.0	0.0	0.0	0.0	1.0753085613250732	0.0	0.8806558847427368	0.0	0.0	0.35636210441589355	0.949289083480835	0.7460447549819946	0.9493886232376099	1.5172016620635986	0.3728577494621277	0.6551316976547241	1.303102970123291	0.0	0.0	1.2443286180496216	2.7110402584075928	1.5279622077941895	0.0	2.4537572860717773	0.0	1.0678619146347046	0.0	0.0	0.0	1.9821832180023193	1.9933322668075562	0.0	0.8107488751411438	0.07419855147600174	1.9222099781036377
0.6180093288421631	0.0	0.14956384897232056	0.0	0.6751085519790649	0.0	1.5150777101516724	0.21312439441680908	0.0	1.19007408618927	0.6338381171226501	0.0	0.0	0.07853446900844574	0.49215567111968994	0.05291977524757385	1.6141786575317383	0.4521494209766388	1.3040827512741089	0.9913362264633179	1.0037168264389038	0.0	0.0	0.9533006548881531	0.985206127166748	1.5861347913742065	0.0	0.5563428997993469	0.7359294891357422	0.0	0.0	0.0	0.0	0.8686544299125671	0.0	0.9652893543243408	0.0	0.0	0.667492151260376	0.8210110664367676	0.6057265400886536	0.727303683757782	1.1557852029800415	0.45643743872642517	0.5998466610908508	1.4272572994232178	0.0	0.0	0.8901194930076599	3.1340012550354004	1.1422501802444458	0.0	2.3755011558532715	0.0	1.2991433143615723	0.0	0.0	0.0	1.9833405017852783	2.0268771648406982	0.0	1.0402827262878418	0.08946730196475983	1.8550281524658203
0.1138545498251915	0.0	0.0	0.0	0.6217703819274902	0.0	1.2470691204071045	0.4596952199935913	0.0	1.4029207229614258	0.9407002329826355	0.0	0.0	1.1874463558197021	0.3663337230682373	0.0	1.401267647743225	0.4318971335887909	2.0049707889556885	1.849787950515747	1.1377848386764526	0.0	0.0658004954457283	0.5963094234466553	1.0094858407974243	0.4119826555252075	0.0	0.20280896127223969	0.8525486588478088	0.27378982305526733	0.0	0.27740907669067383	0.0	1.180037021636963	0.7175329327583313	0.7700343728065491	0.0	0.0	0.0	0.6960939168930054	0.4604285955429077	0.6036385893821716	1.3030730485916138	0.3962244987487793	0.7570650577545166	1.3570958375930786	0.0	0.0	0.9863224029541016	1.7584519386291504	1.9051839113235474	0.0	2.4919276237487793	0.0	0.6866019368171692	0.0	0.0	0.0	2.177743673324585	2.170776844024658	0.0	0.5240467190742493	0.0720229521393776	1.7823742628097534
0.4271240532398224	0.0	0.38983994722366333	0.0	0.6142402291297913	0.0	1.3726539611816406	0.4969809353351593	0.0	1.3379024267196655	1.4656025171279907	0.0	0.0	0.7546617388725281	0.37269043922424316	0.3819112479686737	1.676019549369812	0.5326497554779053	1.7269175052642822	1.4411489963531494	0.9989268183708191	0.0	0.30075934529304504	1.2735716104507446	0.7583207488059998	1.4370609521865845	0.0	0.3736419975757599	0.7674437761306763	0.13285110890865326	0.0	0.8498722910881042	0.0	1.1421996355056763	0.47407010197639465	0.8821836113929749	0.0	0.04781539365649223	0.5519083142280579	1.3782292604446411	0.5886549353599548	1.38521146774292	1.2943048477172852	0.2645842432975769	0.6214593648910522	1.2906873226165771	0.0	0.0	1.1095789670944214	2.509275436401367	1.5193288326263428	0.0	2.224280834197998	0.0	1.3653295040130615	0.0	0.0	0.0	2.211092233657837	2.110607862472534	0.0	0.7876616716384888	0.32214441895484924	2.174671173095703
0.3016188144683838	0.0	0.2850952446460724	0.0	0.4385436773300171	0.0	1.140121579170227	0.6513351202011108	0.0	1.1610150337219238	1.0741482973098755	0.0	0.0	1.1066738367080688	0.42970651388168335	0.05666329711675644	1.4221038818359375	1.1439487934112549	1.9650458097457886	1.865713357925415	1.3014918565750122	0.0	0.0	0.6253848075866699	1.4103336334228516	0.530921995639801	0.0	0.09086653590202332	0.8175769448280334	0.14312759041786194	0.0	0.31805771589279175	0.0	1.2402114868164062	0.33599787950515747	0.3658260107040405	0.0	0.0	0.40099090337753296	0.7534517049789429	0.35865557193756104	0.6990277767181396	1.4546451568603516	0.5226555466651917	0.7370181083679199	1.1347230672836304	0.0	0.0	1.0010344982147217	1.9583970308303833	1.7406892776489258	0.0	2.0324978828430176	0.0	0.715795636177063	0.0	0.0	0.0	2.113234519958496	2.2667322158813477	0.0	0.5386760830879211	0.0670512393116951	1.88791024684906
0.3358580470085144	0.0	0.0	0.0	0.7632974982261658	0.3334009647369385	1.3746970891952515	0.5682108402252197	0.0	1.0944658517837524	1.0392595529556274	0.0	0.0	1.3093421459197998	0.3323671817779541	0.0	1.3844585418701172	0.6957411170005798	2.024756908416748	1.769396185874939	1.1299444437026978	0.0	0.0	0.6144302487373352	1.476900577545166	1.0945931673049927	0.0	0.32715821266174316	0.7021923661231995	0.0836186558008194	0.0	0.0	0.0	1.4718692302703857	0.27476605772972107	0.5315271615982056	0.0	0.0	0.439273864030838	0.891689658164978	0.44328397512435913	0.5798137187957764	1.4927324056625366	0.5400189757347107	0.5505020022392273	1.1696120500564575	0.0	0.0	0.9868173003196716	2.0262513160705566	1.7617783546447754	0.0	1.9036991596221924	0.0	1.0438352823257446	0.0	0.0	0.0	2.1880109310150146	2.3819990158081055	0.0	0.2863220274448395	0.12544016540050507	1.5643184185028076
0.23124761879444122	0.0	0.0	0.0	0.37983986735343933	0.2523656189441681	1.19292414188385	0.7217509150505066	0.0	1.0984838008880615	1.027557373046875	0.0	0.0	1.0316740274429321	0.6139185428619385	0.0	1.2698490619659424	0.8434712886810303	2.078834056854248	1.7018736600875854	1.2576775550842285	0.0	0.0	0.6438564658164978	1.3689508438110352	0.835491418838501	0.0	0.026674557477235794	0.9063673615455627	0.44829490780830383	0.0	0.0	0.0	1.257735013961792	0.3615511357784271	0.7874711155891418	0.0	0.0	0.539402961730957	0.8503339886665344	0.48574280738830566	0.8323724269866943	1.6432111263275146	0.3002021908760071	0.903541624546051	1.0961635112762451	0.0	0.0	1.1051760911941528	2.0967161655426025	1.6510401964187622	0.0	2.201594114303589	0.0	0.765896201133728	0.0	0.0	0.0	2.2641172409057617	2.2413291931152344	0.0	0.34035566449165344	0.23899482190608978	1.8426103591918945
0.43493953347206116	0.0	0.0	0.0	0.6855443716049194	0.0	1.3374186754226685	0.7686462998390198	0.0	1.1893377304077148	0.9343635439872742	0.0	0.0	1.0773518085479736	0.3612392246723175	0.0	1.5652062892913818	0.9212444424629211	1.723508358001709	1.719379186630249	1.128049612045288	0.0	0.0	0.6728626489639282	0.8269230127334595	0.7985917925834656	0.0	0.7892428636550903	0.6872915029525757	0.0	0.0	0.3671889007091522	0.0	1.6136178970336914	0.36517998576164246	0.5688276886940002	0.0	0.0	0.5380376577377319	0.6986929178237915	0.25176090002059937	0.9030953645706177	1.3886948823928833	0.5576330423355103	0.7150060534477234	1.3608205318450928	0.0	0.0	0.8819090127944946	1.7350859642028809	1.887343406677246	0.0	2.112971067428589	0.0	1.3742808103561401	0.0	0.0	0.0	2.1792330741882324	2.076916217803955	0.0	0.5016789436340332	0.08693907409906387	1.9943214654922485
0.6398791670799255	0.0	0.2514375150203705	0.0	0.6690449118614197	0.0	1.5737358331680298	0.3449517786502838	0.0	0.892346203327179	0.5245261788368225	0.0	0.0	0.16898617148399353	0.26604944467544556	0.0	1.681937336921692	0.3712582588195801	1.312288522720337	1.0670108795166016	1.1215708255767822	0.0	0.0	1.2976200580596924	0.8631113171577454	1.6200239658355713	0.0	0.6437516808509827	0.5624125599861145	0.0	0.0	0.0	0.0	0.9697026014328003	0.0	1.0032774209976196	0.0	0.0	0.5920778512954712	0.7974544763565063	0.42980077862739563	0.5168793797492981	1.2569564580917358	0.41620349884033203	0.7996377348899841	1.217250108718872	0.0	0.0	0.657537043094635	2.9610066413879395	1.2537989616394043	0.0	2.053248882293701	0.0	1.5407822132110596	0.0	0.0	0.0	1.9070721864700317	1.9106429815292358	0.0	0.8015522956848145	0.0	1.4909448623657227
0.3906882405281067	0.0	0.3060939311981201	0.0	0.3997584283351898	0.08698561787605286	1.2617360353469849	0.7466679811477661	0.0	1.237407922744751	0.8243017196655273	0.0	0.0	1.2025141716003418	0.5943809151649475	0.0	1.3893039226531982	1.2112382650375366	2.0349280834198	1.8509265184402466	1.2166321277618408	0.0	0.0	0.6272768974304199	1.4423623085021973	0.7728011012077332	0.0	0.08257094025611877	0.7874894142150879	0.4218243658542633	0.0	0.11588707566261292	0.0	1.3707205057144165	0.29202115535736084	0.5463069677352905	0.0	0.0	0.3359500765800476	0.7686271071434021	0.400908887386322	0.7134649157524109	1.397378921508789	0.41446712613105774	0.7369425296783447	1.1454496383666992	0.0	0.0	1.071890950202942	1.7613725662231445	1.7746437788009644	0.0	2.1947388648986816	0.0	0.9708564281463623	0.0	0.0	0.0	2.222158193588257	2.2528746128082275	0.0	0.46254315972328186	0.11779683083295822	1.7844934463500977
0.5438053011894226	0.0	0.5271109938621521	0.0	0.5090631246566772	0.3805639445781708	1.4804251194000244	0.5170885324478149	0.0	1.1497946977615356	0.6588696241378784	0.0	0.0	0.36758172512054443	0.23463408648967743	0.04017540439963341	1.4868683815002441	0.5949091911315918	1.5319684743881226	1.2464812994003296	0.8863906860351562	0.0	0.0	0.8753552436828613	1.0344399213790894	1.619382619857788	0.0	0.5765541791915894	0.5876230001449585	0.0	0.0	0.07112753391265869	0.0	1.427040934562683	0.23649811744689941	0.9682472944259644	0.0	0.022267566993832588	0.6174445152282715	0.8204942345619202	0.5241316556930542	0.7769391536712646	1.4505107402801514	0.39098426699638367	0.9765191078186035	1.1816656589508057	0.0	0.0	1.1607816219329834	2.804997444152832	1.487498164176941	0.0	2.3600823879241943	0.0	1.2658857107162476	0.0	0.0	0.0	2.192945718765259	2.057633876800537	0.0	1.0861005783081055	0.21872220933437347	1.802721381187439
0.6315895318984985	0.0	0.7618620991706848	0.0	0.9028380513191223	0.28712356090545654	1.7968908548355103	0.32521143555641174	0.0	1.1688766479492188	0.6957520842552185	0.0	0.0	0.2074355185031891	0.20476806163787842	0.0	1.9175474643707275	0.46757635474205017	1.334051489830017	1.0602390766143799	0.9907628893852234	0.0	0.0	1.116200566291809	0.8030384182929993	1.6742206811904907	0.0	0.7609377503395081	0.4636492431163788	0.0	0.0	0.21574601531028748	0.0	1.2819359302520752	0.0	0.9588192105293274	0.0	0.02709250897169113	0.6084278225898743	0.7639647126197815	0.6876955032348633	0.8201941847801208	1.2317872047424316	0.2747330367565155	0.6566543579101562	1.2241839170455933	0.0	0.0	0.6600819826126099	2.8416411876678467	1.1382790803909302	0.0	1.9311496019363403	0.0	1.5491863489151	0.0	0.0	0.0	1.9047733545303345	1.7620741128921509	0.0	0.6910874247550964	0.0	1.7925748825073242
0.6075609922409058	0.0	0.15282227098941803	0.0	0.38709649443626404	0.0	1.448196530342102	0.4208642542362213	0.0	1.0453495979309082	0.8035642504692078	0.0	0.0	0.3674972653388977	0.15184806287288666	0.0	1.4128711223602295	0.46393194794654846	1.3301128149032593	1.0405062437057495	0.9839894771575928	0.0	0.0	1.124239444732666	1.0070666074752808	1.3675041198730469	0.0	0.27911511063575745	0.6140093803405762	0.0	0.0	0.028438832610845566	0.0	1.2515696287155151	0.0	0.6533432006835938	0.0	0.0	0.2797931730747223	0.8843323588371277	0.5635179281234741	0.5982069969177246	1.249855875968933	0.39084601402282715	0.8482199311256409	1.1853489875793457	0.0	0.0	1.0727086067199707	2.903242588043213	1.4178462028503418	0.0	2.399563789367676	0.0	1.3229634761810303	0.0	0.0	0.0	2.103485584259033	2.023501396179199	0.0	1.0334824323654175	0.24337075650691986	1.8145332336425781
0.08551052957773209	0.0	0.4371388852596283	0.0	0.8310046195983887	0.0	1.6891430616378784	1.0472320318222046	0.0	1.2743167877197266	1.132142186164856	0.0	0.0	0.9804185032844543	0.5978249311447144	0.04674876481294632	1.7848236560821533	0.5693880319595337	2.0438992977142334	1.8277767896652222	1.1888004541397095	0.0	0.0	0.7630132436752319	0.9038757681846619	1.122868299484253	0.0	0.5712453722953796	0.9082039594650269	0.3257249593734741	0.0	0.10104987025260925	0.0	1.5714294910430908	0.35254180431365967	0.5194686651229858	0.0	0.0	0.38779041171073914	0.7337639927864075	0.4051467776298523	1.1010135412216187	1.2770828008651733	0.38491949439048767	0.9136855006217957	1.3361197710037231	0.0	0.0	0.654786229133606	1.8272637128829956	1.8270140886306763	0.0	1.9137612581253052	0.0	1.0550947189331055	0.0	0.0	0.0	2.329880714416504	2.1910507678985596	0.0	0.5247809886932373	0.03731878846883774	1.6845616102218628
0.8343834280967712	0.0	0.534054696559906	0.0	0.6286516189575195	0.04533827304840088	1.5140966176986694	0.14355655014514923	0.0	1.423686146736145	0.5579228401184082	0.0	0.0	0.5090903639793396	0.2863493263721466	0.0	1.8158313035964966	0.443206787109375	1.3299658298492432	1.2678329944610596	0.9479647874832153	0.0	0.0	1.3668975830078125	0.4885973632335663	1.0652827024459839	0.0	0.5075132250785828	0.5487611889839172	0.0	0.0	0.0	0.0	1.0421994924545288	0.20243705809116364	0.9660342931747437	0.0	0.19113430380821228	0.2989163398742676	0.8780075311660767	0.6992021203041077	0.4068107604980469	1.3688496351242065	0.3819229006767273	0.6715291738510132	1.1953880786895752	0.0	0.0	1.1594228744506836	2.9249372482299805	1.5321216583251953	0.0	2.0799665451049805	0.0	1.3730335235595703	0.0	0.0	0.0	2.0146872997283936	2.003383159637451	0.0	0.8050385117530823	0.06702058762311935	2.0093698501586914
0.4297242760658264	0.0	0.2480720579624176	0.0	0.4963861107826233	0.4654294550418854	1.9131567478179932	0.4640389680862427	0.0	1.3176333904266357	0.6589239835739136	0.0	0.0	0.3619024455547333	0.20507706701755524	0.0	1.456364393234253	0.7400578856468201	1.5722488164901733	1.4930702447891235	0.9946589469909668	0.0	0.0	0.9865625500679016	0.749636709690094	1.2851879596710205	0.0	0.4677776098251343	1.0441440343856812	0.0	0.0	0.2771514356136322	0.0	1.4489914178848267	0.18340176343917847	0.8305974006652832	0.0	0.17978139221668243	0.5946474075317383	0.7962855100631714	0.7116009593009949	0.8876112699508667	1.5266478061676025	0.5270826816558838	0.6743712425231934	1.3208726644515991	0.0	0.0	0.9435638189315796	2.6770823001861572	1.6707404851913452	0.0	1.7702124118804932	0.0	1.301629662513733	0.0	0.0	0.0	2.056077718734741	2.2179410457611084	0.0	0.735921323299408	0.0	1.93943452835083
0.5817216634750366	0.0	0.12070262432098389	0.0	0.574141263961792	0.0	1.4556900262832642	0.343514084815979	0.0	1.0173448324203491	0.6966210603713989	0.0	0.0	0.5849003195762634	0.2340112179517746	0.06473090499639511	1.4959871768951416	0.9504412412643433	1.4434841871261597	1.3836697340011597	0.9656938910484314	0.0	0.0	1.0939487218856812	0.8130335807800293	1.2039157152175903	0.0	0.5356208682060242	0.7324413657188416	0.0	0.0	0.10979755967855453	0.0	1.3392783403396606	0.0	0.7501896023750305	0.0	0.0	0.4421933591365814	0.8399866223335266	0.5425059199333191	0.5214134454727173	1.3492966890335083	0.4482731223106384	0.8351849317550659	1.3077739477157593	0.0	0.0	0.9542220830917358	2.5194692611694336	1.4763116836547852	0.0	2.1536147594451904	0.0	1.5887008905410767	0.0	0.0	0.0	2.1278445720672607	2.003329038619995	0.0	0.8662208318710327	0.1687660664319992	1.7049081325531006
0.8219027519226074	0.0	0.2947973310947418	0.0	1.1146838665008545	0.37468042969703674	1.821089744567871	0.40881186723709106	0.0	1.2360341548919678	1.2517293691635132	0.0	0.0	0.553093671798706	0.190787672996521	0.19826114177703857	1.7414299249649048	0.7227775454521179	1.8264586925506592	1.3533096313476562	0.9950493574142456	0.0	0.0	1.0982359647750854	0.6725441217422485	1.3246115446090698	0.0	0.5215523838996887	0.8847590684890747	0.17808549106121063	0.0	0.560797393321991	0.0	1.2909350395202637	0.34592920541763306	0.6055487394332886	0.010572606697678566	0.0	0.4344992935657501	1.1431920528411865	0.5602636337280273	0.521260142326355	1.3421674966812134	0.24528191983699799	0.7291879057884216	1.332027792930603	0.0	0.0	0.9351351261138916	2.670684337615967	1.6575613021850586	0.0	2.326056957244873	0.0	1.4214471578598022	0.0	0.0	0.0	1.9554088115692139	2.1660711765289307	0.0	1.3923282623291016	0.11835300177335739	2.3410143852233887
0.26081427931785583	0.0	0.9755145311355591	0.0	0.9752181172370911	0.6345577836036682	1.431722640991211	0.5170941352844238	0.0	1.4855215549468994	1.0783343315124512	0.0	0.0	1.0470645427703857	0.42505016922950745	0.0	1.4479600191116333	0.8795893788337708	2.0673646926879883	1.6408557891845703	1.1796869039535522	0.0	0.4991069734096527	1.1233553886413574	0.938181459903717	0.6435284614562988	0.0	0.39080408215522766	1.0423383712768555	0.5376215577125549	0.0	0.7382354140281677	0.0	1.3211103677749634	0.14531809091567993	0.26772215962409973	0.0	0.0	0.034409116953611374	0.9711294174194336	0.29991820454597473	0.9245162606239319	1.189681053161621	0.4008198082447052	1.1281509399414062	1.25285005569458	0.0	0.0	1.0670347213745117	2.214653730392456	2.0120887756347656	0.0	2.2328550815582275	0.0	1.0351996421813965	0.0	0.0	0.0	2.122483015060425	2.4760453701019287	0.0	0.44624215364456177	0.11824075132608414	2.0681240558624268
0.0	0.0	0.123135045170784	0.0	0.6209221482276917	0.0	1.2871209383010864	0.5964949727058411	0.0	1.7614331245422363	0.8764671087265015	0.0	0.0	1.4407647848129272	0.37411290407180786	0.0	1.596345067024231	0.3931485116481781	2.340761184692383	1.7412261962890625	1.03733491897583	0.0	0.2412317842245102	0.9631635546684265	1.06764817237854	0.46363016963005066	0.0	0.2340662032365799	0.742973804473877	0.0	0.0	0.2504332959651947	0.0	1.246618628501892	0.008111092261970043	0.44331327080726624	0.0	0.0	0.0	1.0637691020965576	0.4237167239189148	0.8404255509376526	1.4787287712097168	0.34229713678359985	0.8955329656600952	1.360663652420044	0.0	0.0	0.8646935224533081	2.170260429382324	1.5565180778503418	0.0	2.2504513263702393	0.0	1.0851423740386963	0.0	0.0	0.0	2.2638661861419678	2.317678451538086	0.0	0.9132424592971802	0.13337352871894836	1.8652976751327515
0.11381707340478897	0.0	0.08232106268405914	0.0	0.3797124922275543	0.0	1.0265848636627197	0.705944299697876	0.0	1.404926061630249	1.6227511167526245	0.0	0.0	1.1927428245544434	0.2282303124666214	0.0	1.3299700021743774	0.45585086941719055	2.276113510131836	1.6826940774917603	1.0900400876998901	0.0	0.0	0.6061012744903564	1.0188415050506592	0.8546311855316162	0.0	0.2759913504123688	0.7383143305778503	0.01860763318836689	0.0	0.562064528465271	0.0	1.3409714698791504	0.7086499929428101	0.3175325095653534	0.0	0.0	0.2789466977119446	1.2105128765106201	0.1488916277885437	1.0294973850250244	1.426822543144226	0.3772816061973572	0.6985278129577637	1.078634262084961	0.0	0.0	1.096017837524414	2.1309640407562256	1.7065584659576416	0.0	2.322288751602173	0.0	1.0459600687026978	0.0	0.0	0.0	2.4185070991516113	2.311556577682495	0.0	0.9427070617675781	0.48721927404403687	2.08821177482605
0.33928921818733215	0.0	0.47553378343582153	0.0	0.5589908361434937	0.10858846455812454	1.2555917501449585	0.463337779045105	0.0	1.316064715385437	1.0897997617721558	0.0	0.0	1.2181429862976074	0.28981509804725647	0.0	1.1163735389709473	0.31265366077423096	2.26747989654541	1.784570336341858	0.9724581241607666	0.0	0.0	0.8402733206748962	1.3482898473739624	0.5184804797172546	0.0	0.3848765194416046	0.7891027927398682	0.0	0.0	0.24060410261154175	0.0	1.3892931938171387	0.8474341630935669	0.6440964937210083	0.0	0.0	0.0	0.8384228348731995	0.44133320450782776	0.4904971122741699	1.3435564041137695	0.3085757791996002	0.6711249351501465	1.141452670097351	0.0	0.0	1.248341679573059	2.2040655612945557	1.9991159439086914	0.0	2.096005439758301	0.0	0.9537635445594788	0.0	0.0	0.0	2.1429765224456787	2.2284505367279053	0.0	0.4246768057346344	0.19827300310134888	1.8500722646713257
0.5499114990234375	0.0	0.0	0.0	0.4182541072368622	0.0	1.5479174852371216	0.5226058959960938	0.0	1.3598910570144653	0.7710610628128052	0.0	0.0	0.6211682558059692	0.03525465354323387	0.0	1.3678197860717773	0.7948959469795227	1.624515175819397	1.3232910633087158	0.8892520070075989	0.0	0.0	1.0721031427383423	0.7778990268707275	1.3161864280700684	0.0	0.15740396082401276	0.6889410614967346	0.0	0.0	0.0	0.0	1.6165980100631714	0.3128466010093689	1.0722975730895996	0.0	0.0	0.5387886762619019	0.8531513214111328	0.6475152373313904	1.3132991790771484	1.550970196723938	0.3056218922138214	0.6539088487625122	1.1874723434448242	0.0	0.0	1.2550911903381348	2.486738920211792	1.6182376146316528	0.0	1.9408433437347412	0.0	1.3097056150436401	0.0	0.0	0.0	2.322983741760254	2.1050548553466797	0.0	0.4034683406352997	0.2734472155570984	1.6201196908950806
0.6277852654457092	0.0	0.18725980818271637	0.0	0.743943989276886	0.0	1.4048799276351929	0.3446122109889984	0.0	1.1051973104476929	0.6165246367454529	0.0	0.0	0.636441707611084	0.0952652245759964	0.0	1.6045230627059937	0.47013893723487854	1.429600715637207	1.2887439727783203	1.0873134136199951	0.0	0.0	1.0094727277755737	0.981013834476471	1.4167869091033936	0.0	0.5745596289634705	0.652463972568512	0.017288822680711746	0.0	0.0	0.0	1.3632967472076416	0.0	0.777766227722168	0.0	0.0	0.5833103656768799	0.9648483991622925	0.5417658090591431	0.4566233158111572	1.3029768466949463	0.5113472938537598	0.7466927170753479	1.212533950805664	0.0	0.0	0.8293445110321045	2.5722692012786865	1.1924422979354858	0.0	2.3995444774627686	0.0	1.424808382987976	0.0	0.0	0.0	1.9194635152816772	1.9988141059875488	0.0	1.0348963737487793	0.023435251787304878	1.728367805480957
0.13091202080249786	0.0	0.3832988739013672	0.0	0.4425414800643921	0.02104194276034832	1.3057451248168945	0.5017807483673096	0.0	1.5436456203460693	1.0886266231536865	0.0	0.0	1.4305293560028076	0.4277360439300537	0.0	1.102870225906372	1.1906368732452393	2.4209799766540527	1.971018671989441	1.359140396118164	0.0	0.0	0.5580630302429199	1.2580231428146362	0.6594439148902893	0.0	0.3257252871990204	1.057871699333191	0.3838662803173065	0.0	0.2670738995075226	0.0	1.532955527305603	0.6078953146934509	0.44137337803840637	0.0	0.0	0.528883159160614	0.9583920240402222	0.3073894679546356	1.2286763191223145	1.763800859451294	0.41057807207107544	1.2010687589645386	1.208581566810608	0.0	0.0	1.1479737758636475	1.7565453052520752	2.0038819313049316	0.0	1.9243502616882324	0.0	0.75849449634552	0.0	0.0	0.0	2.4147732257843018	2.379162311553955	0.46481141448020935	0.8802815079689026	0.7290158867835999	2.147566556930542
0.20436991751194	0.0	0.49617719650268555	0.0	0.9438871145248413	0.6511702537536621	1.3157790899276733	0.7765650153160095	0.0	1.7688310146331787	0.9132882952690125	0.0	0.0	0.9053876399993896	0.10784339159727097	0.5175645351409912	1.245015263557434	0.5991095900535583	1.94413423538208	1.2618945837020874	0.695723831653595	0.0	1.1823949813842773	1.0840702056884766	1.173793077468872	1.1917126178741455	0.0	1.136987566947937	0.4958871304988861	0.030399439856410027	0.0	0.6509048342704773	0.0	1.4957247972488403	0.20157721638679504	0.6025868654251099	0.0	0.0406075082719326	0.33124691247940063	0.939149796962738	0.6619745492935181	1.0308916568756104	1.1518020629882812	0.28561708331108093	1.3593432903289795	0.8582349419593811	0.0	0.0	0.7471649050712585	2.890225410461426	1.290783166885376	0.0	2.286609172821045	0.0	1.1363390684127808	0.0	0.0	0.0	2.1565303802490234	2.5247650146484375	0.2012690156698227	1.8820035457611084	0.37715959548950195	2.0512890815734863
0.6990934014320374	0.0	0.071304090321064	0.0	0.6448009014129639	0.0	1.577689290046692	0.1977258026599884	0.0	1.420175552368164	0.6265303492546082	0.0	0.0	0.1480083167552948	0.0	0.0	1.5859068632125854	0.16020168364048004	0.9848363995552063	1.1532726287841797	1.0218603610992432	0.0	0.0	1.0453938245773315	0.6762041449546814	1.840748906135559	0.0	0.6995102167129517	0.4766012728214264	0.0	0.0	0.0	0.0	1.3322834968566895	0.04045223444700241	1.091515064239502	0.0	0.0	0.5029687285423279	1.04383385181427	0.544456958770752	0.6723852157592773	1.2945302724838257	0.5788081884384155	0.523618221282959	1.2576371431350708	0.0	0.0	0.8456363081932068	2.967782974243164	1.2218564748764038	0.0	1.9645428657531738	0.0	1.3792452812194824	0.0	0.0	0.0	2.1737325191497803	1.8305727243423462	0.0	0.9211975336074829	0.015881340950727463	1.5248035192489624
0.0	0.0	0.04531495273113251	0.0	0.5611125230789185	0.1476794183254242	1.4411990642547607	0.8388611674308777	0.0	1.465558409690857	1.0780197381973267	0.0	0.0	1.3767317533493042	0.4145963490009308	0.0	1.3230020999908447	1.3089749813079834	2.4455018043518066	2.1309571266174316	1.376671552658081	0.0	0.10343974828720093	0.31233373284339905	1.1272408962249756	0.21145090460777283	0.0	0.0	1.114037036895752	0.5481551289558411	0.0	0.5454882383346558	0.0	1.2131544351577759	0.3638094365596771	0.22148115932941437	0.0	0.0	0.20499998331069946	0.8498283624649048	0.24016939103603363	1.0192300081253052	1.6142604351043701	0.2819385528564453	0.9975525736808777	1.139855146408081	0.0	0.0	1.0376619100570679	1.3536796569824219	2.2548277378082275	0.0	1.9348927736282349	0.0	0.6171596646308899	0.0	0.0	0.0	2.3154215812683105	2.094944715499878	0.0	0.23370051383972168	0.5196787714958191	2.0120277404785156
0.38431331515312195	0.0	0.04931319132447243	0.0	0.327729731798172	0.0	1.2480491399765015	0.6154563426971436	0.0	1.3331139087677002	0.9955101609230042	0.0	0.0	0.995057225227356	0.3925720155239105	0.0	1.4318995475769043	1.3854212760925293	1.9901435375213623	1.7607386112213135	1.344476342201233	0.0	0.0	0.46386411786079407	1.3347816467285156	0.7012932896614075	0.0	0.18193772435188293	0.6417931914329529	0.0	0.0	0.022062767297029495	0.0	1.3004908561706543	0.011367767117917538	0.5420060753822327	0.0	0.0	0.39138126373291016	0.7703964114189148	0.3257979452610016	0.7812194228172302	1.320547342300415	0.5271950960159302	0.7283203601837158	1.3274160623550415	0.0	0.0	0.9186297059059143	2.096163749694824	1.5512360334396362	0.0	2.083155870437622	0.0	0.6803833246231079	0.0	0.0	0.0	2.151163101196289	2.315549612045288	0.0	0.5417972207069397	0.09413017332553864	1.8742715120315552
0.26939305663108826	0.0	0.05013231560587883	0.0	0.20452316105365753	0.0	1.1329392194747925	0.5774950385093689	0.0	0.9851824045181274	1.0689164400100708	0.0	0.0	1.1521557569503784	0.36573705077171326	0.0	1.3597232103347778	1.0182393789291382	1.9523637294769287	1.7042407989501953	1.319920539855957	0.0	0.0	0.5699024796485901	1.3667036294937134	0.7893118858337402	0.0	0.10071220248937607	0.7253643870353699	0.0	0.0	0.2034575641155243	0.0	1.387059211730957	0.2644708454608917	0.40282803773880005	0.0	0.0	0.48203665018081665	0.7079997658729553	0.3526025116443634	0.5216099619865417	1.3662960529327393	0.43150046467781067	0.7333293557167053	1.1433111429214478	0.0	0.0	0.9813157320022583	1.8626537322998047	1.535855770111084	0.0	1.984833836555481	0.0	0.8651982545852661	0.0	0.0	0.0	2.22420334815979	2.1654651165008545	0.0	0.4527614116668701	0.026241373270750046	1.6795644760131836
0.2990604639053345	0.0	0.05920590087771416	0.0	0.5924315452575684	0.0	1.9033740758895874	0.32776346802711487	0.0	1.1208951473236084	0.8635182976722717	0.0	0.0	0.5300651788711548	0.1760253757238388	0.1469377726316452	1.8734828233718872	0.606484591960907	1.7452857494354248	1.1032708883285522	0.9842745661735535	0.0	0.012701524421572685	1.245045781135559	0.5056660175323486	1.5017398595809937	0.0	0.6595863699913025	1.1007717847824097	0.0	0.0	0.15058700740337372	0.0	1.587417721748352	0.2828112840652466	0.7999296188354492	0.013884328305721283	0.0	0.22689752280712128	1.1555546522140503	0.4516342580318451	0.5759263038635254	1.391188621520996	0.5496519207954407	0.6682487726211548	1.3945726156234741	0.0	0.0	1.173351526260376	2.6789088249206543	1.4015724658966064	0.0	2.450366735458374	0.0	1.318823218345642	0.0	0.0	0.0	2.0901947021484375	2.2592990398406982	0.0	1.5153218507766724	0.19257032871246338	2.103212594985962
0.32587745785713196	0.0	0.17639152705669403	0.0	0.41082826256752014	0.011239293031394482	1.149958610534668	0.7839415073394775	0.0	1.1346186399459839	1.125228762626648	0.0	0.0	1.1052442789077759	0.4332016110420227	0.0	1.335490107536316	1.004655122756958	2.0812110900878906	1.706813097000122	1.2110508680343628	0.0	0.0	0.6298744082450867	1.4493699073791504	0.9130479097366333	0.0	0.0	0.7117034196853638	0.06039853021502495	0.0	0.3299481272697449	0.0	1.2683320045471191	0.008897378109395504	0.41042110323905945	0.0	0.0	0.4663711190223694	0.788445234298706	0.30677202343940735	0.8414924144744873	1.340519905090332	0.5036926865577698	0.8789163827896118	1.178105354309082	0.0	0.0	0.9477879405021667	2.0084455013275146	1.6462783813476562	0.0	1.9228020906448364	0.0	0.7262123227119446	0.0	0.0	0.0	2.29807710647583	2.2316808700561523	0.0	0.4367920756340027	0.08322993665933609	1.783968210220337
0.19675755500793457	0.0	0.006157850380986929	0.0	0.3076567053794861	0.0	1.2090339660644531	0.5069459676742554	0.0	1.1125996112823486	1.1837278604507446	0.0	0.0	1.202948808670044	0.5943836569786072	0.0	1.2723661661148071	1.106500506401062	2.0630276203155518	1.7689452171325684	1.1907600164413452	0.0	0.0	0.6360843181610107	1.5010398626327515	0.7390545606613159	0.0	0.16551458835601807	0.6792412400245667	0.182434543967247	0.0	0.0	0.0	1.2708016633987427	0.14616113901138306	0.5425394177436829	0.0	0.0	0.37117964029312134	0.896063506603241	0.37923210859298706	0.8868489861488342	1.5537360906600952	0.3731657564640045	1.0056953430175781	1.0322785377502441	0.0	0.0	1.1720678806304932	1.8354129791259766	1.676655650138855	0.0	2.095062255859375	0.0	0.8847603797912598	0.0	0.0	0.0	2.2656941413879395	2.2228636741638184	0.0	0.5630011558532715	0.11902173608541489	1.7728431224822998
0.05927775427699089	0.0	0.008965727873146534	0.0	0.4410330653190613	0.411032110452652	1.1510637998580933	0.8805550336837769	0.0	1.06954026222229	0.9191986918449402	0.0	0.0	1.0359045267105103	0.6379803419113159	0.0	1.573063611984253	1.3043293952941895	2.434363842010498	1.8837759494781494	1.4432649612426758	0.0	0.0	0.6132471561431885	1.2583153247833252	0.9398167729377747	0.0	0.0	1.0682411193847656	0.5229455232620239	0.0	0.38176125288009644	0.0	1.219125509262085	0.0	0.2819884419441223	0.0	0.0	0.6940966844558716	0.6447382569313049	0.21063673496246338	0.6161134839057922	1.2345566749572754	0.2868858873844147	1.0289088487625122	1.1759411096572876	0.0	0.0	0.9179627299308777	1.4462836980819702	1.8376116752624512	0.0	2.368316173553467	0.0	0.7540242075920105	0.0	0.0	0.0	2.2597477436065674	2.1068923473358154	0.0	0.3353525400161743	0.33524399995803833	1.8823026418685913
0.2982429265975952	0.0	0.048590805381536484	0.0	0.4410454034805298	0.0	1.3316150903701782	0.46574294567108154	0.0	1.2629506587982178	0.7758468985557556	0.0	0.0	0.6316089034080505	0.3344429135322571	0.0	1.2337994575500488	0.5636426210403442	1.7569983005523682	1.3388842344284058	0.9646480679512024	0.0	0.0	0.7988491654396057	0.9751188158988953	1.1555694341659546	0.0	0.31041908264160156	0.6253306865692139	0.0	0.0	0.0	0.0	1.2816907167434692	0.10361156612634659	0.8148468732833862	0.0	0.0	0.3467334806919098	0.7938466668128967	0.700207531452179	0.7559342384338379	1.3355284929275513	0.3879886567592621	0.8787028789520264	1.221352458000183	0.0	0.0	0.9943196177482605	2.425687789916992	1.4454644918441772	0.0	2.030026912689209	0.0	1.1032321453094482	0.0	0.0	0.0	2.238929033279419	2.2843823432922363	0.0	0.7527555823326111	0.13220009207725525	1.716752529144287
0.545850396156311	0.0	0.4046750068664551	0.0	0.37593358755111694	0.0	1.4211617708206177	0.5215232372283936	0.0	0.8877123594284058	0.5576269626617432	0.026168448850512505	0.0	0.34369760751724243	0.3292773962020874	0.0	1.509015440940857	0.8521215319633484	1.7225056886672974	1.3412315845489502	1.2398009300231934	0.0	0.0	0.8952470421791077	1.219157338142395	1.3221358060836792	0.0	0.27578482031822205	0.9711947441101074	0.0	0.0	0.0	0.0	1.3729897737503052	0.0	0.7779198288917542	0.0	0.0	0.6995850205421448	0.6531913876533508	0.6537607312202454	0.44228070974349976	1.5745148658752441	0.2920311987400055	0.8053656816482544	1.3116750717163086	0.0	0.0	0.9813184142112732	2.6887152194976807	1.522099494934082	0.0	2.1225204467773438	0.0	1.3037736415863037	0.0	0.0	0.0	2.064383029937744	2.051931381225586	0.0	0.8074110150337219	0.0	1.9796392917633057
0.5947326421737671	0.0	0.6734715700149536	0.0	0.4365875720977783	1.1679309606552124	1.628708004951477	0.4915703535079956	0.0	1.0448477268218994	1.2187296152114868	0.0	0.0	1.0393526554107666	0.43251854181289673	0.0	1.8495999574661255	0.8361445665359497	2.0916106700897217	1.657676339149475	1.1946569681167603	0.0	0.054216474294662476	0.9286128282546997	1.2982149124145508	1.0871806144714355	0.0	0.7393860816955566	0.8765896558761597	0.0	0.0	0.5697849988937378	0.0	1.5931165218353271	0.44060173630714417	0.6323148012161255	0.0	0.0	0.8187710046768188	0.777303159236908	0.4966428577899933	0.7289044857025146	1.1887022256851196	0.29711082577705383	0.6057953834533691	0.9503349661827087	0.0	0.0	0.7648012042045593	2.1509151458740234	1.6022100448608398	0.0	1.7897619009017944	0.0	1.5993865728378296	0.0	0.0	0.02075342647731304	2.2405316829681396	2.423600912094116	0.0013885286170989275	0.5649498701095581	0.14657354354858398	1.7559095621109009
0.4638453423976898	0.0	0.4305668771266937	0.0	0.7996824979782104	0.0	1.5706977844238281	0.23082193732261658	0.0	0.8312116861343384	0.6894146203994751	0.0	0.0	0.0	0.0030322035308927298	0.37406423687934875	1.7034862041473389	0.2511131763458252	0.9568476676940918	0.9304313063621521	0.9095209240913391	0.0	0.0	1.1635854244232178	0.793606698513031	1.7795237302780151	0.0	0.9386749863624573	0.5064862966537476	0.0	0.0	0.0	0.0	0.7474008798599243	0.0	1.0133614540100098	0.0	0.0	0.5588068962097168	0.9068202972412109	0.7079551219940186	0.11496694386005402	1.298957347869873	0.1815127581357956	0.8006380796432495	1.199489712715149	0.0	0.0	0.8673756718635559	3.1039786338806152	1.0768202543258667	0.0	2.2440237998962402	0.0	1.3979929685592651	0.0	0.0	0.0	1.8103373050689697	1.7546871900558472	0.0	1.452444314956665	0.0	1.627123236656189
0.8672530055046082	0.0	0.08141560107469559	0.0	0.5624980330467224	0.0	1.6437599658966064	0.06074313819408417	0.0	1.0554102659225464	0.46923828125	0.0	0.0	0.08366018533706665	0.07056068629026413	0.19150397181510925	1.7235368490219116	0.4186360538005829	1.122986912727356	1.0117297172546387	0.9622213840484619	0.0	0.0	1.0240885019302368	0.7105750441551208	1.6947333812713623	0.0	0.5045520663261414	0.6052353382110596	0.0	0.0	0.0	0.0	0.9706629514694214	0.0	1.3355847597122192	0.0	0.11820108443498611	0.4234292805194855	0.7692559957504272	0.4423874616622925	0.571076512336731	1.2715203762054443	0.27218782901763916	0.7445164322853088	1.2592765092849731	0.0	0.0	0.810210108757019	2.8737573623657227	1.1226751804351807	0.0	2.2070319652557373	0.0	1.5273561477661133	0.0	0.0	0.0	1.914005994796753	1.9945343732833862	0.0	0.7911667823791504	0.0	1.791818380355835
0.3551415801048279	0.0	0.2109924852848053	0.0	0.3475920259952545	0.0	1.383419394493103	0.5194196105003357	0.0	1.1380876302719116	0.808111310005188	0.0	0.0	0.7473874092102051	0.08616305142641068	0.0	1.2298377752304077	0.6319162249565125	1.5669245719909668	1.3452723026275635	1.005890130996704	0.0	0.0	0.9995478987693787	0.8615443706512451	1.0436514616012573	0.0	0.2330138385295868	0.7659928202629089	0.0	0.0	0.0	0.0	1.4135007858276367	0.09154094010591507	0.8713723421096802	0.0	0.0	0.33130618929862976	0.8606880307197571	0.6169385313987732	1.0654687881469727	1.5155357122421265	0.33777862787246704	0.7964672446250916	1.1815850734710693	0.0	0.0	1.0380358695983887	2.474799156188965	1.5308663845062256	0.0	2.15946626663208	0.0	1.0978878736495972	0.0	0.0	0.0	2.412814140319824	2.0460093021392822	0.0	0.6011594533920288	0.2669500708580017	1.7251896858215332
0.3671502470970154	0.0	0.0	0.0	0.4837627708911896	0.0	1.3463412523269653	0.37544751167297363	0.0	1.374037265777588	0.9544093012809753	0.0	0.0	1.1941689252853394	0.23963530361652374	0.0	1.747583270072937	0.6587469577789307	1.6861392259597778	1.7130656242370605	1.1301217079162598	0.0	0.0	0.5861972570419312	0.8498457670211792	0.9972959756851196	0.0	0.22290973365306854	0.8332659006118774	0.14583677053451538	0.0	0.01166775356978178	0.0	1.5262045860290527	0.022241856902837753	0.48293107748031616	0.0	0.0	0.11209025979042053	0.9812072515487671	0.29788848757743835	0.5896567702293396	1.31468665599823	0.6772416830062866	1.170303463935852	1.121381163597107	0.0	0.0	0.7099038362503052	2.12923002243042	1.2786403894424438	0.0	2.16910457611084	0.0	0.8557846546173096	0.0	0.0	0.0	2.288408041000366	2.186776638031006	0.0	0.5324227809906006	0.19638276100158691	1.8785624504089355
0.3717636466026306	0.0	0.3581930696964264	0.0	0.578969419002533	0.07373835146427155	1.2891838550567627	0.7545230984687805	0.0	1.0115363597869873	0.7732353806495667	0.0	0.0	0.8051903247833252	0.1596153825521469	0.13425016403198242	1.442193865776062	0.5888659954071045	1.5247291326522827	1.5513546466827393	1.101584792137146	0.0	0.0	0.8817293643951416	0.870698094367981	1.116991639137268	0.0	0.36098843812942505	0.8549978733062744	0.05122612416744232	0.0	0.0561227947473526	0.0	1.13870370388031	0.09282965958118439	0.5640984177589417	0.0	0.0	0.4457263946533203	0.6624569892883301	0.5914409756660461	0.6860051155090332	1.5223772525787354	0.3786904513835907	0.8905066847801208	1.12533700466156	0.0	0.0	0.9656140804290771	2.383301019668579	1.9372469186782837	0.0	2.259127616882324	0.0	1.3156318664550781	0.0	0.0	0.0	2.217451333999634	2.068347215652466	0.0	0.8820565938949585	0.12962180376052856	1.7611610889434814
0.5101964473724365	0.0	0.0	0.0	0.42264464497566223	0.0	1.205593228340149	0.6671056747436523	0.0	1.070176601409912	1.1045221090316772	0.0	0.0	1.2631043195724487	0.6196954846382141	0.0	1.3697549104690552	0.9102758169174194	2.0434913635253906	1.7760298252105713	1.2241482734680176	0.0	0.0	0.5190943479537964	1.5434664487838745	0.8286405205726624	0.0	0.0	0.7460351586341858	0.10060129314661026	0.0	0.03444598242640495	0.0	1.2511627674102783	0.27798664569854736	0.6564416885375977	0.0	0.0	0.47249534726142883	0.8367278575897217	0.37845101952552795	0.8486977815628052	1.408005714416504	0.28627756237983704	0.7820844650268555	1.08634352684021	0.0	0.0	1.0458961725234985	1.829338788986206	1.7953788042068481	0.0	2.1928019523620605	0.0	0.8224970102310181	0.0	0.0	0.0	2.150618076324463	2.3182005882263184	0.0	0.5128068327903748	0.11775870621204376	1.9379849433898926
0.29158565402030945	0.0	0.0	0.0	0.44408413767814636	0.0	2.0950682163238525	0.1997697800397873	0.0	1.3294141292572021	0.6105198860168457	0.0	0.0	0.45435357093811035	0.2488485425710678	0.2585247755050659	1.6832857131958008	0.6886442303657532	2.1763758659362793	1.167887806892395	1.0589993000030518	0.0	0.0	1.1862537860870361	0.5021466016769409	1.5583175420761108	0.0	0.8737331628799438	0.9486727714538574	0.0	0.0	0.0422503687441349	0.0	1.0376287698745728	0.0	0.8598790764808655	0.0	0.0	0.5527669787406921	1.1533249616622925	0.6077132225036621	1.155071496963501	1.6007603406906128	0.30167466402053833	0.8463122248649597	1.4203656911849976	0.0	0.0	1.0304714441299438	2.6928961277008057	1.2032020092010498	0.0	1.9537965059280396	0.0	1.5008281469345093	0.0	0.0	0.03531690686941147	2.2041754722595215	2.097207546234131	0.0	1.1706198453903198	0.19822555780410767	2.1969218254089355
0.23873603343963623	0.0	0.08085035532712936	0.0	0.5667769908905029	0.2791205942630768	1.1396342515945435	0.5716791152954102	0.0	1.3743019104003906	0.979528546333313	0.0	0.0	1.1826413869857788	0.7180586457252502	0.0	1.2899192571640015	1.042683720588684	1.8996937274932861	1.817031979560852	1.165129542350769	0.0	0.2785460650920868	0.7715526819229126	1.316809892654419	0.8674423098564148	0.0	0.0	0.9854477047920227	0.021734409034252167	0.0	0.6128422021865845	0.0	1.1960899829864502	0.5073854923248291	0.347354918718338	0.0	0.0	0.028994470834732056	0.8928995728492737	0.3974098265171051	0.7535959482192993	1.4146167039871216	0.34389302134513855	0.9213861227035522	1.133711576461792	0.0	0.0	1.0413074493408203	1.943366289138794	1.7531503438949585	0.0	2.2418525218963623	0.0	0.8937662243843079	0.0	0.0	0.0	2.310274362564087	2.2411460876464844	0.0	0.6124730110168457	0.3018147945404053	2.092590093612671
0.5777541399002075	0.0	0.20876558125019073	0.0	0.7289048433303833	0.1581028401851654	1.5591236352920532	0.5162516236305237	0.0	1.2138861417770386	0.8382614850997925	0.0	0.0	0.4012546241283417	0.19355541467666626	0.0	1.4282798767089844	0.6185210943222046	1.2725342512130737	1.212670087814331	1.0678011178970337	0.0	0.0	1.0031465291976929	0.684735894203186	1.2954576015472412	0.0	0.5205292701721191	0.978397786617279	0.0	0.0	0.0	0.0	1.1704918146133423	0.02992076799273491	0.9534206390380859	0.0	0.0	0.4294012486934662	0.9854253530502319	0.5979608297348022	0.8356589674949646	1.3411507606506348	0.30580466985702515	0.8497228026390076	1.4273667335510254	0.0	0.0	1.463619351387024	2.6624510288238525	1.8895092010498047	0.0	2.250027656555176	0.0	1.1291992664337158	0.0	0.0	0.0	1.9788285493850708	1.9732011556625366	0.0	0.5901591181755066	0.04791863262653351	2.0169575214385986
0.0	0.0	0.08130282163619995	0.0	0.7226176857948303	0.0	1.1659445762634277	0.6133902072906494	0.0	1.2654533386230469	1.1668750047683716	0.0	0.0	1.427582025527954	0.3354129195213318	0.0	1.3221913576126099	0.7596347332000732	2.379164218902588	1.8291206359863281	1.2192517518997192	0.0	0.16316594183444977	0.7268814444541931	0.9815928936004639	0.0	0.0	0.1365937441587448	1.0649865865707397	0.12001289427280426	0.0	0.36314108967781067	0.0	1.3242462873458862	0.17556868493556976	0.2240178883075714	0.0	0.0	0.0	1.0528316497802734	0.24908313155174255	0.8422353863716125	1.38619863986969	0.34411779046058655	0.8834375739097595	1.3392084836959839	0.0	0.0	0.8310034871101379	1.474954605102539	1.494787335395813	0.0	1.8852500915527344	0.0	0.7150117754936218	0.0	0.0	0.0	2.249986410140991	2.1651089191436768	0.0	0.7432354688644409	0.4118820130825043	2.0789761543273926
0.8393005728721619	0.0	0.6101580858230591	0.0	0.4960676431655884	0.0	1.4774174690246582	0.596972644329071	0.0	1.0054353475570679	0.6534236669540405	0.0	0.0	0.7563254237174988	0.08445338159799576	0.014638963155448437	1.5864012241363525	0.9323381185531616	1.3115671873092651	1.4323256015777588	1.0476269721984863	0.0	0.0	1.049337387084961	1.0742120742797852	1.5192017555236816	0.0	0.3508380949497223	0.7456725835800171	0.0	0.0	0.12822824716567993	0.0	1.386367678642273	0.09392884373664856	0.7089250087738037	0.0	0.2487022429704666	0.5254873037338257	0.8614706993103027	0.4898830056190491	1.0447508096694946	1.1723994016647339	0.43645209074020386	0.5951070189476013	1.277357578277588	0.0	0.0	0.8822685480117798	2.6411705017089844	1.796000361442566	0.0	2.1808390617370605	0.0	1.380697250366211	0.0	0.0	0.0	2.195261001586914	1.8619579076766968	0.13794533908367157	0.6091596484184265	0.3614123463630676	1.764583706855774
0.2573396861553192	0.0	0.42337924242019653	0.0	0.48118534684181213	0.291373074054718	1.4215213060379028	0.7012048363685608	0.0	0.8418043851852417	0.7103166580200195	0.0	0.0	0.8552382588386536	0.13325504958629608	0.25922325253486633	1.3364753723144531	0.8094306588172913	1.7299163341522217	1.3774279356002808	1.0316598415374756	0.0	0.20990876853466034	1.1351368427276611	1.22177255153656	1.0365937948226929	0.0	0.7651652693748474	0.9646496176719666	0.0	0.0	0.37355634570121765	0.0	1.1967248916625977	0.2563052475452423	0.5940690040588379	0.0	0.0	0.4813239872455597	0.7769871354103088	0.6390231251716614	0.2928179204463959	1.5582797527313232	0.1382128745317459	0.9127857685089111	1.180830955505371	0.0	0.0	1.3261899948120117	2.5783450603485107	2.305149793624878	0.0	2.1410346031188965	0.0	1.219382882118225	0.0	0.0	0.0	2.1277694702148438	2.1622116565704346	0.0	0.9169391989707947	0.12866315245628357	1.932866096496582
0.21498070657253265	0.0	0.3239457905292511	0.0	0.675456702709198	0.4349432587623596	1.2746843099594116	0.559317946434021	0.0	1.4663437604904175	1.2705638408660889	0.0	0.0	1.1565577983856201	0.40868955850601196	0.0	1.280438780784607	0.5808129906654358	1.6615782976150513	1.605668544769287	1.0486000776290894	0.0	0.0	0.9015568494796753	0.7886002659797668	1.0336979627609253	0.0	0.7205248475074768	0.9088519811630249	0.10206785053014755	0.0	0.1831366866827011	0.0	1.4150505065917969	0.6027248501777649	0.3342582881450653	0.0	0.05770168825984001	0.15991714596748352	0.7822695374488831	0.4832172393798828	1.1901681423187256	1.3115850687026978	0.5653870701789856	0.8157541155815125	1.182314395904541	0.0	0.0	1.0767412185668945	2.142261505126953	1.931777000427246	0.0	2.2162463665008545	0.0	1.0933414697647095	0.0	0.0	0.0	2.1255500316619873	2.1940290927886963	0.0	0.7271875143051147	0.19870251417160034	2.227306365966797
0.4540475010871887	0.0	0.07232813537120819	0.0	0.7810574173927307	0.0	1.7666871547698975	0.30062055587768555	0.0	1.2161842584609985	0.6554441452026367	0.0	0.0	0.30646777153015137	0.21822099387645721	0.04173078387975693	1.5546119213104248	0.554490864276886	1.6900765895843506	1.28592848777771	0.9641761183738708	0.0	0.0	0.8175317049026489	1.0898911952972412	1.5683828592300415	0.0	0.7617896795272827	0.5915673971176147	0.04603708162903786	0.0	0.0	0.0	1.2824835777282715	0.0	1.217132568359375	0.0	0.0	0.8213819861412048	0.7843722105026245	0.7108227610588074	0.9697953462600708	1.2800127267837524	0.42757996916770935	0.885076105594635	1.2704294919967651	0.0	0.0	0.8618898987770081	2.7109835147857666	1.3068617582321167	0.0	1.9141275882720947	0.0	1.4761618375778198	0.0	0.0	0.0	2.115623950958252	2.176266670227051	0.0	0.5093443989753723	0.0	1.6455434560775757
0.7652999758720398	0.0	0.3251102864742279	0.0	0.3619212210178375	0.029077477753162384	1.5163993835449219	0.16999346017837524	0.0	0.8057954907417297	0.48148801922798157	0.0	0.0	0.23934310674667358	0.198509082198143	0.13074366748332977	1.5663213729858398	0.4652694761753082	1.0824499130249023	1.0249838829040527	1.1675465106964111	0.0	0.0	0.9355461001396179	1.2840979099273682	1.6983710527420044	0.0	0.7886069416999817	0.4083099365234375	0.0	0.0	0.07780015468597412	0.0	1.270167589187622	0.0	0.98502516746521	0.0	0.0	0.68732750415802	0.9103258848190308	0.5367609858512878	0.29481396079063416	1.1849786043167114	0.4714137017726898	0.7494434714317322	1.1317477226257324	0.0	0.0	1.0062105655670166	3.0430843830108643	1.1414437294006348	0.0	2.3541529178619385	0.0	1.4549665451049805	0.0	0.0	0.0	1.9018275737762451	1.8524199724197388	0.0	1.2667787075042725	0.037792813032865524	1.4971165657043457
0.40842530131340027	0.0	0.0	0.0	0.3132694661617279	0.0	1.5274349451065063	0.4399799704551697	0.0	1.3542059659957886	0.7091535329818726	0.0	0.0	0.6555802822113037	0.09462516009807587	0.0	1.270756483078003	0.5744954943656921	1.6076501607894897	1.4514541625976562	0.9934583306312561	0.0	0.0	0.981088399887085	0.8010004758834839	1.1019022464752197	0.0	0.21176035702228546	0.8041219115257263	0.0	0.0	0.0	0.0	1.135583519935608	0.15337979793548584	0.8437640070915222	0.0	0.04766169562935829	0.11842504888772964	0.8721449971199036	0.5645748972892761	0.7245223522186279	1.5898023843765259	0.34766310453414917	0.7210963368415833	1.2777804136276245	0.0	0.0	1.207290768623352	2.352725028991699	1.6723356246948242	0.0	2.0857176780700684	0.0	1.0119792222976685	0.0	0.0	0.0	2.1089329719543457	2.064754009246826	0.0	0.6429911255836487	0.10690705478191376	1.8762792348861694
0.7642412185668945	0.0	0.11679323017597198	0.0	0.5019266605377197	0.0	1.4010753631591797	0.3018754720687866	0.0	0.8721283078193665	0.7319597601890564	0.0	0.0	0.1698412001132965	0.041145823895931244	0.018722649663686752	1.4266079664230347	0.5323674082756042	1.3953057527542114	1.0643219947814941	1.0666247606277466	0.0	0.0	1.0324227809906006	0.9904017448425293	1.533771276473999	0.0	0.5868493318557739	0.6041247844696045	0.0	0.0	0.08263330906629562	0.0	0.9366715550422668	0.0	0.9669328331947327	0.0	0.0035364727955311537	0.5222156047821045	0.8419817686080933	0.709032416343689	0.4620826244354248	1.3260142803192139	0.19250090420246124	0.6202681064605713	1.2056312561035156	0.0	0.0	0.9235947132110596	2.9337475299835205	1.2942390441894531	0.0	2.3581252098083496	0.0	1.2557297945022583	0.0	0.0	0.0	1.9230458736419678	2.034497022628784	0.0	1.2158828973770142	0.0	1.8370362520217896
0.2856280207633972	0.0	0.7224253416061401	0.0	1.0797139406204224	0.2883746922016144	1.491097092628479	0.583356499671936	0.0	1.2479404211044312	0.7408860921859741	0.0	0.0	0.45409977436065674	0.2688352167606354	0.0	1.687190055847168	0.3343879282474518	1.4985036849975586	1.3677629232406616	0.8395448327064514	0.0	0.2724684476852417	1.0898520946502686	1.2166706323623657	1.4551048278808594	0.0	0.5830381512641907	0.6005061864852905	0.0	0.0	0.0	0.0	1.2048711776733398	0.09056001901626587	1.0814435482025146	0.0	0.08955025672912598	0.4031645357608795	0.9204219579696655	0.7483420372009277	0.26966917514801025	1.151349425315857	0.3305421769618988	0.8313844203948975	1.2602406740188599	0.0	0.0	1.0720372200012207	2.794203519821167	1.2148240804672241	0.0	1.9893059730529785	0.0	1.4574612379074097	0.0	0.0	0.0	1.9348918199539185	2.065455436706543	0.0	1.217588186264038	0.0	1.8822420835494995
0.6960810422897339	0.0	0.20577524602413177	0.0	0.48186275362968445	0.0	1.573416829109192	0.2700308561325073	0.0	0.9722816348075867	0.5133151412010193	0.0	0.0	0.41310200095176697	0.13369128108024597	0.2553485631942749	1.8217085599899292	0.3577284514904022	1.0498121976852417	1.0342912673950195	0.8911846280097961	0.0	0.0	1.026442289352417	0.8832544684410095	1.6341522932052612	0.0	0.6663195490837097	0.5480760335922241	0.0	0.0	0.0	0.0	1.2633742094039917	0.0	0.9679517149925232	0.0	0.13654714822769165	0.5536327958106995	0.8194023370742798	0.6538147330284119	0.5080263018608093	1.3601512908935547	0.5158438086509705	0.859271764755249	1.1215338706970215	0.0	0.0	0.9214128851890564	2.8317830562591553	1.139121651649475	0.0	2.1702892780303955	0.0	1.3479368686676025	0.0	0.0	0.0	2.008352756500244	2.0090174674987793	0.0	0.9666738510131836	0.013020380400121212	1.7558211088180542
0.17714864015579224	0.0	0.1581844836473465	0.0	0.4879787564277649	0.0	1.454450249671936	0.5517970323562622	0.0	1.1923073530197144	0.8663768172264099	0.0	0.0	0.8905476927757263	0.2609419822692871	0.0	1.3807812929153442	0.9008520245552063	1.7087509632110596	1.752631664276123	1.1826210021972656	0.0	0.0	0.8470181226730347	0.6968536376953125	0.9084942936897278	0.0	0.20588266849517822	0.9112958908081055	0.08686846494674683	0.0	0.21387724578380585	0.0	1.4187588691711426	0.2508196532726288	0.7735908627510071	0.0	0.1836148053407669	0.26680707931518555	0.6484609842300415	0.5161139965057373	0.8054742217063904	1.5362293720245361	0.3153097629547119	0.794069230556488	1.3510311841964722	0.0	0.0	0.9363141059875488	1.994334101676941	1.6826003789901733	0.0	1.9015123844146729	0.0	0.8797631859779358	0.0	0.0	0.0	2.202505588531494	2.044729471206665	0.0	0.5871973633766174	0.048597145825624466	2.0366363525390625
0.0	0.0	0.0	0.0	0.956917405128479	0.0	1.3287264108657837	0.6514894366264343	0.0	1.1351699829101562	1.013036847114563	0.0	0.0	1.2925776243209839	0.5594675540924072	0.0	1.668096899986267	0.8368444442749023	1.8638036251068115	1.8876569271087646	1.1490001678466797	0.0	0.41082900762557983	0.6686598062515259	1.061905860900879	0.34049007296562195	0.0	0.21570853888988495	0.852285623550415	0.18400660157203674	0.0	0.3842097222805023	0.0	1.3052102327346802	0.24684658646583557	0.6397143602371216	0.0	0.0	0.25216272473335266	1.5114037990570068	0.24751606583595276	0.8387961387634277	1.3037776947021484	0.2905545234680176	0.9933012127876282	1.3931349515914917	0.0	0.0	0.6751209497451782	1.8847519159317017	1.499198317527771	0.0	2.2890195846557617	0.0	1.4205902814865112	0.0	0.0	0.0	2.2842705249786377	2.152554512023926	0.0	0.7229213714599609	0.21879327297210693	2.1422922611236572
0.330229252576828	0.0	0.3783004879951477	0.0	0.8182957768440247	1.0414886474609375	1.63287353515625	0.5007629990577698	0.0	1.0606878995895386	0.9042571187019348	0.0	0.0	1.1696535348892212	0.48598355054855347	0.1645088493824005	2.008894681930542	0.7999263405799866	2.011413097381592	1.5177381038665771	1.1142274141311646	0.0	0.3192718029022217	0.9096659421920776	1.5829036235809326	1.191412091255188	0.0	0.7069379091262817	0.7779924273490906	0.0743374228477478	0.0	0.16423720121383667	0.0	1.349510669708252	0.09815559536218643	0.22704198956489563	0.0	0.013108847662806511	0.5685540437698364	0.8952863216400146	0.24363946914672852	0.20918503403663635	1.2959603071212769	0.2702099084854126	1.094421625137329	1.0472573041915894	0.0	0.0	0.607427179813385	2.251002550125122	1.475066900253296	0.0	2.4254982471466064	0.0	1.0733649730682373	0.0	0.0	0.0	2.4988296031951904	2.3973591327667236	0.0	1.1088793277740479	0.06418295204639435	1.5135447978973389
0.18611964583396912	0.0	0.09222432225942612	0.0	0.34462445974349976	0.0	1.332676649093628	0.41199105978012085	0.0	1.1639996767044067	1.1042908430099487	0.0	0.0	1.161771297454834	0.6498469710350037	0.0	1.1441844701766968	0.8000536561012268	1.9102282524108887	1.967246174812317	1.1560373306274414	0.0	0.051743630319833755	0.797866702079773	1.0663551092147827	0.25595715641975403	0.0	0.2226216346025467	0.8765034675598145	0.21396933495998383	0.0	0.16874593496322632	0.0	1.3166476488113403	0.08502060920000076	0.5391878485679626	0.0	0.0	0.11343417316675186	0.7502139210700989	0.16231641173362732	0.9302468299865723	1.5437887907028198	0.5643391013145447	1.298956274986267	1.2022998332977295	0.0	0.0	0.7560823559761047	1.5793073177337646	1.6799792051315308	0.0	2.475618362426758	0.0	0.9554639458656311	0.0	0.0	0.0	2.4297454357147217	2.173215866088867	0.0	0.5869932174682617	0.4333037734031677	2.107211112976074
0.47651907801628113	0.0	0.10784713178873062	0.0	0.24759943783283234	0.18757307529449463	1.2683980464935303	0.6058586835861206	0.0	1.1148273944854736	1.1324759721755981	0.0	0.0	1.0738478899002075	0.15665124356746674	0.0	1.4708908796310425	0.492509126663208	1.8101017475128174	1.6316365003585815	1.0181399583816528	0.0	0.10564772039651871	0.8092471361160278	1.4153739213943481	1.122452735900879	0.0	0.21498256921768188	0.8183023929595947	0.0	0.0	0.16592775285243988	0.0	1.3661468029022217	0.3383105993270874	0.6740971207618713	0.0	0.0	0.28976643085479736	1.038774847984314	0.5365308523178101	0.8534535765647888	1.4147818088531494	0.4733843505382538	0.6827921271324158	1.129390001296997	0.0	0.0	1.08950936794281	2.543496608734131	1.9164403676986694	0.0	2.3169901371002197	0.0	0.8931564092636108	0.0	0.0	0.0	2.2113213539123535	2.2494964599609375	0.0	0.9802591800689697	0.07240524888038635	1.8699928522109985
0.44803643226623535	0.0	0.02077208273112774	0.0	0.5866090655326843	0.0	1.406270146369934	0.2844509780406952	0.0	1.1692423820495605	0.7210643291473389	0.0	0.0	0.2558806538581848	0.22925366461277008	0.27204710245132446	1.2989976406097412	0.4298193156719208	1.3527802228927612	1.143411636352539	1.0010859966278076	0.0	0.0	0.9418943524360657	0.8514118194580078	1.462953805923462	0.0	0.4052419662475586	0.6522757411003113	0.0	0.0	0.0	0.0	0.9212738871574402	0.0	0.9785961508750916	0.0	0.0	0.3035835921764374	0.705613911151886	0.6646079421043396	0.8034913539886475	1.4438444375991821	0.32374703884124756	0.8477259278297424	1.2029145956039429	0.0	0.0	1.1854158639907837	2.835951089859009	1.2978709936141968	0.0	2.2106873989105225	0.0	1.1909475326538086	0.0	0.0	0.0	2.0701098442077637	2.0398030281066895	0.0	0.876316249370575	0.035744279623031616	1.731533408164978
0.4234906733036041	0.0	0.06387068331241608	0.0	0.6497927904129028	0.0	1.3194317817687988	0.35360071063041687	0.0	1.4149972200393677	0.9770092368125916	0.0	0.0	1.1279622316360474	0.41454657912254333	0.0	1.535078525543213	0.5639800429344177	1.6545430421829224	1.6749253273010254	1.2670047283172607	0.0	0.0	0.6462817788124084	1.2113786935806274	1.0956776142120361	0.0	0.3983671963214874	0.7929824590682983	0.16981400549411774	0.0	0.29103973507881165	0.0	1.3484721183776855	0.04539577662944794	0.5615948438644409	0.0	0.0	0.2768714129924774	0.9584012627601624	0.3315652310848236	0.703935444355011	1.443346381187439	0.645038902759552	0.9098047018051147	1.297719955444336	0.0	0.0	1.0879653692245483	1.9942055940628052	1.6969830989837646	0.0	2.1202268600463867	0.0	0.7687565684318542	0.0	0.0	0.0	2.1248602867126465	2.179025888442993	0.0	0.4677223861217499	0.13400065898895264	2.104062795639038
0.5425484776496887	0.0	0.13690289855003357	0.0	1.0234302282333374	0.0	1.5536001920700073	0.484925240278244	0.0	0.931303858757019	1.2081077098846436	0.0	0.0	0.7249323129653931	0.20986239612102509	0.0	1.6607871055603027	0.5876427292823792	1.4855303764343262	1.3527833223342896	0.9475581049919128	0.0	0.0	1.049622893333435	1.4928452968597412	1.6551457643508911	0.0	1.2202420234680176	0.6754357814788818	0.0	0.0	0.0	0.0	1.649611234664917	0.08367104828357697	0.9401878118515015	0.0	0.0	0.4179941713809967	1.0810366868972778	0.5742612481117249	0.6258957386016846	1.303589105606079	0.41504526138305664	0.5863873958587646	1.1359535455703735	0.0	0.0	1.081322193145752	2.6515984535217285	1.372771978378296	0.0	2.1494767665863037	0.0	1.4426443576812744	0.0	0.0	0.0	1.9927620887756348	2.0549468994140625	0.05359917879104614	0.8439887166023254	0.0	1.955939531326294
0.18502508103847504	0.0	0.16947855055332184	0.0	0.3133182227611542	0.0	1.1558119058609009	0.7035574316978455	0.0	1.3510719537734985	1.1290266513824463	0.0	0.0	1.2775084972381592	0.47968387603759766	0.0	1.3115767240524292	1.0892143249511719	1.9756628274917603	1.760574460029602	1.1420787572860718	0.0	0.0	0.6869422793388367	1.5365756750106812	0.7670819759368896	0.0	0.0	0.695845901966095	0.09858784079551697	0.0	0.25223153829574585	0.0	1.2551747560501099	0.32343804836273193	0.48652949929237366	0.0	0.0	0.4847264289855957	0.8893676400184631	0.4687507152557373	0.6111845374107361	1.3711614608764648	0.46398913860321045	0.9225643277168274	1.083749532699585	0.0	0.0	1.1991004943847656	2.1397321224212646	2.0386767387390137	0.0	2.1494860649108887	0.0	0.6638567447662354	0.0	0.0	0.0	2.1714060306549072	2.330251455307007	0.0	0.32847774028778076	0.3214493989944458	1.8286460638046265
0.8607232570648193	0.0	0.12899130582809448	0.0	0.7387620806694031	0.0	1.594747543334961	0.2373102456331253	0.0	1.1918762922286987	0.4870615303516388	0.0	0.0	0.4492168128490448	0.1699419915676117	0.4072129428386688	1.6830220222473145	0.41193559765815735	1.4081106185913086	1.356796383857727	1.1430201530456543	0.0	0.0	1.1247718334197998	0.8557443618774414	1.5760244131088257	0.0	0.6867349743843079	0.5524805188179016	0.0	0.0	0.0	0.0	1.1157546043395996	0.0	0.7737772464752197	0.0	0.0	0.44657522439956665	0.7746150493621826	0.5415487885475159	0.6185635328292847	1.3956059217453003	0.30522018671035767	0.6125503182411194	1.2038172483444214	0.0	0.0	0.9362068772315979	2.64941143989563	1.5312273502349854	0.0	1.9306461811065674	0.0	1.5782711505889893	0.0	0.0	0.0	2.145033836364746	2.1771082878112793	0.0	1.0055490732192993	0.19533304870128632	1.7924058437347412
0.2774074077606201	0.0	0.27998894453048706	0.0	0.25285470485687256	0.5824679732322693	1.052283763885498	0.7006123661994934	0.0	1.3090898990631104	1.0709151029586792	0.2523846924304962	0.0	1.299896240234375	0.7830163240432739	0.0	1.3883386850357056	1.438899278640747	2.2045509815216064	1.9672592878341675	1.3633666038513184	0.0	0.0	0.5562006831169128	1.7202699184417725	0.47578367590904236	0.0	0.0	0.7912808060646057	0.3175409138202667	0.0	0.06863982230424881	0.0	1.2102501392364502	0.5695254802703857	0.21604588627815247	0.0	0.0	0.5839212536811829	0.5460139513015747	0.25420668721199036	0.47396430373191833	1.1941955089569092	0.23302413523197174	0.7670108675956726	1.179276466369629	0.0	0.0	1.1254091262817383	1.6943633556365967	2.2266879081726074	0.0	2.003415584564209	0.0	0.7049925923347473	0.0	0.0	0.0	1.980094075202942	2.28912353515625	0.0	0.21541400253772736	0.0009053415269590914	1.8375686407089233
0.1644260436296463	0.0	0.45223960280418396	0.0	0.6220057010650635	0.0	1.313027024269104	0.48462390899658203	0.0	1.1232531070709229	1.09492826461792	0.0	0.0	1.1521185636520386	0.3533881604671478	0.0	1.7875299453735352	0.5432049036026001	1.7543951272964478	1.5621846914291382	1.004894733428955	0.0	0.0	1.0707507133483887	0.7993738651275635	0.8962912559509277	0.0	0.3722197413444519	0.7223978638648987	0.0	0.0	0.5858363509178162	0.0	1.4995174407958984	0.39225515723228455	0.3352125585079193	0.0	0.0	0.019234109669923782	1.04446542263031	0.3701015114784241	0.5965733528137207	1.3554500341415405	0.3830038905143738	0.8720566630363464	1.227971076965332	0.0	0.0	0.9364423155784607	2.6689460277557373	1.7777719497680664	0.0	2.420804977416992	0.0	0.9124716520309448	0.0	0.0	0.0	2.1107430458068848	2.1507318019866943	0.0	1.0352985858917236	0.523665726184845	2.0113983154296875
0.0	0.0	0.18766573071479797	0.0	0.557719349861145	0.41717901825904846	0.9574874639511108	0.9590939283370972	0.0	1.2733385562896729	1.0730242729187012	0.0	0.0	1.5850534439086914	0.6660821437835693	0.0	1.5562386512756348	0.9177041053771973	2.404217004776001	1.8920649290084839	1.0521758794784546	0.1237122192978859	0.17020782828330994	0.4071890413761139	1.6276350021362305	0.03378491476178169	0.0	0.3971251845359802	0.8214890360832214	0.551278829574585	0.0	0.42189913988113403	0.0	1.2045667171478271	0.6083129048347473	0.32968154549598694	0.0	0.0	0.11685370653867722	0.9035166501998901	0.30524376034736633	0.45423784852027893	1.3345130681991577	0.2849835157394409	1.0885975360870361	1.0122178792953491	0.0	0.0	0.9419228434562683	1.2046891450881958	1.8804652690887451	0.0	2.2952072620391846	0.0	0.7214574217796326	0.0	0.0	0.0	2.2495779991149902	2.2960898876190186	0.0	0.623425304889679	0.20287775993347168	1.750895380973816
0.21404102444648743	0.0	0.2527609169483185	0.0	0.6073564291000366	0.4815405309200287	1.4549686908721924	0.4662271738052368	0.0	1.183863639831543	1.0949028730392456	0.0	0.0	1.0481069087982178	0.4623118042945862	0.0	1.6338332891464233	0.45391663908958435	1.7854135036468506	1.633339524269104	1.0739855766296387	0.0	0.0	1.0715185403823853	1.23409104347229	0.9174055457115173	0.0	0.2391684651374817	0.5486987829208374	0.06729631125926971	0.0	0.0	0.0	1.3172532320022583	0.08276354521512985	0.7031011581420898	0.0	0.0	0.17616163194179535	0.807914137840271	0.37307900190353394	0.5725882649421692	1.3558567762374878	0.289437472820282	1.018436074256897	1.3279889822006226	0.0	0.0	0.9344190359115601	2.147003412246704	1.5882693529129028	0.0	2.203254461288452	0.0	0.8742454051971436	0.0	0.0	0.0	2.0273048877716064	2.045285224914551	0.0	0.7955219149589539	0.0	2.0209031105041504
0.24593210220336914	0.0	0.0	0.0	0.5932462811470032	0.0	1.4126509428024292	0.45513972640037537	0.0	1.1055271625518799	0.9927877187728882	0.0	0.0	0.9876894950866699	0.3479197323322296	0.0	1.5482478141784668	0.5717236995697021	1.6338832378387451	1.8382344245910645	1.0000290870666504	0.2204456925392151	0.0	0.6411654353141785	0.8849543333053589	1.2172213792800903	0.0	0.2386070340871811	0.7254799008369446	0.15071532130241394	0.0	0.07762116938829422	0.0	1.4458853006362915	0.3493073284626007	0.7342618107795715	0.0	0.0	0.2662023901939392	0.7002590894699097	0.32216405868530273	0.9820528626441956	1.5076375007629395	0.5015422701835632	0.8181570172309875	1.3969504833221436	0.0	0.0	1.0249968767166138	1.9799491167068481	1.7604758739471436	0.0	2.195303440093994	0.0	1.1007617712020874	0.0	0.0	0.0	2.298722743988037	2.0688178539276123	0.0	0.6856330037117004	0.1022498607635498	2.094938278198242
0.0525570772588253	0.0	0.12586508691310883	0.0	0.39627572894096375	0.29569461941719055	1.0441302061080933	0.6701673269271851	0.0	1.1396839618682861	1.11305570602417	0.0	0.0	1.2153176069259644	0.7061651945114136	0.0	1.156872034072876	1.4869730472564697	2.449115514755249	2.079888343811035	1.5045862197875977	0.0	0.37331634759902954	0.4776321351528168	1.3272830247879028	0.12734274566173553	0.0	0.08394479006528854	0.9623339176177979	0.5074897408485413	0.0	0.14833806455135345	0.0	1.3782548904418945	0.5994332432746887	0.26101791858673096	0.0	0.0	0.7037869095802307	0.7897859215736389	0.4218904674053192	1.1037033796310425	1.4339184761047363	0.2943006157875061	0.7882383465766907	1.12494957447052	0.0	0.0	1.0785030126571655	1.3425763845443726	1.9278815984725952	0.0	2.176048755645752	0.0	0.7293052077293396	0.0	0.0	0.0	2.2133498191833496	2.318882703781128	0.0	0.30442389845848083	0.2460445910692215	2.069255828857422
0.0034014382399618626	0.0	0.09107083827257156	0.0	0.344774067401886	0.0	1.147925853729248	0.8015878796577454	0.0	1.2465366125106812	1.3038537502288818	0.0	0.0	1.1450817584991455	0.22136518359184265	0.0	1.1089913845062256	0.5171230435371399	2.298391103744507	1.9505412578582764	1.111789584159851	0.0	0.0	0.33138957619667053	1.1938217878341675	0.5310648679733276	0.0	0.0	0.8846238851547241	0.430702805519104	0.0	0.4569316506385803	0.0	1.5139483213424683	0.4514111876487732	0.5502486824989319	0.0	0.0	0.1819920390844345	0.9090222120285034	0.28947603702545166	1.224318504333496	1.2973371744155884	0.3359157145023346	0.8553454279899597	1.190877914428711	0.0	0.0	1.0410431623458862	1.4069807529449463	1.708379864692688	0.0	2.0549721717834473	0.0	0.9271646738052368	0.0	0.0	0.0	2.387507677078247	2.1728570461273193	0.28903427720069885	0.518401026725769	0.239338219165802	1.8561445474624634
0.2923317551612854	0.0	0.1956373006105423	0.0	0.5104337334632874	0.04233190789818764	1.3122612237930298	0.8063125610351562	0.0	1.0735043287277222	1.0558522939682007	0.0	0.0	1.2016373872756958	0.6962683200836182	0.0	1.329185962677002	1.5381715297698975	2.549623489379883	1.8075451850891113	1.4366021156311035	0.0	0.0	0.7073384523391724	1.1225939989089966	0.7876551151275635	0.0	0.0	1.2844059467315674	0.15881480276584625	0.0	0.42151448130607605	0.0	1.286991834640503	0.145974799990654	0.1661827266216278	0.0	0.0	0.6248340606689453	0.6920633912086487	0.3318830132484436	1.0306782722473145	1.2925387620925903	0.24426758289337158	0.6649999618530273	1.1982654333114624	0.0	0.0	0.8372012972831726	1.8605339527130127	1.9649083614349365	0.0	1.9375494718551636	0.0	0.9654933214187622	0.0	0.0	0.0	2.3260574340820312	2.1596412658691406	0.0	0.5861913561820984	0.07427291572093964	2.0110065937042236
0.26842552423477173	0.0	0.2613503932952881	0.0	0.4960824251174927	0.25047796964645386	1.3266900777816772	0.5866729617118835	0.0	1.4624019861221313	1.2086998224258423	0.0	0.0	1.1920267343521118	0.31839674711227417	0.0	1.5466614961624146	0.7049154043197632	1.8615678548812866	1.6839654445648193	1.1995705366134644	0.0	0.0	1.0215622186660767	1.2927672863006592	0.6030833125114441	0.0	0.33720681071281433	0.6948710680007935	0.2969641089439392	0.0	0.0	0.0	1.3221628665924072	0.08861216902732849	0.5578458309173584	0.0	0.0	0.13933168351650238	0.7542853951454163	0.5146878957748413	0.3757038414478302	1.277543544769287	0.4420112371444702	0.6584020256996155	1.0841692686080933	0.0	0.0	1.2031402587890625	2.3310599327087402	1.4125229120254517	0.0	2.4984281063079834	0.0	1.1331675052642822	0.0	0.0	0.0	2.1224770545959473	2.4119887351989746	0.0	0.6337399482727051	0.0	1.7667486667633057
0.20237034559249878	0.0	0.0	0.0	0.8582128882408142	0.0	1.2521556615829468	0.43595680594444275	0.0	1.0786985158920288	0.7690567970275879	0.0	0.0	1.1030570268630981	0.4448552131652832	0.0	1.304998517036438	0.7927136421203613	2.300849199295044	1.8052772283554077	1.1040600538253784	0.0	0.37960007786750793	0.8370851874351501	1.4777350425720215	1.0803841352462769	0.0	0.2543600797653198	0.8161207437515259	0.27382373809814453	0.0	0.1578259915113449	0.0	1.3716689348220825	0.3812664747238159	0.3737253248691559	0.0	0.0	0.11313366889953613	0.817314624786377	0.23867511749267578	0.5425330996513367	1.6185524463653564	0.2898455262184143	0.7445954084396362	1.1923354864120483	0.0	0.0	1.1989279985427856	1.857005000114441	1.7368959188461304	0.0	2.2604401111602783	0.0	0.823765754699707	0.0	0.0	0.0	2.2365050315856934	2.2953598499298096	0.0	1.0084973573684692	0.25980451703071594	2.124715566635132
0.08175498247146606	0.0	0.20156386494636536	0.0	0.3922649025917053	0.2878691256046295	1.1377472877502441	0.8164952993392944	0.0	1.1062122583389282	1.2115683555603027	0.0	0.0	1.4747427701950073	0.5314250588417053	0.0	1.2387274503707886	1.229435682296753	2.328110456466675	2.041804075241089	1.290860891342163	0.0	0.0633373036980629	0.6795490980148315	1.470745325088501	0.1050700917840004	0.0	0.0	0.8946406841278076	0.792943000793457	0.0	0.3175036907196045	0.0	1.2189561128616333	0.5634815096855164	0.24332760274410248	0.0	0.0	0.5643046498298645	0.9643096327781677	0.2518232762813568	0.4384370446205139	1.819339632987976	0.5488753914833069	1.09534752368927	1.1439720392227173	0.0	0.0	0.9749698638916016	1.5925219058990479	1.940244197845459	0.0	2.090538740158081	0.0	0.7200199961662292	0.0	0.0	0.0	2.118596076965332	2.204869270324707	0.0	0.289241760969162	0.0	1.905516505241394
0.22478380799293518	0.0	0.49857380986213684	0.0	0.4985135495662689	0.9226635694503784	1.2909806966781616	0.7177767753601074	0.0	1.2030236721038818	0.7981112003326416	0.0	0.0	1.0760036706924438	0.6403663158416748	0.3926612138748169	1.3592300415039062	0.9506466388702393	1.898619294166565	1.6281665563583374	1.142453908920288	0.0	0.05886520445346832	0.8291271924972534	1.046664834022522	0.812197208404541	0.0	0.10554216057062149	1.09903085231781	0.24732370674610138	0.0	0.4385603070259094	0.0	1.2705234289169312	0.0	0.19969753921031952	0.0	0.12636861205101013	0.14824239909648895	0.8118906021118164	0.22304797172546387	0.9720330834388733	1.5153683423995972	0.3980039060115814	1.1812682151794434	1.4316115379333496	0.0	0.0	0.7563902735710144	2.0230376720428467	2.223095178604126	0.0	2.191136121749878	0.0	1.1731956005096436	0.0	0.0	0.0	2.181762218475342	2.170213222503662	0.0	0.7559296488761902	0.2426774501800537	1.992714285850525
0.41981393098831177	0.0	0.16158732771873474	0.0	0.9488032460212708	0.48942631483078003	1.486194133758545	0.39875710010528564	0.0	0.9674540162086487	0.589621365070343	0.0	0.0	0.5927343368530273	0.6120200157165527	0.06631512194871902	1.5718151330947876	0.9151498675346375	1.7817456722259521	1.3813692331314087	1.074346899986267	0.0	0.06783619523048401	0.7997182607650757	0.8967032432556152	1.2064584493637085	0.0	0.4673168659210205	0.6413893699645996	0.0	0.0	0.0	0.0	1.094291090965271	0.0	0.5781689882278442	0.0	0.0	0.27484893798828125	0.7653766870498657	0.6034307479858398	0.6337689161300659	1.399724006652832	0.19136814773082733	0.9265851974487305	1.1693285703659058	0.0	0.0	0.9431121349334717	2.5022120475769043	1.3957735300064087	0.0	2.178509473800659	0.0	1.1236118078231812	0.0	0.0	0.022446103394031525	2.0448455810546875	2.1451940536499023	0.0	0.8032793998718262	0.10526780784130096	1.7727094888687134
0.10787128657102585	0.0	0.0806569829583168	0.0	0.4838414490222931	0.0	1.0895593166351318	0.602005124092102	0.0	1.1231056451797485	1.173230767250061	0.0	0.0	1.2799341678619385	0.43296632170677185	0.0	1.320691466331482	0.7506580948829651	2.182703733444214	1.8695178031921387	1.1249417066574097	0.0	0.0	0.5407463908195496	1.2475364208221436	0.682167112827301	0.0	0.3203383982181549	0.8004063963890076	0.36876192688941956	0.03577243164181709	0.2586405575275421	0.0	1.4014582633972168	0.03734814003109932	0.3114442825317383	0.0	0.0	0.2728837728500366	0.8521223068237305	0.16274167597293854	0.4790174961090088	1.4900811910629272	0.490594744682312	0.8911066055297852	1.2983065843582153	0.0	0.0	0.9392477869987488	1.806091547012329	1.830308437347412	0.0	2.4278781414031982	0.0	1.1207923889160156	0.0	0.0	0.0	2.316312313079834	2.321741819381714	0.0	1.0685303211212158	0.2422325164079666	1.8539063930511475
0.6142682433128357	0.0	0.24324510991573334	0.0	0.8739754557609558	0.0	1.4917516708374023	0.4365081191062927	0.0	0.8526924848556519	0.5833479762077332	0.0	0.0	0.0	0.1980697512626648	0.045001041144132614	1.8205628395080566	0.5689327120780945	1.2424657344818115	1.3242138624191284	1.086356282234192	0.0	0.0	1.079453945159912	0.624231219291687	1.6696252822875977	0.0	0.6233042478561401	0.8935344219207764	0.0	0.0	0.0	0.0	1.576946496963501	0.0	0.9304447770118713	0.0	0.0	0.6274988055229187	0.862507700920105	0.39356979727745056	0.45750096440315247	1.257088541984558	0.8013562560081482	0.7856951951980591	1.2108705043792725	0.0	0.0	0.6859696507453918	2.7544233798980713	1.054560661315918	0.0	1.8524503707885742	0.0	1.6205881834030151	0.0	0.0	0.0	1.9718672037124634	1.8856366872787476	0.0	0.7237074971199036	0.0	1.3674055337905884
0.6235663294792175	0.0	0.05143921077251434	0.0	0.632946789264679	0.29049161076545715	1.6670247316360474	0.31180766224861145	0.0	1.1489580869674683	0.7681478261947632	0.0	0.0	0.2293122112751007	0.4107213318347931	0.12720318138599396	1.6775602102279663	0.6497539281845093	1.5142834186553955	1.1438883543014526	1.2405009269714355	0.0	0.0	1.2026526927947998	0.6239010095596313	1.5282057523727417	0.0	0.5589501857757568	0.7665067315101624	0.0	0.0	0.0	0.0	1.3106727600097656	0.11007692664861679	0.7180166244506836	0.04395655542612076	0.0	0.5300546288490295	0.9521182775497437	0.563701868057251	0.9576213955879211	1.2784671783447266	0.3288532793521881	0.6140578985214233	1.4279379844665527	0.0	0.0	1.0889859199523926	2.840996503829956	1.2771117687225342	0.0	2.0439021587371826	0.0	1.5292388200759888	0.025579849258065224	0.0	0.0	1.9971154928207397	1.8670008182525635	0.0	1.003353238105774	0.0	2.071729898452759
0.09935309737920761	0.0	0.2048952281475067	0.0	0.2663290798664093	0.17314569652080536	1.103385090827942	0.6813476085662842	0.0	1.3833725452423096	1.0697869062423706	0.0	0.0	1.226014256477356	0.34222519397735596	0.0	1.1943128108978271	1.4607657194137573	2.1794772148132324	1.9222683906555176	1.2827025651931763	0.0	0.0	0.38922545313835144	1.178661584854126	0.4166278839111328	0.0	0.47621482610702515	1.280204176902771	0.40723100304603577	0.0	0.2451373189687729	0.0	1.54232919216156	0.38293808698654175	0.2268272489309311	0.0	0.0	0.5066458582878113	1.031174659729004	0.2171667516231537	1.0605480670928955	1.6142781972885132	0.5869004130363464	1.0046045780181885	1.2770158052444458	0.0	0.0	0.8556780219078064	1.43520987033844	1.9930940866470337	0.0	2.1242570877075195	0.0	0.8445863127708435	0.0	0.0	0.0	2.5649468898773193	2.112658977508545	0.5506005883216858	0.354970246553421	0.3397436738014221	1.8716145753860474
0.5638291239738464	0.0	0.34531915187835693	0.0	0.5650976896286011	0.0	1.640199899673462	0.3618045747280121	0.0	1.042542576789856	0.5347189903259277	0.0	0.0	0.0	0.07882131636142731	0.0	1.5816925764083862	0.5192869305610657	1.3015141487121582	0.997031569480896	0.9206493496894836	0.0	0.0	0.8587122559547424	0.9464735388755798	1.6284939050674438	0.0	0.5647322535514832	0.44754013419151306	0.0	0.0	0.0	0.0	0.8586696982383728	0.0	0.9840908050537109	0.0	0.0	0.5432499051094055	0.8996357917785645	0.695830762386322	0.4401409924030304	1.1959354877471924	0.3965129256248474	0.6235688924789429	1.0766651630401611	0.0	0.0	0.8756723999977112	3.113311767578125	1.0916719436645508	0.0	2.362673282623291	0.0	1.6466748714447021	0.0	0.0	0.0	2.009601593017578	1.869814395904541	0.0	1.0963093042373657	0.12779994308948517	1.339311122894287
0.234710231423378	0.0	0.0	0.0	0.6817226409912109	0.46554431319236755	1.1863839626312256	0.44199395179748535	0.0	1.4015055894851685	0.7384475469589233	0.0	0.0	1.2155213356018066	0.40244877338409424	0.0	1.4936167001724243	0.9999462962150574	1.6813819408416748	1.9421265125274658	1.0673015117645264	0.0	0.13815419375896454	0.7535139322280884	1.3922569751739502	0.8535382747650146	0.0	0.677207887172699	0.8268203735351562	0.33021047711372375	0.0	0.8234778046607971	0.0	1.5080254077911377	0.2914891541004181	0.5627884864807129	0.0	0.213235005736351	0.4810504913330078	0.7543537020683289	0.23478564620018005	0.5539929866790771	1.5108109712600708	0.38084760308265686	0.9190546274185181	1.1027978658676147	0.0	0.0	0.9961342811584473	1.7095011472702026	1.9750392436981201	0.0	2.4180781841278076	0.0	1.1287453174591064	0.0	0.0	0.0	2.2687888145446777	2.20415997505188	0.31848421692848206	0.5634880661964417	0.13874290883541107	1.9743475914001465
0.14839951694011688	0.0	0.19413161277770996	0.0	0.6562272906303406	0.0	1.031167984008789	0.8419450521469116	0.0	1.3589473962783813	1.3549309968948364	0.0	0.0	1.4438903331756592	0.5691652297973633	0.0	1.411350131034851	0.9164739847183228	2.4974169731140137	1.804618239402771	1.2768707275390625	0.0	0.13398589193820953	0.47313207387924194	1.556874394416809	0.6992617249488831	0.0	0.1138470470905304	0.7856847643852234	0.45324867963790894	0.0	0.3967040479183197	0.0	1.3395187854766846	0.1435958445072174	0.1762600839138031	0.0	0.0	0.7133175730705261	0.9816555976867676	0.020238086581230164	1.0864428281784058	1.206454873085022	0.40653127431869507	1.204504132270813	0.9850683212280273	0.0	0.0	0.6162949800491333	1.3972948789596558	2.016023635864258	0.0	1.9239511489868164	0.0	0.8357600569725037	0.0	0.0	0.0	2.4332034587860107	2.334521770477295	0.0	0.6919451355934143	0.2522839307785034	1.7637910842895508
0.7178677916526794	0.0	0.1399887651205063	0.0	0.87734055519104	0.28209733963012695	1.5547850131988525	0.0772586241364479	0.0	1.0769964456558228	0.5298822522163391	0.0	0.0	0.20425443351268768	0.06187824532389641	0.0	1.8403377532958984	0.44831448793411255	1.2065163850784302	1.0095951557159424	1.1146657466888428	0.0	0.0	1.0079559087753296	0.7277801036834717	1.480959415435791	0.0	0.9664499759674072	0.3711463510990143	0.0	0.0	0.0	0.0	1.20183265209198	0.0	0.8826737403869629	0.034028880298137665	0.0	0.6371963620185852	0.8028011918067932	0.5063501596450806	0.4647221863269806	1.2829972505569458	0.4753280282020569	0.7965172529220581	1.1535937786102295	0.0	0.0	0.6865678429603577	3.120488166809082	0.9624940156936646	0.0	1.9289153814315796	0.0	1.540608286857605	0.0	0.0	0.0	1.8617262840270996	1.7947797775268555	0.0	0.8723098635673523	0.0	1.3612871170043945
0.0	0.0	0.3425879180431366	0.0	1.1887608766555786	0.0	1.4431325197219849	0.7436479330062866	0.0	1.0830121040344238	1.1020182371139526	0.0	0.0	1.3010871410369873	0.4384036958217621	0.0	1.6395078897476196	0.7225658893585205	2.105229139328003	1.5988743305206299	1.1874397993087769	0.0	0.0	0.4662427306175232	1.1475701332092285	0.9161414504051208	0.0	0.5750138759613037	0.9649721384048462	0.5069571733474731	0.0	0.6911412477493286	0.0	1.4982588291168213	0.06647037714719772	0.32519784569740295	0.0	0.03478211164474487	0.19442689418792725	0.5955806970596313	0.21463121473789215	1.1502598524093628	1.1594833135604858	0.3982645571231842	0.9076664447784424	1.1642725467681885	0.0	0.0	0.8083319664001465	1.833730697631836	1.8313395977020264	0.0	2.330643653869629	0.0	1.1232558488845825	0.0	0.0	0.0	2.4427249431610107	2.3679468631744385	0.12559683620929718	0.5808684229850769	0.29777052998542786	2.018648147583008
0.6012436151504517	0.0	0.22710803151130676	0.0	0.46945783495903015	0.0	1.6707749366760254	0.4340991973876953	0.0	1.122351050376892	0.8543587327003479	0.0	0.0	0.22947007417678833	0.22912687063217163	0.2551833391189575	1.339343786239624	0.2683533728122711	1.3661515712738037	1.050892949104309	0.9240718483924866	0.0	0.0	1.4809293746948242	0.9625330567359924	1.478387475013733	0.0	0.3552711308002472	0.762943685054779	0.0	0.0	0.0	0.0	0.8026651740074158	0.007311079651117325	0.8684437274932861	0.0	0.12882395088672638	0.38472259044647217	0.741532027721405	0.7810066342353821	0.8614441156387329	1.4324581623077393	0.286411851644516	0.8954580426216125	1.268816590309143	0.0	0.0	1.4879603385925293	3.233330249786377	1.8697792291641235	0.0	2.4031248092651367	0.0	1.239224910736084	0.0	0.0	0.0	1.8969476222991943	2.0567843914031982	0.0	1.0415735244750977	0.4017363488674164	2.0485947132110596
0.2779023051261902	0.0	0.0	0.0	0.8865116834640503	0.0	1.223600149154663	0.4735201895236969	0.0	1.5250462293624878	0.9932966828346252	0.0	0.0	1.1915830373764038	0.27386751770973206	0.0	1.3828816413879395	0.97529137134552	1.604879379272461	1.7506686449050903	1.129104733467102	0.0	0.0	0.7369231581687927	0.970341145992279	0.6080904006958008	0.0	0.26446065306663513	0.9108935594558716	0.169637069106102	0.0	0.6318867206573486	0.0	1.379865288734436	0.28701862692832947	0.6862274408340454	0.0	0.0	0.0240677148103714	1.0468471050262451	0.20493973791599274	0.5555561184883118	1.4811055660247803	0.44627636671066284	0.8298175930976868	1.2179960012435913	0.0	0.0	1.0664726495742798	2.093243360519409	1.834031105041504	0.0	2.3718302249908447	0.0	0.6756532192230225	0.0	0.0	0.0	2.2718048095703125	1.9929448366165161	0.0	0.385185182094574	0.304466187953949	2.064387559890747
0.5350386500358582	0.0	0.05173928290605545	0.0	0.4325408339500427	0.0	1.4099180698394775	0.5555091500282288	0.0	0.89795982837677	0.9010909795761108	0.0	0.0	0.30546173453330994	0.221194326877594	0.0	1.3751362562179565	0.3678823411464691	1.4964390993118286	1.0955893993377686	1.0387911796569824	0.0	0.0	0.8197306990623474	0.9293108582496643	1.448246717453003	0.0	0.23170998692512512	0.5607338547706604	0.0	0.0	0.23935988545417786	0.0	1.4209446907043457	0.1675000637769699	0.8944646716117859	0.0	0.0	0.36561399698257446	0.9079987406730652	0.5905053019523621	0.9977083206176758	1.2451082468032837	0.354602575302124	0.6529276967048645	1.215595006942749	0.0	0.0	1.1122323274612427	2.8161072731018066	1.4066938161849976	0.0	2.3440065383911133	0.0	1.3496679067611694	0.0	0.0	0.0	2.1334311962127686	2.1449480056762695	0.0	0.6310597658157349	0.0	1.678175926208496
0.5564851760864258	0.0	0.13210895657539368	0.0	0.7386574745178223	0.0	1.6970702409744263	0.2748398184776306	0.0	1.1482999324798584	0.5601146221160889	0.0	0.0	0.2624640166759491	0.20052415132522583	0.0	1.5919654369354248	0.47900649905204773	1.3014662265777588	1.1222139596939087	1.0252107381820679	0.0	0.0	1.0963537693023682	0.7056424021720886	1.633016586303711	0.0	0.8560701608657837	0.7050857543945312	0.0	0.0	0.0	0.0	1.0288833379745483	0.0	1.2046082019805908	0.0	0.386589378118515	0.5635251998901367	0.9451082348823547	0.5752204656600952	0.7829937934875488	1.2845757007598877	0.5923398733139038	0.9327986836433411	1.3126862049102783	0.0	0.0	0.8949739336967468	2.9087774753570557	1.1886398792266846	0.0	2.03531813621521	0.0	1.6148384809494019	0.0	0.0	0.0	1.8784157037734985	1.7067604064941406	0.0	0.7799341678619385	0.006592564284801483	1.7781150341033936
0.39074254035949707	0.0	0.11015453189611435	0.0	0.454672634601593	0.0	1.4494614601135254	0.3341287672519684	0.0	1.1306601762771606	0.7522921562194824	0.0	0.0	0.9737861752510071	0.28341254591941833	0.0	1.6338826417922974	0.546246349811554	1.5180611610412598	1.5953806638717651	1.1338016986846924	0.0	0.0	0.8926036953926086	0.9455019235610962	0.9194014072418213	0.0	0.225205659866333	0.7835042476654053	0.07541913539171219	0.0	0.014931892044842243	0.0	1.4889153242111206	0.43850231170654297	0.4264374077320099	0.0	0.0705849900841713	0.08873485773801804	0.8908770084381104	0.3002055585384369	0.813606321811676	1.4736738204956055	0.36523088812828064	0.959965169429779	1.2066720724105835	0.0	0.0	0.7969359755516052	2.156472682952881	1.611989974975586	0.0	2.125061511993408	0.0	1.1364130973815918	0.0	0.0	0.0	2.096966505050659	1.9897089004516602	0.0	0.8469226360321045	0.05400925502181053	1.9723734855651855
0.5570938587188721	0.0	0.12199851125478745	0.0	0.610014021396637	0.0	1.4335185289382935	0.41630855202674866	0.0	0.8111236095428467	0.7927039861679077	0.0	0.0	0.4178979694843292	0.29275718331336975	0.06506211310625076	1.6054741144180298	0.7666635513305664	1.5637946128845215	1.2799042463302612	1.1250061988830566	0.0	0.0	1.1066570281982422	0.9053621888160706	1.147111415863037	0.0	0.524883508682251	0.5389688014984131	0.08935409039258957	0.0	0.055230334401130676	0.0	1.2369540929794312	0.0	0.721409797668457	0.0	0.0	0.4994776248931885	1.082269310951233	0.529682457447052	0.6618109345436096	1.2959232330322266	0.3820939362049103	0.6215417385101318	1.2234889268875122	0.0	0.0	0.9364385604858398	2.5488431453704834	1.4404370784759521	0.0	2.2562763690948486	0.0	1.26393723487854	0.0	0.0	0.0	1.9397172927856445	1.9768378734588623	0.0	1.1423908472061157	0.0	1.6818277835845947
0.20875044167041779	0.0	0.32732492685317993	0.0	1.2659603357315063	0.0	1.8257774114608765	1.0502482652664185	0.0	1.488486647605896	1.122299313545227	0.0	0.0	0.5866639018058777	0.293106347322464	0.0	1.7232718467712402	1.1108824014663696	1.7208118438720703	1.5733532905578613	1.0177167654037476	0.0	0.0	0.6249228119850159	1.2618675231933594	1.4015133380889893	0.0	0.4861222505569458	0.8085410594940186	0.3583432137966156	0.0	0.5634633898735046	0.0	1.4239193201065063	0.4246160686016083	0.8024652600288391	0.0	0.0	0.46123945713043213	1.1717585325241089	0.5399778485298157	0.8740067481994629	1.471235990524292	0.6316810846328735	0.8026442527770996	1.3560384511947632	0.0	0.0	0.8518425226211548	2.324772357940674	1.4094396829605103	0.0	2.425320625305176	0.0	1.359372854232788	0.0	0.0	0.0	1.9451775550842285	1.907508373260498	0.0	1.1413631439208984	0.18490615487098694	2.099623441696167
0.34467828273773193	0.0	0.13711580634117126	0.0	0.27469199895858765	0.0	1.0985970497131348	0.25617942214012146	0.0	1.2243722677230835	1.2683430910110474	0.0	0.0	1.3936351537704468	0.35664132237434387	0.20022544264793396	1.3973026275634766	0.06574437022209167	1.618240237236023	1.5971747636795044	0.9564726948738098	0.0	0.0	1.29697585105896	0.8508548140525818	0.8586302399635315	0.0	0.16513516008853912	0.8157452344894409	0.0	0.0	0.45967864990234375	0.0	1.5995721817016602	0.6673150062561035	0.5585870742797852	0.0	0.0	0.0	0.9577378630638123	0.27100884914398193	0.7624557614326477	1.3586528301239014	0.5262650847434998	0.7982828617095947	1.0686531066894531	0.0	0.0	1.1363344192504883	2.0578293800354004	1.7314839363098145	0.0	2.3442115783691406	0.0	1.4403655529022217	0.0	0.0	0.0	2.2656562328338623	2.3161532878875732	0.0	1.0385921001434326	0.3980081379413605	1.9190700054168701
0.09247815608978271	0.0	0.0	0.0	0.5594631433486938	0.0	1.3048444986343384	0.6888387203216553	0.0	1.1888092756271362	1.3127256631851196	0.0	0.0	1.3294706344604492	0.4321429133415222	0.0	1.641197681427002	0.7867611646652222	2.086857318878174	1.81595778465271	1.1951279640197754	0.0	0.21479584276676178	0.47626110911369324	0.8882753252983093	0.5578251481056213	0.0	0.6205224394798279	0.7504932284355164	0.333187073469162	0.0	0.533212423324585	0.0	1.4378564357757568	0.1017489805817604	0.3448013663291931	0.0	0.0	0.14577381312847137	1.1081154346466064	0.2852703630924225	1.305521845817566	1.3684979677200317	0.4657996594905853	0.7660768628120422	1.1380717754364014	0.0	0.0	0.9205284714698792	1.7906266450881958	1.6183505058288574	0.0	2.4853572845458984	0.0	1.122709035873413	0.0	0.0	0.0	2.4685897827148438	2.1728973388671875	0.0	0.8656023144721985	0.3013301193714142	1.86655592918396
0.0	0.0	0.19909250736236572	0.0	0.6182698607444763	0.13489916920661926	1.654876470565796	0.9186556339263916	0.0	1.4902124404907227	1.0195879936218262	0.0	0.0	1.189918041229248	0.5947355031967163	0.1534019261598587	1.4434365034103394	1.6059213876724243	2.6480278968811035	1.9523881673812866	1.3145917654037476	0.0	0.58029705286026	0.2984376549720764	1.0836178064346313	0.29255759716033936	0.0	0.0	1.309702754020691	0.4787842333316803	0.0	0.2817361056804657	0.0	1.3138245344161987	0.3113037645816803	0.34889325499534607	0.0	0.0	0.525698184967041	0.9493247270584106	0.32041120529174805	1.0688570737838745	1.6290544271469116	0.3879010081291199	0.797144889831543	1.2254559993743896	0.0	0.0	1.1045595407485962	1.6801276206970215	2.0753567218780518	0.0	2.2760095596313477	0.0	0.732481062412262	0.0	0.0	0.0	2.2645034790039062	2.213963508605957	0.0	0.4879015386104584	0.2436954230070114	1.9197078943252563
0.7257684469223022	0.0	0.18402893841266632	0.0	0.777778685092926	0.1429515779018402	1.7570351362228394	0.20477460324764252	0.0	1.1492540836334229	0.44272613525390625	0.0	0.0	0.3088201880455017	0.13131600618362427	0.0	1.5914002656936646	0.5845921039581299	1.3540431261062622	1.305829405784607	0.9280655384063721	0.0	0.0	0.8021765351295471	0.9544222950935364	1.3426374197006226	0.0	0.5116788148880005	0.7349638342857361	0.0	0.0	0.0	0.0	1.1579620838165283	0.0	1.182989239692688	0.0	0.04167472571134567	0.6503368020057678	0.6785870790481567	0.7319934368133545	0.5551448464393616	1.3019986152648926	0.40941083431243896	0.7788982391357422	1.1973111629486084	0.0	0.0	0.8647821545600891	2.736881732940674	1.3314480781555176	0.0	2.0319433212280273	0.0	1.2500286102294922	0.0	0.0	0.0	2.1795027256011963	2.023056983947754	0.0	0.75809246301651	0.0	1.5422565937042236
0.6384051442146301	0.0	0.12760639190673828	0.0	0.5099664926528931	0.20381473004817963	1.5731900930404663	0.2596343159675598	0.0	1.1368372440338135	0.6952117681503296	0.0	0.0	0.7441459894180298	0.2117573320865631	0.0	1.5710718631744385	0.6114238500595093	1.458377480506897	1.2340636253356934	1.0220613479614258	0.0	0.0	1.0186609029769897	1.3158421516418457	1.4485883712768555	0.0	0.7636933326721191	0.6286830306053162	0.0	0.0	0.0	0.0	1.1779539585113525	0.0	0.7458547353744507	0.0	0.0	0.3580656051635742	0.7701318860054016	0.62633216381073	0.375540167093277	1.2228749990463257	0.4318320155143738	0.7146413326263428	1.11190927028656	0.0	0.0	0.8753491044044495	2.745353937149048	1.2031086683273315	0.0	2.4074912071228027	0.0	1.2421373128890991	0.0	0.0	0.0	2.03057599067688	2.2122642993927	0.0	0.9040613174438477	0.0	1.7078748941421509
0.42141884565353394	0.0	0.8260806202888489	0.0	0.6518477201461792	0.0	1.4329779148101807	0.5290833711624146	0.0	0.8691189289093018	0.7729938626289368	0.0	0.0	0.5244882702827454	0.049551766365766525	0.0	1.3422333002090454	0.4997004270553589	1.4271721839904785	1.3805632591247559	0.9236823916435242	0.0	0.0	0.8649317622184753	0.6901413202285767	0.868657112121582	0.0	0.757994532585144	0.9511002898216248	0.14472812414169312	0.0	0.0	0.0	1.1711177825927734	0.56383216381073	0.890967845916748	0.0	0.0	0.46395257115364075	0.8011135458946228	0.8071651458740234	0.7845420241355896	1.391025185585022	0.3501569330692291	0.848373532295227	1.2657761573791504	0.0	0.0	1.1345959901809692	2.5903358459472656	1.668265700340271	0.0	2.0727391242980957	0.0	1.0808711051940918	0.0	0.0	0.0	2.0240514278411865	2.037691831588745	0.0	0.8753964304924011	0.009070426225662231	2.2552967071533203
0.35992172360420227	0.0	0.05370459705591202	0.0	0.5391207933425903	0.19162191450595856	1.3692538738250732	0.4540014863014221	0.0	1.0481863021850586	0.9165419340133667	0.0	0.0	1.2160826921463013	0.45647379755973816	0.0	1.6222243309020996	1.0769743919372559	2.078137159347534	1.7996282577514648	1.3700573444366455	0.0	0.0	0.8563833832740784	0.8912291526794434	0.8561536073684692	0.0	0.5791533589363098	0.6553398370742798	0.08673641830682755	0.0	0.022600283846259117	0.0	1.0998603105545044	0.0	0.20190314948558807	0.0	0.0	0.24666817486286163	0.7774007320404053	0.3497706651687622	0.6613350510597229	1.3465861082077026	0.41559648513793945	0.7396836876869202	1.1669785976409912	0.0	0.0	0.8364454507827759	1.780429720878601	1.5937402248382568	0.0	2.4853930473327637	0.0	0.9368913173675537	0.0	0.0	0.0	2.1379406452178955	2.168060302734375	0.0	0.80357426404953	0.332598477602005	1.7329130172729492
0.3320075571537018	0.0	0.2585209906101227	0.0	0.30235999822616577	1.0704529285430908	1.2054119110107422	0.7269524931907654	0.0	1.461842656135559	1.1640888452529907	0.0	0.0	1.308681607246399	0.6911200881004333	0.0	1.227434754371643	1.1420685052871704	1.90861177444458	1.7298216819763184	1.4689892530441284	0.0	0.0	0.5167133808135986	1.458719253540039	0.772428572177887	0.0	0.05401914194226265	0.6867682337760925	0.30610689520835876	0.0	0.13068699836730957	0.0	1.3307642936706543	0.16520199179649353	0.5162580609321594	0.0	0.0	0.5426791906356812	0.8468271493911743	0.4062268137931824	0.6571571230888367	1.3551201820373535	0.535362184047699	0.8587028980255127	1.1338273286819458	0.0	0.0	1.0889229774475098	2.0897490978240967	1.7090110778808594	0.0	2.2604663372039795	0.0	0.8900266885757446	0.0	0.0	0.0	2.208587884902954	2.284691572189331	0.0	0.4460069537162781	0.22440138459205627	2.1289703845977783
0.1082586795091629	0.0	0.03862866759300232	0.0	0.513702392578125	0.0	1.1542609930038452	0.6350638270378113	0.0	1.2630443572998047	0.8640322089195251	0.0	0.0	1.01676607131958	0.766862690448761	0.0	1.4520869255065918	1.2675429582595825	1.9016751050949097	1.7522188425064087	1.4717237949371338	0.0	0.03312251344323158	0.8742662668228149	0.9171566963195801	0.5695883631706238	0.0	0.1416497826576233	1.0545622110366821	0.38348817825317383	0.0	0.3059045672416687	0.0	1.321574330329895	0.25291138887405396	0.38300082087516785	0.0	0.0	0.17001914978027344	0.6580581665039062	0.13925445079803467	0.7294415831565857	1.3892648220062256	0.599373459815979	1.2278258800506592	1.2819653749465942	0.0	0.0	0.8176781535148621	1.775333285331726	1.9084160327911377	0.0	2.0131723880767822	0.0	0.79179847240448	0.0	0.0	0.0	2.037330150604248	2.210611343383789	0.0	0.4913228154182434	0.22917182743549347	2.0640854835510254
0.0	0.0	0.07434312254190445	0.0	0.4573013186454773	0.0	1.1436104774475098	0.7910353541374207	0.0	0.9828466773033142	0.8780730962753296	0.0	0.0	1.1864649057388306	0.5381923913955688	0.0	1.497049331665039	1.0725066661834717	2.237241744995117	1.7772982120513916	1.3461925983428955	0.0	0.13761739432811737	0.6429304480552673	1.2732940912246704	1.0819687843322754	0.0	0.21705369651317596	0.8000731468200684	0.2754402756690979	0.0	0.7245120406150818	0.0	1.2763556241989136	0.0	0.02599332667887211	0.0	0.0	0.13996289670467377	0.8334521651268005	0.057393629103899	0.7649242877960205	1.0898818969726562	0.3283059895038605	1.0029371976852417	1.1190940141677856	0.0	0.0	0.7708786725997925	1.9384154081344604	1.7087137699127197	0.0	2.6775968074798584	0.0	1.016776204109192	0.0	0.0	0.0	2.3902816772460938	2.0779147148132324	0.0	0.98320072889328	0.4654723107814789	1.7216328382492065
0.5604989528656006	0.0	0.10894607752561569	0.0	0.5562225580215454	0.0	1.4027676582336426	0.31176596879959106	0.0	0.9797101616859436	0.7485201954841614	0.0	0.0	0.42552366852760315	0.191469207406044	0.0	1.511996865272522	0.3711434304714203	1.5529357194900513	1.202574610710144	1.0827676057815552	0.0	0.0	0.9341750144958496	0.7875429391860962	1.7219129800796509	0.0	0.5930005311965942	0.5484389662742615	0.0	0.0	0.1468215137720108	0.0	1.2658538818359375	0.2201375812292099	0.7615461349487305	0.0	0.0	0.6485028266906738	0.7714111804962158	0.5604508519172668	0.7377136945724487	1.3773304224014282	0.5206403732299805	0.5567362904548645	1.1951481103897095	0.0	0.0	0.8467726111412048	2.7366738319396973	1.305285930633545	0.0	2.2835774421691895	0.0	1.2503257989883423	0.0	0.0	0.0	2.064314603805542	2.0153250694274902	0.0	0.8872765898704529	0.0	1.786788821220398
0.08480934798717499	0.0	0.0	0.0	0.920964241027832	0.0	1.3690152168273926	0.6085641384124756	0.0	1.0953071117401123	0.99181067943573	0.0	0.0	1.4872243404388428	0.24050921201705933	0.0	1.3902976512908936	0.6386638283729553	1.999208688735962	1.859634280204773	1.1352897882461548	0.0	0.0	0.7456256747245789	0.8595656156539917	0.33346885442733765	0.0	0.24475741386413574	0.8102154731750488	0.19988159835338593	0.0	0.2219165712594986	0.0	1.3697774410247803	0.27382704615592957	0.532065749168396	0.0	0.0	0.0	0.7870523929595947	0.38380610942840576	0.6886730790138245	1.3561116456985474	0.3600144684314728	0.84663325548172	1.249191164970398	0.0	0.0	1.0284593105316162	1.5714819431304932	1.7479764223098755	0.0	1.9520323276519775	0.0	0.8971433639526367	0.0	0.0	0.0	2.304758310317993	2.2774088382720947	0.0	0.4976412057876587	0.2064896672964096	1.8615916967391968
0.7782890796661377	0.0	0.06421849131584167	0.0	0.8074371218681335	0.0	1.497830867767334	0.18288685381412506	0.0	0.7887657284736633	0.5769003629684448	0.0	0.0	0.115017369389534	0.016742751002311707	0.08289862424135208	1.7646108865737915	0.25623366236686707	1.0545552968978882	0.897797703742981	0.9410498738288879	0.0	0.0	1.0222294330596924	1.143909215927124	1.6256600618362427	0.0	0.7929683327674866	0.34190431237220764	0.0	0.0	0.0	0.0	1.0516637563705444	0.0	1.148647427558899	0.0	0.0	0.7750557065010071	1.036204218864441	0.4628584384918213	0.19626116752624512	1.198378562927246	0.5309584140777588	0.6233717799186707	1.2670267820358276	0.0	0.0	0.7364400029182434	2.90564227104187	0.8952215313911438	0.0	2.234829902648926	0.0	1.3051049709320068	0.0	0.0	0.0	1.923092246055603	1.8536360263824463	0.0	0.9092464447021484	0.0	1.2707045078277588
0.15976983308792114	0.0	0.08316715806722641	0.0	0.29581186175346375	0.0	1.277238130569458	0.48963287472724915	0.0	1.0323270559310913	1.419496774673462	0.0	0.0	1.1952738761901855	0.32100674510002136	0.0	1.3390501737594604	0.28439977765083313	2.2105588912963867	1.8150689601898193	1.1646305322647095	0.0	0.0	0.997630774974823	0.8257779479026794	1.4935487508773804	0.0	0.0	0.9851080179214478	0.0	0.0	0.8199741840362549	0.0	1.5300319194793701	0.2228686362504959	0.21953439712524414	0.0	0.0	0.0015582572668790817	1.2287558317184448	0.3301748037338257	1.1414244174957275	1.422402262687683	0.42574670910835266	1.004967451095581	1.3190652132034302	0.0	0.0	0.7924585938453674	1.9253687858581543	1.4301683902740479	0.0	2.1779723167419434	0.0	1.2002136707305908	0.0	0.0	0.0	2.344268560409546	2.1356120109558105	0.0	0.9987012147903442	0.2680542767047882	1.9626392126083374
0.24096374213695526	0.0	0.34655460715293884	0.0	0.544001042842865	0.20671643316745758	1.3160618543624878	0.43650567531585693	0.0	1.4576694965362549	0.9359864592552185	0.0	0.0	1.1358553171157837	0.20837125182151794	0.0	1.6558769941329956	0.8009467124938965	1.699899435043335	1.7481639385223389	1.1845428943634033	0.0	0.0	0.7059603929519653	0.9366437792778015	0.7991189956665039	0.0	0.3249298632144928	0.68833327293396	0.0	0.0	0.5205211639404297	0.0	1.6707128286361694	0.18267527222633362	0.5507208108901978	0.0	0.0	0.30796200037002563	0.8263301253318787	0.33136266469955444	0.5218969583511353	1.4475308656692505	0.5222318172454834	0.7277966141700745	1.1357371807098389	0.0	0.0	0.9961098432540894	2.1022396087646484	1.5011727809906006	0.0	2.1372766494750977	0.0	0.9051992297172546	0.0	0.0	0.0	2.2119224071502686	2.1097195148468018	0.0	0.7314788699150085	0.0	2.0748679637908936
0.3088440001010895	0.0	0.32916614413261414	0.0	0.2684352695941925	0.0	1.2910271883010864	0.6261112093925476	0.0	1.3857638835906982	1.185133695602417	0.0	0.0	1.1040815114974976	0.5779889225959778	0.0	1.3623400926589966	0.9233925342559814	1.8694714307785034	1.8063327074050903	1.1001406908035278	0.0	0.0	0.6232003569602966	1.3341108560562134	0.8491634130477905	0.0	0.31060200929641724	0.8109726309776306	0.20375804603099823	0.0	0.0	0.0	1.4130293130874634	0.27221402525901794	0.5821253061294556	0.0	0.0	0.5416871309280396	0.6878843307495117	0.34838175773620605	0.7160947918891907	1.6838139295578003	0.6186156272888184	1.2752926349639893	1.176894187927246	0.0	0.0	1.0532605648040771	1.9486124515533447	1.7118935585021973	0.0	2.206324815750122	0.0	0.7374029755592346	0.0	0.0	0.0	2.220923662185669	2.226803779602051	0.0	0.6094918251037598	0.2856184244155884	1.9680787324905396
0.668701171875	0.0	0.4302985668182373	0.0	0.25709494948387146	0.2064986675977707	1.3323999643325806	0.4911896288394928	0.0	1.0122824907302856	0.9298659563064575	0.0	0.0	1.402424693107605	0.4582485258579254	0.23679053783416748	1.4971641302108765	1.257479190826416	2.18757963180542	2.058992862701416	1.3856379985809326	0.0	0.0	0.6225643754005432	1.545449137687683	0.5300453901290894	0.0	0.07649669051170349	0.912651538848877	0.18490320444107056	0.0	0.20438098907470703	0.0	1.3491098880767822	0.3455886244773865	0.47062599658966064	0.0	0.0	0.6721838116645813	0.8130177855491638	0.3267514109611511	0.4090242385864258	1.4913243055343628	0.4294094741344452	0.7054948210716248	1.1810139417648315	0.0	0.0	0.9576144814491272	1.9390907287597656	2.0109798908233643	0.0	2.1801013946533203	0.0	1.1196837425231934	0.0	0.0	0.0	2.1560051441192627	2.1936280727386475	0.0	0.6264896988868713	0.13059933483600616	2.0059733390808105
0.7810027599334717	0.0	0.1985764056444168	0.0	0.7419421672821045	0.0	1.7221263647079468	0.14592798054218292	0.0	0.9883202910423279	0.3327638506889343	0.0	0.0	0.0	0.28901177644729614	0.37919676303863525	1.5865083932876587	0.6033793687820435	1.0714243650436401	0.74156254529953	0.9743338227272034	0.0	0.0	1.1301383972167969	0.9361271858215332	1.984596848487854	0.0	0.833436906337738	0.17749501764774323	0.0	0.0	0.0	0.0	0.7496346235275269	0.0	0.8774408102035522	0.0	0.0	0.6393161416053772	0.7811081409454346	0.47074437141418457	0.265722393989563	1.030286431312561	0.23078875243663788	0.6314191818237305	1.390269160270691	0.0	0.0	0.9292402863502502	3.30684494972229	1.2030258178710938	0.0	2.3081982135772705	0.0	1.6842730045318604	0.0	0.0	0.0	1.6654623746871948	2.0018703937530518	0.0	1.1527146100997925	0.0	1.6595999002456665
0.02626563422381878	0.0	0.49495646357536316	0.0	0.7068443894386292	0.18590790033340454	1.0379692316055298	0.5805923342704773	0.0	0.8662012815475464	1.1770575046539307	0.0	0.0	1.6168550252914429	0.7295454740524292	0.0	1.2333334684371948	1.1563271284103394	2.3259220123291016	1.8013771772384644	1.4016770124435425	0.0	0.020026376470923424	0.7325063943862915	1.5404008626937866	0.4625873863697052	0.0	0.2908795475959778	0.7008132934570312	0.2803317904472351	0.0	0.21355074644088745	0.0	1.3179408311843872	0.0	0.0	0.0	0.0	0.21331511437892914	0.6922417879104614	0.0	0.4812532663345337	1.2362422943115234	0.3016515076160431	1.0449280738830566	1.088338017463684	0.0	0.0	0.6163104176521301	1.5082018375396729	1.5391089916229248	0.0	2.101665496826172	0.0	0.9675475358963013	0.0	0.0	0.0	2.1876683235168457	2.0767011642456055	0.0	0.716663122177124	0.28170889616012573	2.094763994216919
0.265400767326355	0.0	0.26508828997612	0.0	0.9511033892631531	0.7140724658966064	1.2963980436325073	0.4106442928314209	0.0	1.1871147155761719	0.8854563236236572	0.0	0.0	1.2746437788009644	0.4761083424091339	0.21366167068481445	1.4941741228103638	0.8459478616714478	2.114455461502075	1.5872797966003418	1.0988744497299194	0.0	0.2706969678401947	1.0034537315368652	1.1294715404510498	0.7004043459892273	0.0	0.483970046043396	0.7351369261741638	0.26126542687416077	0.0	0.18197070062160492	0.0	1.2111955881118774	0.0	0.17586098611354828	0.0	0.0	0.14382608234882355	0.8534694910049438	0.44818490743637085	0.44401392340660095	1.3118802309036255	0.3601398468017578	1.012813925743103	1.2417480945587158	0.0	0.0	0.8007901906967163	2.168186902999878	1.3130568265914917	0.0	2.4582693576812744	0.0	1.0908939838409424	0.0	0.0	0.0	2.1998276710510254	2.1991777420043945	0.0	1.0269134044647217	0.2201327234506607	1.932855486869812
0.23185785114765167	0.0	0.08831566572189331	0.0	0.2824711501598358	0.001453384873457253	1.0297982692718506	0.634738564491272	0.0	1.1537654399871826	1.1221481561660767	0.0	0.0	1.3065851926803589	0.5888378620147705	0.0	1.278838038444519	0.997006356716156	2.247480630874634	1.9051052331924438	1.374623417854309	0.0	0.0	0.5666690468788147	1.6208312511444092	0.6962583661079407	0.0	0.20417718589305878	0.8024178743362427	0.15566980838775635	0.0	0.3623407781124115	0.0	1.3147363662719727	0.2693657875061035	0.2597435414791107	0.0	0.0	0.3907686471939087	0.7766133546829224	0.3787533640861511	0.8072585463523865	1.3210251331329346	0.23704400658607483	0.7726938724517822	1.1229116916656494	0.0	0.0	1.1179710626602173	1.8353427648544312	1.8987767696380615	0.0	1.8909271955490112	0.0	0.7349411845207214	0.0	0.0	0.0	2.377455711364746	2.200411558151245	0.0	0.4831981956958771	0.08471477031707764	2.0419437885284424
0.15944994986057281	0.0	0.28479984402656555	0.0	0.34476354718208313	0.0	1.3575210571289062	0.9534196257591248	0.0	1.0816564559936523	1.3214457035064697	0.0	0.0	1.1959662437438965	0.4863719046115875	0.0	1.6869150400161743	0.337844580411911	1.8828579187393188	1.788217306137085	1.145403265953064	0.0	0.0	1.04652738571167	0.8295958042144775	1.3267831802368164	0.0	0.13074901700019836	0.9290839433670044	0.26235267519950867	0.0	0.7413198947906494	0.0	1.7153663635253906	0.5695104002952576	0.43346208333969116	0.0	0.0	0.3280702531337738	1.1252743005752563	0.3723267912864685	1.2961435317993164	1.5417126417160034	0.4113634526729584	0.885286271572113	1.2476859092712402	0.0	0.0	1.050571084022522	1.946992039680481	1.7145986557006836	0.0	2.058717727661133	0.0	1.019870400428772	0.0	0.0	0.0	2.2949166297912598	1.9164235591888428	0.0	0.7494151592254639	0.22826088964939117	2.0899338722229004
0.24594274163246155	0.0	0.09796741604804993	0.0	0.2562999725341797	0.0	1.1365255117416382	0.40164944529533386	0.0	1.1644396781921387	0.8500304818153381	0.0	0.0	0.9953781366348267	0.3355270326137543	0.0	1.2344915866851807	0.6920811533927917	2.2059757709503174	1.8030630350112915	1.2241817712783813	0.0	0.0	0.7403770685195923	0.7979806065559387	0.6881460547447205	0.0	0.05212676152586937	0.7954258918762207	0.0	0.0	0.015547235496342182	0.0	1.345943808555603	0.25953519344329834	0.4529113471508026	0.0	0.0	0.21210750937461853	0.9216944575309753	0.45599737763404846	0.6816486716270447	1.6602015495300293	0.35603973269462585	0.8672405481338501	1.2941471338272095	0.0	0.0	0.8724704384803772	1.7486486434936523	1.5392959117889404	0.0	1.7983566522598267	0.0	0.9243918657302856	0.0	0.0	0.0	2.3558619022369385	2.3028359413146973	0.0	0.648518979549408	0.3358398675918579	2.135181427001953
0.21107423305511475	0.0	0.23268510401248932	0.0	0.5244996547698975	0.2130608707666397	1.151221513748169	0.9087966680526733	0.0	1.3640661239624023	1.1158332824707031	0.0	0.0	1.2287054061889648	0.6861496567726135	0.0	1.37738835811615	1.500353217124939	2.245877742767334	1.8391973972320557	1.4314262866973877	0.0	0.0	0.5562772154808044	1.4957777261734009	0.40373313426971436	0.0	0.3236149549484253	0.929073691368103	0.2444525957107544	0.0	0.583014726638794	0.0	1.2110711336135864	0.4581058621406555	0.23651878535747528	0.0	0.0	0.6905182003974915	0.8491249680519104	0.2415451854467392	0.890632688999176	1.3946417570114136	0.3149796426296234	0.7740052938461304	1.1209136247634888	0.0	0.0	1.0995632410049438	1.6381235122680664	2.2252373695373535	0.0	2.1922719478607178	0.0	0.7183091044425964	0.0	0.0	0.0	2.091158390045166	2.1455535888671875	0.0	0.5443705320358276	0.05724034085869789	2.1717734336853027
0.4113388657569885	0.0	0.11801990866661072	0.0	0.5982967615127563	0.0	1.4351037740707397	0.4152596890926361	0.0	1.347800850868225	0.7950886487960815	0.0	0.0	0.8699340224266052	0.12321099638938904	0.007512268610298634	1.3282852172851562	0.6568834781646729	1.7327382564544678	1.563462495803833	1.1525719165802002	0.0	0.0	0.9198669195175171	0.5912691354751587	1.0263373851776123	0.0	0.35615310072898865	0.8809914588928223	0.0	0.0	0.31772205233573914	0.0	1.4103405475616455	0.4947758615016937	0.6939995884895325	0.0	0.0	0.25046083331108093	0.9450995326042175	0.470148503780365	1.0440324544906616	1.4114336967468262	0.37673649191856384	0.7566156387329102	1.2979389429092407	0.0	0.0	0.9818892478942871	2.197089195251465	1.4398077726364136	0.0	1.974831461906433	0.0	1.1448827981948853	0.0	0.0	0.0	2.325617551803589	2.054144859313965	0.0	0.5230156779289246	0.24820132553577423	2.254852056503296
0.08897583186626434	0.0	0.15515831112861633	0.0	0.17849236726760864	0.0	1.1222386360168457	0.7336477637290955	0.0	1.2659332752227783	1.2921398878097534	0.0	0.0	1.3344597816467285	0.17348943650722504	0.0	1.5127745866775513	0.4389050304889679	1.988066554069519	1.8101129531860352	1.0753827095031738	0.0	0.0559995174407959	0.7369118332862854	0.9708415865898132	0.7631624937057495	0.0	0.09798107296228409	0.9599897265434265	0.0883248969912529	0.0	0.6592493653297424	0.0	1.634084939956665	0.5636028051376343	0.3077053129673004	0.0	0.0	0.0	1.0680263042449951	0.21467342972755432	1.2810518741607666	1.3377792835235596	0.46153295040130615	0.7672717571258545	1.0618375539779663	0.0	0.0	0.9413002133369446	1.7479536533355713	1.721186876296997	0.0	2.0188372135162354	0.0	1.01362943649292	0.0	0.0	0.0	2.342054605484009	2.0714268684387207	0.15536294877529144	0.7787482738494873	0.2689351439476013	2.0547351837158203
0.146152064204216	0.0	0.07797624170780182	0.0	0.7033845782279968	0.0	1.0819604396820068	0.5035400986671448	0.0	1.0544637441635132	1.014556884765625	0.0	0.0	1.1884087324142456	0.36438465118408203	0.0	1.346049427986145	0.5792911648750305	1.9201490879058838	1.8729097843170166	1.2228285074234009	0.0	0.32134029269218445	0.8552954196929932	0.9519336819648743	1.0583739280700684	0.0	0.20320123434066772	0.7318697571754456	0.05196870118379593	0.0	0.10829843580722809	0.0	1.4643635749816895	0.4564969837665558	0.4244396686553955	0.0	0.0	0.20037584006786346	0.7992895841598511	0.4379560351371765	0.7013317942619324	1.5403434038162231	0.40609607100486755	0.7847580909729004	1.2291345596313477	0.0	0.0	0.8658944368362427	1.785761833190918	1.5967931747436523	0.0	2.038646936416626	0.0	1.1930627822875977	0.0	0.0	0.0	2.219825506210327	2.258575201034546	0.0	0.7972703576087952	0.2005663812160492	2.014544725418091
0.6228866577148438	0.0	0.24564921855926514	0.0	0.6775322556495667	0.0	1.6656771898269653	0.24515047669410706	0.0	1.109993577003479	0.710094153881073	0.0	0.0	0.2368624359369278	0.18099331855773926	0.7458198070526123	1.4770146608352661	0.4284681975841522	1.3380099534988403	1.215436577796936	1.145692229270935	0.0	0.0	1.0229243040084839	0.8737617135047913	1.6510971784591675	0.0	1.0895147323608398	0.5252366065979004	0.0	0.0	0.0	0.0	1.5081230401992798	0.018822606652975082	0.917291522026062	0.0	0.0	0.5936875343322754	0.919276773929596	0.614534318447113	0.4671843647956848	1.2838702201843262	0.5886070132255554	0.9397708177566528	1.1103601455688477	0.0	0.0	0.8601505756378174	2.9259068965911865	1.1921840906143188	0.0	2.449446201324463	0.0	1.3493720293045044	0.0	0.0	0.0	1.8253229856491089	1.9606496095657349	0.0	1.3538074493408203	0.0	1.6119369268417358
0.3052808940410614	0.0	0.04378943145275116	0.0	0.6855732798576355	0.024753300473093987	1.2910747528076172	0.7771750688552856	0.0	1.2978218793869019	0.9907368421554565	0.0	0.0	1.1805533170700073	0.4046863615512848	0.0	1.5407047271728516	0.6302862167358398	1.9564834833145142	1.7533588409423828	1.0476940870285034	0.0	0.30502086877822876	0.7014382481575012	1.305966854095459	1.0900367498397827	0.0	0.013904234394431114	1.1732457876205444	0.22488433122634888	0.0	0.0	0.0	1.428417444229126	0.5034409761428833	0.589266836643219	0.0	0.0	0.1561352163553238	0.7852436900138855	0.5176706910133362	0.6384359002113342	1.3401448726654053	0.5444839000701904	0.9555652141571045	1.148114562034607	0.0	0.0	1.1201767921447754	2.1370439529418945	1.9212219715118408	0.0	2.2616329193115234	0.0	0.8020269274711609	0.0	0.0	0.0	2.222196340560913	2.353320598602295	0.0	0.45029696822166443	0.25025662779808044	1.8613563776016235
0.37899309396743774	0.0	0.17683818936347961	0.0	0.25204646587371826	0.0	1.260918378829956	0.6434834599494934	0.0	1.3740180730819702	1.0226024389266968	0.0	0.0	1.2674044370651245	0.3196474015712738	0.0	1.3500666618347168	0.9996765851974487	1.866418719291687	1.684790849685669	1.1526603698730469	0.0	0.0	0.9240870475769043	1.1481001377105713	0.934603750705719	0.0	0.19012336432933807	0.8492721319198608	0.0	0.0	0.24489416182041168	0.0	1.3797011375427246	0.24507473409175873	0.5992668867111206	0.0	0.0	0.5462238788604736	0.9245468974113464	0.3553317189216614	0.8005957007408142	1.5761996507644653	0.7706426978111267	0.8507969379425049	1.0595433712005615	0.0	0.0	1.438063383102417	2.0736634731292725	1.6305633783340454	0.0	2.2851996421813965	0.0	0.8728480339050293	0.0	0.0	0.0	2.128358840942383	2.331221103668213	0.0	0.5264238119125366	0.10970043390989304	1.7561465501785278
0.5674406290054321	0.0	0.19778452813625336	0.0	0.48927995562553406	0.0	1.4564578533172607	0.2936813235282898	0.0	1.3575624227523804	0.597287654876709	0.0	0.0	0.5664605498313904	0.3481570780277252	0.07818786054849625	1.4858027696609497	0.31508582830429077	1.762406587600708	1.1292989253997803	0.97791987657547	0.0	0.02911686711013317	0.893661618232727	1.0021966695785522	1.5868231058120728	0.0	0.6260745525360107	0.6229718923568726	0.0	0.0	0.0	0.0	1.2827779054641724	0.0	0.8148640990257263	0.0	0.0	0.4061293303966522	0.7866668105125427	0.6081467866897583	0.41126883029937744	1.2770695686340332	0.49040693044662476	0.8256771564483643	1.2498406171798706	0.0	0.0	0.9211185574531555	2.7686262130737305	1.3774267435073853	0.0	2.7445778846740723	0.0	1.2870445251464844	0.0	0.0	0.0	2.0021116733551025	2.189383029937744	0.0	1.3411253690719604	0.186509907245636	1.7766025066375732
0.7285382747650146	0.0	0.13424210250377655	0.0	0.7312336564064026	0.0	1.6919617652893066	0.20654554665088654	0.0	1.0534929037094116	0.7747200727462769	0.0	0.0	0.0	0.26592329144477844	0.0	1.7574512958526611	0.5683034658432007	1.354978322982788	1.0777018070220947	1.1881694793701172	0.0	0.0	1.1175847053527832	0.8975922465324402	1.6434825658798218	0.0	0.540645956993103	0.4242640733718872	0.0	0.0	0.0	0.0	0.8099201321601868	0.0	0.9799579381942749	0.0	0.0	0.5689951777458191	0.7874902486801147	0.6652268767356873	0.7341980338096619	1.1859071254730225	0.4774441421031952	0.49789896607398987	1.17673921585083	0.0	0.0	0.986076831817627	3.036618947982788	1.2289071083068848	0.0	2.2660608291625977	0.0	1.4625461101531982	0.0	0.0	0.0	1.9354069232940674	2.018132448196411	0.0	0.9762765169143677	0.0	1.786443829536438
0.21121791005134583	0.0	0.5343747735023499	0.0	0.48060452938079834	0.8282455801963806	1.3286021947860718	0.7766658067703247	0.0	1.268821358680725	1.0349392890930176	0.0	0.0	1.424992561340332	0.5972914695739746	0.0	1.4380534887313843	1.0765057802200317	2.2011773586273193	1.841128945350647	1.3026366233825684	0.0	0.27433067560195923	0.6799182295799255	1.0993908643722534	0.8588797450065613	0.0	0.46774110198020935	1.274253487586975	0.44267213344573975	0.0	0.07062672078609467	0.0	1.4561275243759155	0.4068688154220581	0.3040153682231903	0.0	0.0	0.43648067116737366	0.9629220366477966	0.472738653421402	0.5916332006454468	1.3598346710205078	0.599006175994873	0.967659056186676	1.1023107767105103	0.0	0.0	1.067872166633606	1.809891700744629	1.9018923044204712	0.0	2.1818811893463135	0.0	0.7482631802558899	0.0	0.0	0.0	2.2569031715393066	2.23844313621521	0.0	0.5801121592521667	0.3301587998867035	1.9934155941009521
0.10555794835090637	0.0	0.07538499683141708	0.0	0.7537109851837158	0.2790307104587555	1.2033016681671143	0.6752199530601501	0.0	1.1746678352355957	1.0245143175125122	0.0	0.0	1.1714677810668945	0.3452968895435333	0.0	1.4328117370605469	1.0733346939086914	2.2015225887298584	1.8296366930007935	1.2044384479522705	0.0	0.0	0.7796173691749573	0.730615496635437	0.3772820234298706	0.0	0.5721324682235718	1.0601369142532349	0.043627988547086716	0.0	0.43384629487991333	0.0	1.3086285591125488	0.24470828473567963	0.4437772333621979	0.0	0.0	0.3692857027053833	0.8867616057395935	0.21427376568317413	1.191256046295166	1.4635719060897827	0.2992199659347534	0.7356138229370117	1.2815290689468384	0.0	0.0	0.7981475591659546	1.6664355993270874	1.6581642627716064	0.0	1.9613851308822632	0.0	1.0441527366638184	0.0	0.0	0.0	2.2622976303100586	2.2535171508789062	0.0	0.8090598583221436	0.09747632592916489	1.9564181566238403
0.08440863341093063	0.006665273103863001	0.5654922127723694	0.0	0.46826407313346863	0.31905969977378845	1.0622512102127075	0.5486104488372803	0.0	1.0412111282348633	0.9713876247406006	0.0	0.0	1.3712040185928345	0.32060420513153076	0.17219002544879913	1.2561951875686646	1.058424711227417	2.034970283508301	1.6521447896957397	1.2076125144958496	0.0	0.2664094865322113	0.7929949760437012	1.449960470199585	0.5338578820228577	0.0	0.5704724788665771	0.7336639761924744	0.15823034942150116	0.0	0.3585304319858551	0.0	1.400410771369934	0.4092642366886139	0.2684647738933563	0.0	0.0	0.2648652195930481	0.9169955849647522	0.03245927765965462	0.7063431143760681	1.212278962135315	0.5847892761230469	0.9661107659339905	1.0839018821716309	0.0	0.0	0.9778158068656921	1.6943941116333008	1.9747716188430786	0.0	2.437387466430664	0.0	0.8838756084442139	0.0	0.0	0.0	2.238553047180176	2.427443504333496	0.0	1.2567189931869507	0.3011019229888916	2.4645016193389893
0.5120804309844971	0.0	0.05852845683693886	0.0	1.0423154830932617	0.0	1.5842605829238892	0.38503068685531616	0.0	1.2361047267913818	0.825218141078949	0.0	0.0	0.12219003587961197	0.0	0.0	1.5865931510925293	0.45089051127433777	1.3429992198944092	1.0736186504364014	0.812591016292572	0.0	0.0	1.3295527696609497	0.6235657334327698	1.8858847618103027	0.0	0.6361187696456909	0.47070246934890747	0.0	0.0	0.784788966178894	0.0	1.1938897371292114	0.03562261164188385	1.0490719079971313	0.0	0.0	0.3323519229888916	0.9071664810180664	0.5884504318237305	0.9066077470779419	1.3236945867538452	0.5649721026420593	0.6431319117546082	1.4070255756378174	0.0	0.0	1.0517903566360474	3.213902235031128	1.2585984468460083	0.0	2.2672886848449707	0.0	1.5198696851730347	0.0	0.0	0.0	2.2245447635650635	2.009873390197754	0.0	1.188763976097107	0.5236442685127258	1.6967300176620483
0.16613799333572388	0.0	0.08311104774475098	0.0	0.47748979926109314	0.0	1.3220595121383667	0.9318870902061462	0.0	1.4924077987670898	1.1308965682983398	0.0	0.0	1.091996431350708	0.26685330271720886	0.0	1.287278652191162	0.6614441275596619	1.9344440698623657	1.8238643407821655	1.1058952808380127	0.0	0.008133631199598312	0.7446337938308716	0.9903780221939087	0.6290922164916992	0.0	0.5645304322242737	1.07644784450531	0.23416931927204132	0.0	0.0	0.0	1.3679648637771606	0.6746824979782104	0.5028782486915588	0.0	0.0	0.1355466991662979	0.9436132907867432	0.4671374261379242	0.4815325140953064	1.4209436178207397	0.3517368733882904	0.7649281620979309	1.250984787940979	0.0	0.0	1.1849721670150757	1.7117208242416382	1.897666573524475	0.0	2.4110963344573975	0.0	0.6238353252410889	0.0	0.0	0.0	2.2212588787078857	2.405625820159912	0.0	0.9051072597503662	0.054166655987501144	1.8277292251586914
0.3375808298587799	0.0	0.5361063480377197	0.0	0.5958471894264221	0.0	2.2306954860687256	0.6574116349220276	0.0	1.3205126523971558	0.6558124423027039	0.0	0.0	0.7690203785896301	0.03996959701180458	0.0	1.2416151762008667	0.7772480845451355	1.505124807357788	1.3924446105957031	1.00664222240448	0.0	0.0	0.7513227462768555	0.5434896945953369	0.8632352352142334	0.0	0.5058174133300781	0.9392271637916565	0.0	0.0	0.0	0.0	1.2847261428833008	0.0	0.679937481880188	0.0	0.10567963123321533	0.5658531188964844	0.7038310766220093	0.5817101001739502	0.748619794845581	1.6261367797851562	0.50799959897995	1.0351201295852661	1.3456004858016968	0.0	0.0	0.8258242011070251	2.4761054515838623	1.7918856143951416	0.0	1.7939672470092773	0.0	1.2271596193313599	0.0	0.0	0.0	2.209470272064209	1.859080195426941	0.0	0.7038184404373169	0.10332806408405304	1.8761199712753296
0.11879017949104309	0.0	0.1154227927327156	0.0	0.6694225072860718	0.3772869408130646	1.163395881652832	0.7704108357429504	0.0	1.2426625490188599	1.17000412940979	0.0	0.0	1.4156084060668945	0.5406196713447571	0.0	1.433349370956421	0.7916743159294128	2.2272160053253174	1.8100359439849854	1.1695451736450195	0.0	0.0	0.5135952830314636	1.3872661590576172	0.5117278099060059	0.0	0.1827220618724823	0.5685161352157593	0.24185842275619507	0.0	0.27863621711730957	0.0	1.492433786392212	0.46602991223335266	0.44367679953575134	0.0	0.0	0.20166392624378204	1.0786104202270508	0.2506493031978607	0.9023481011390686	1.2587485313415527	0.40034863352775574	0.8689062595367432	1.0987099409103394	0.0	0.0	0.9397410154342651	1.69899320602417	1.6234408617019653	0.0	2.3206307888031006	0.0	0.7665523886680603	0.0	0.0	0.0	2.4030613899230957	2.3386099338531494	0.0	0.7496472597122192	0.164713054895401	1.9250309467315674
0.31636252999305725	0.0	0.4053877890110016	0.0	0.58689284324646	0.16454894840717316	1.3589115142822266	0.8724073767662048	0.0	1.0559890270233154	0.8457325100898743	0.0	0.0	0.8639129996299744	0.4660976529121399	0.0	1.3199783563613892	0.806379497051239	1.9072173833847046	1.4591375589370728	1.038097858428955	0.0	0.0	0.9636111259460449	1.2326217889785767	0.9335931539535522	0.0	0.18154782056808472	0.820850133895874	0.0	0.0	0.0	0.0	1.2158567905426025	0.6097902059555054	0.9302861094474792	0.0	0.0	0.6590503454208374	1.0008304119110107	0.770308792591095	0.9022067785263062	1.408944845199585	0.20953470468521118	0.7566544413566589	1.1972143650054932	0.0	0.0	1.2701119184494019	2.436115264892578	1.7710541486740112	0.0	2.4399948120117188	0.0	1.1579179763793945	0.0	0.0	0.0	2.1221492290496826	2.204531192779541	0.0	0.7817545533180237	0.09881749004125595	2.0278658866882324
0.2309369295835495	0.0	0.20093515515327454	0.0	0.43925032019615173	0.0	1.0689176321029663	0.8411107063293457	0.0	1.4130877256393433	1.1146178245544434	0.0	0.0	1.2061163187026978	0.46535226702690125	0.0	1.255813479423523	0.9454682469367981	2.0375897884368896	1.7311633825302124	1.260159969329834	0.0	0.0	0.5053097009658813	1.3034471273422241	0.8413116931915283	0.0	0.1361941248178482	0.7541036605834961	0.015151920728385448	0.0	0.01841631345450878	0.0	1.3526263236999512	0.14747081696987152	0.4877702295780182	0.0	0.0	0.44295933842658997	0.890582263469696	0.3344919681549072	0.962327778339386	1.2681312561035156	0.46526995301246643	0.9077973365783691	1.1076078414916992	0.0	0.0	0.9976937174797058	1.8593995571136475	1.981821894645691	0.0	2.1006486415863037	0.0	0.854699432849884	0.0	0.0	0.0	2.3111982345581055	2.2133841514587402	0.0	0.4147578477859497	0.09007618576288223	1.7178877592086792
0.23368051648139954	0.0	0.3499006927013397	0.04352808743715286	0.2640618681907654	0.5439865589141846	0.9630498886108398	0.7340458631515503	0.0	1.285362720489502	1.1588289737701416	0.0	0.0	1.454573631286621	0.43112054467201233	0.0	0.9850941896438599	0.5856037735939026	2.362673044204712	1.7892405986785889	0.9927070736885071	0.0	0.1637182980775833	1.080153226852417	1.4574891328811646	0.3159373998641968	0.0	0.0	0.9581668972969055	0.18579590320587158	0.0	0.07065382599830627	0.0	1.1364004611968994	0.49458083510398865	0.23002010583877563	0.0	0.0	0.0	0.8517321348190308	0.6554703712463379	0.9245872497558594	1.3940293788909912	0.13399575650691986	0.847249448299408	0.8218778967857361	0.0	0.0	1.280760645866394	1.967942476272583	2.2423794269561768	0.0	2.0471484661102295	0.0	0.7388012409210205	0.0	0.0	0.0	2.313814401626587	2.2952988147735596	0.0	0.27243202924728394	0.40092921257019043	1.6846221685409546
0.0	0.0	0.407250314950943	0.0	0.39778798818588257	0.4391207695007324	1.2406635284423828	0.639232337474823	0.0	1.0855358839035034	1.023374319076538	0.0	0.0	1.0160651206970215	0.3825960159301758	0.0	1.2437127828598022	0.3474942743778229	1.743030309677124	1.5708842277526855	1.018930435180664	0.0	0.0	0.8275012373924255	0.7826768755912781	0.6655751466751099	0.0	0.15166836977005005	0.7817437052726746	0.20055846869945526	0.0	0.37926435470581055	0.0	1.4171595573425293	0.18476663529872894	0.4441275894641876	0.0	0.0	0.1096649244427681	0.8864464163780212	0.2977912127971649	0.7733829617500305	1.557739019393921	0.5850484371185303	1.072489857673645	1.1544502973556519	0.0	0.0	0.8532992005348206	2.0583996772766113	1.9824116230010986	0.0	2.245007276535034	0.0	1.0170668363571167	0.0	0.0	0.0	2.3351099491119385	2.2350056171417236	0.21080753207206726	0.6671980619430542	0.12973302602767944	1.984017014503479
0.18503864109516144	0.0	0.0	0.0	0.37619638442993164	0.07382433116436005	1.3195449113845825	0.7831244468688965	0.0	1.2299350500106812	1.1681251525878906	0.0	0.0	1.665091872215271	0.21375960111618042	0.0	1.2194888591766357	0.4399682581424713	1.9069957733154297	1.8078277111053467	0.9826722145080566	0.0	0.0	0.5789361000061035	1.271957516670227	0.8982981443405151	0.0	0.151555135846138	0.8093302845954895	0.014816182665526867	0.0	0.3438413143157959	0.0	1.523050308227539	0.7053452134132385	0.5189816951751709	0.0	0.0	0.052372708916664124	0.7129039764404297	0.3410106301307678	0.8262262940406799	1.3539118766784668	0.47375619411468506	0.5272569060325623	1.1918864250183105	0.0	0.0	1.067376971244812	1.934233546257019	2.1066622734069824	0.0	2.15169620513916	0.0	0.7380934953689575	0.0	0.0	0.0	2.2341737747192383	2.2536652088165283	0.0	0.4682421088218689	0.1634005904197693	1.8274517059326172
0.7483424544334412	0.0	0.19186925888061523	0.0	1.1078473329544067	0.0	1.5713204145431519	0.2560213804244995	0.0	0.8544525504112244	0.49629780650138855	0.0	0.0	0.0	0.19622696936130524	0.0	1.6714552640914917	0.473355233669281	1.251537799835205	0.8624001741409302	0.9872053861618042	0.0	0.0	1.070307731628418	0.961333155632019	1.6804652214050293	0.0	0.776772141456604	0.35931217670440674	0.0	0.0	0.0	0.0	1.0118885040283203	0.0	1.0843236446380615	0.0	0.0	0.6984640955924988	0.8330380320549011	0.6017124056816101	0.15141423046588898	1.119954228401184	0.23023581504821777	0.7071788907051086	1.1266967058181763	0.0	0.0	0.825867235660553	3.0063600540161133	0.9972673654556274	0.0	2.0038669109344482	0.0	1.5892763137817383	0.0	0.0	0.0	1.7878509759902954	1.8929049968719482	0.0	0.6830976009368896	0.0	1.245333194732666
0.4500874876976013	0.0	0.19413113594055176	0.0	0.6535492539405823	0.0	1.7155675888061523	0.21389997005462646	0.0	1.2532261610031128	0.6451471447944641	0.0	0.0	0.2073470503091812	0.1264098584651947	0.0	1.3611767292022705	0.5315739512443542	1.5516438484191895	1.0849902629852295	0.8619560599327087	0.0	0.0	1.2723454236984253	0.8271874785423279	1.4850027561187744	0.0	0.5845174193382263	0.6391569972038269	0.0	0.0	0.0	0.0	1.1129026412963867	0.0	1.0578380823135376	0.0	0.0	0.5395662784576416	0.7318949103355408	0.8260028958320618	0.9129875898361206	1.396499752998352	0.17934149503707886	0.6508464813232422	1.263583779335022	0.0	0.0	1.0798473358154297	2.9413886070251465	1.3441458940505981	0.0	2.1748502254486084	0.0	1.564931035041809	0.0	0.0	0.0	1.9322680234909058	1.9189307689666748	0.0	0.7274595499038696	0.07968006283044815	1.8588175773620605
0.24986127018928528	0.0	0.10129747539758682	0.0	0.38007694482803345	0.0	1.3565980195999146	0.5181169509887695	0.0	1.1211214065551758	1.057154655456543	0.0	0.0	1.0482172966003418	0.3592475354671478	0.0	1.3941235542297363	0.4292633831501007	1.7760894298553467	1.6623079776763916	1.1657196283340454	0.0	0.0022154466714709997	0.7956657409667969	1.2049660682678223	0.9324191212654114	0.0	0.267701119184494	0.8604444265365601	0.0	0.0	0.5917754173278809	0.0	1.4926435947418213	0.4143548905849457	0.5868718028068542	0.0	0.0	0.1658402383327484	1.1966968774795532	0.39059731364250183	0.909796416759491	1.3364189863204956	0.522908091545105	0.7672548294067383	1.2310426235198975	0.0	0.0	1.0953141450881958	2.5084471702575684	1.5891199111938477	0.0	2.055577039718628	0.0	1.0924725532531738	0.0	0.0	0.0	2.189919948577881	2.010026216506958	0.0	0.8631955981254578	0.13689039647579193	2.133786916732788
0.5633283257484436	0.0	0.3462779223918915	0.0	1.5895694494247437	0.0	1.7391124963760376	0.661519467830658	0.0	1.2524551153182983	0.49459922313690186	0.0	0.0	0.3515397608280182	0.16457483172416687	0.0	1.64632248878479	0.6325139999389648	1.4311394691467285	1.183345079421997	0.8540944457054138	0.0	0.0	0.9333518743515015	0.8342481851577759	2.007941246032715	0.0	0.938260018825531	0.39644116163253784	0.04487444460391998	0.1716127246618271	0.0	0.0	1.260826826095581	0.0	0.9628509283065796	0.0	0.0	0.9796072840690613	1.0198887586593628	0.5703099370002747	0.7618895769119263	1.3336759805679321	0.3322809934616089	0.7860888242721558	1.2043706178665161	0.0	0.0	0.7409538626670837	2.9661929607391357	1.20061194896698	0.0	2.157137155532837	0.0	1.3529596328735352	0.0	0.0	0.0	2.157064437866211	1.916783332824707	0.0	1.0911433696746826	0.0	1.491302728652954
0.6514948010444641	0.0	0.279133141040802	0.0	0.6989685893058777	0.0	1.550309181213379	0.46677887439727783	0.0	1.1912658214569092	0.42514991760253906	0.0	0.0	0.3288421332836151	0.1819484382867813	0.0	1.7955572605133057	0.536540150642395	1.4507722854614258	0.8931443691253662	0.9919500350952148	0.0	0.0	1.0217716693878174	0.980503499507904	2.080962657928467	0.0	0.9732260704040527	0.58759605884552	0.0	0.0	0.0	0.0	1.5063601732254028	0.0	0.9292632937431335	0.0	0.0	0.561777651309967	0.8755200505256653	0.5630775690078735	0.2757554352283478	1.1047247648239136	0.6418541073799133	0.8358542919158936	1.1837154626846313	0.0	0.0	0.7678930759429932	2.91584849357605	1.1722848415374756	0.0	2.00630521774292	0.0	1.431549072265625	0.0	0.0	0.0	1.8876324892044067	2.0602800846099854	0.0	0.7855086326599121	0.0	1.1568790674209595
0.8232730031013489	0.0	0.24427689611911774	0.0	0.6510513424873352	0.0	1.539884328842163	0.23531904816627502	0.0	0.9726239442825317	0.6957333087921143	0.0	0.0	0.21250146627426147	0.20970149338245392	0.0	1.643011212348938	0.36537331342697144	1.3719868659973145	1.0231006145477295	1.0082076787948608	0.0	0.0	0.9886684417724609	0.9059988856315613	1.635148048400879	0.0	0.719964861869812	0.4268946945667267	0.0	0.0	0.0	0.0	0.9590649008750916	0.0	0.9553524851799011	0.0	0.0	0.5752983689308167	0.8803497552871704	0.6536957025527954	0.44205522537231445	1.1292012929916382	0.5431329607963562	0.621139407157898	1.1475836038589478	0.0	0.0	1.1565067768096924	3.0546681880950928	1.1622161865234375	0.0	2.487661600112915	0.0	1.4358056783676147	0.0	0.0	0.0	1.8222646713256836	2.086383104324341	0.0	0.9813497066497803	0.0	1.531855583190918
0.19903285801410675	0.0	0.5669440627098083	0.0	0.7984800934791565	0.3988664150238037	1.737134337425232	0.1692691147327423	0.0	1.4163532257080078	0.9931133985519409	0.0	0.0	0.7047751545906067	0.0	0.6404528617858887	1.643747091293335	0.21396227180957794	1.6250205039978027	1.11334228515625	0.7494869828224182	0.0	0.0	1.4119247198104858	0.5980572700500488	0.8830159902572632	0.0	1.2788184881210327	0.7993194460868835	0.0	0.0	0.22230921685695648	0.0	1.5225802659988403	0.3400421440601349	0.7960334420204163	0.0	0.011742949485778809	0.2863062918186188	1.129026174545288	0.7235031723976135	0.6038644909858704	1.526277780532837	0.3416118919849396	0.8437415957450867	1.0432751178741455	0.0	0.0	1.074028491973877	3.1397705078125	1.7568472623825073	0.0	2.369882345199585	0.0	1.9988495111465454	0.0	0.0	0.0	2.0544981956481934	1.8924798965454102	0.0	1.3506439924240112	0.24455325305461884	2.006474018096924
0.3756563663482666	0.0	0.5434544682502747	0.0	0.7892194986343384	0.44209763407707214	1.7607462406158447	0.37091511487960815	0.0	1.093904733657837	1.0736258029937744	0.0	0.0	0.40898188948631287	0.0	0.24608470499515533	1.489166498184204	0.7148827910423279	1.6033071279525757	1.3265964984893799	0.9436300992965698	0.0	0.31766730546951294	1.2192891836166382	0.8393880724906921	1.0479707717895508	0.0	0.5924777388572693	0.7132123708724976	0.0	0.0	0.07937633991241455	0.0	1.338457703590393	0.16172276437282562	0.7274996638298035	0.10553542524576187	0.0	0.38035139441490173	1.1674009561538696	0.7093905806541443	0.8456479907035828	1.3447414636611938	0.40094950795173645	0.6911143064498901	1.2632731199264526	0.0	0.0	1.2762285470962524	3.2444849014282227	1.3356465101242065	0.0	2.657470464706421	0.0	1.3917796611785889	0.0	0.0	0.0	1.9428658485412598	1.9582712650299072	0.0	1.619612216949463	0.22578786313533783	2.1930954456329346
0.10599242895841599	0.0	0.5745459198951721	0.0	0.3913953900337219	0.0	1.342255711555481	0.6761549115180969	0.0	1.0206201076507568	1.1033490896224976	0.0	0.0	1.5276896953582764	0.4605294167995453	0.0	1.393725872039795	0.8735946416854858	2.049706220626831	1.8513425588607788	1.2921903133392334	0.0	0.0	0.5875400304794312	1.278144121170044	0.41604405641555786	0.0	0.0	1.169740915298462	0.0	0.0	0.3896465599536896	0.0	1.8119646310806274	0.3856271803379059	0.2550618648529053	0.0	0.0	0.9191431403160095	0.9394427537918091	0.2724074125289917	0.8282408118247986	1.5096049308776855	0.42125892639160156	0.7575669884681702	1.3370035886764526	0.0	0.0	0.9370394945144653	1.6993958950042725	1.7489492893218994	0.0	1.9919039011001587	0.0	0.83780837059021	0.0	0.0	0.0	2.2259445190429688	2.0847055912017822	0.08026763796806335	0.6037188172340393	0.1957067996263504	2.204254150390625
0.02964695729315281	0.0	0.07692969590425491	0.0	0.722846508026123	0.4574705958366394	1.6905977725982666	0.8966027498245239	0.0	1.3085601329803467	0.934727132320404	0.0	0.0	1.316444754600525	0.5519598126411438	0.20874759554862976	1.3340336084365845	0.7868760824203491	2.057548761367798	1.6934161186218262	1.0976347923278809	0.0	0.3595597445964813	0.8253864645957947	0.5858156085014343	0.8020209670066833	0.0	0.71433025598526	1.1938557624816895	0.5563290119171143	0.0	0.06277041882276535	0.0	1.2934209108352661	0.16671741008758545	0.6178473234176636	0.0	0.0	0.031199155375361443	0.8167716860771179	0.25073474645614624	1.0868237018585205	1.4383116960525513	0.33962875604629517	1.047542929649353	1.3908394575119019	0.0	0.0	1.0628682374954224	2.1262154579162598	1.7965596914291382	0.0	2.204787254333496	0.0	0.908814013004303	0.0	0.0	0.0	2.2520689964294434	2.099419355392456	0.0780830979347229	0.8315024971961975	0.22153498232364655	1.9335626363754272
0.22994598746299744	0.0	0.23979541659355164	0.0	0.33880162239074707	0.16805461049079895	1.1891100406646729	0.5593089461326599	0.0	1.2205318212509155	0.9466352462768555	0.0	0.0	1.3427166938781738	0.8248191475868225	0.0	1.4737008810043335	1.1152746677398682	2.0865161418914795	2.0201566219329834	1.3918379545211792	0.0954207330942154	0.0	0.46000537276268005	1.4421443939208984	0.33304524421691895	0.0	0.0	1.1157288551330566	0.569460391998291	0.0	0.0760587751865387	0.0	1.4252185821533203	0.42150387167930603	0.3502303957939148	0.01128078531473875	0.0	0.7502228021621704	0.6544470191001892	0.28078752756118774	0.7563402056694031	1.458581805229187	0.40771692991256714	0.8394461274147034	1.1943491697311401	0.0	0.0	0.8668187856674194	1.6777987480163574	2.00449538230896	0.0	2.0504708290100098	0.0	0.7298129796981812	0.0	0.0	0.0	2.127936840057373	2.1492581367492676	0.063078373670578	0.34991219639778137	0.0	2.078306198120117
0.34376034140586853	0.0	0.11539746075868607	0.0	0.7415851354598999	0.2786106765270233	1.2644445896148682	0.5448014140129089	0.0	1.1918858289718628	0.8247306942939758	0.0	0.0	1.2970976829528809	0.7895590662956238	0.0	1.6068451404571533	1.4955145120620728	2.1291635036468506	1.8162347078323364	1.5068964958190918	0.0	0.0	0.7022731304168701	1.213041067123413	0.7063313722610474	0.0	0.37938448786735535	0.8741430044174194	0.5449230670928955	0.0	0.0	0.0	1.3070017099380493	0.02977398969233036	0.14264477789402008	0.0	0.0	0.7126573324203491	0.7533514499664307	0.17863433063030243	0.9041167497634888	1.2315700054168701	0.35634738206863403	1.0230498313903809	1.3310539722442627	0.0	0.0	0.7341275811195374	1.6050479412078857	1.9339330196380615	0.0	1.9916125535964966	0.0	1.1572511196136475	0.0	0.0	0.0	2.128830909729004	2.098376750946045	0.0	0.3337671756744385	0.0	1.8040112257003784
0.32477298378944397	0.0	0.1206718310713768	0.0	0.6836065649986267	0.0	1.7349953651428223	0.5576964020729065	0.0	1.2780369520187378	0.9321283102035522	0.0	0.0	0.37616050243377686	0.16438357532024384	0.2013765424489975	1.2655935287475586	0.41447579860687256	1.71524178981781	1.3834728002548218	0.931792140007019	0.0	0.0	0.8009392023086548	0.606083333492279	1.2554757595062256	0.0	0.46653324365615845	0.9688223600387573	0.0	0.0	0.0	0.0	1.3061866760253906	0.19208131730556488	1.2639110088348389	0.0	0.11616331338882446	0.4265267550945282	1.0144158601760864	0.7495766878128052	1.042338490486145	1.4963487386703491	0.291803777217865	0.6642887592315674	1.185858964920044	0.0	0.0	1.0867948532104492	2.468385696411133	1.2948075532913208	0.0	2.0830800533294678	0.0	1.3039346933364868	0.0	0.0	0.0	2.1113972663879395	2.0181217193603516	0.0	0.65329909324646	0.0	1.857023000717163
0.2678152322769165	0.0	0.33878037333488464	0.0	1.043034553527832	0.14464759826660156	1.6704870462417603	0.9388830661773682	0.0	0.8246883153915405	0.700276792049408	0.0	0.0	0.300937682390213	0.36874616146087646	0.0	2.02485728263855	0.3454761207103729	1.5260601043701172	1.2550654411315918	0.8840162754058838	0.0	0.0	0.9901354312896729	1.3057667016983032	1.765152931213379	0.0	0.7837099432945251	0.6406350135803223	0.0	0.0	0.0	0.0	1.3322190046310425	0.0	0.7992090582847595	0.0	0.0	0.6206089854240417	0.8705614805221558	0.6202981472015381	0.7503949403762817	1.268487811088562	0.34332898259162903	0.9515374898910522	1.1516811847686768	0.0	0.0	0.8864945769309998	2.9359381198883057	1.4318546056747437	0.0	2.3428618907928467	0.0	1.3215703964233398	0.0	0.0	0.0	2.0848453044891357	1.8299264907836914	0.0	1.1343666315078735	0.0	1.8672516345977783
0.601996123790741	0.0	0.7371376156806946	0.0	0.5934603214263916	0.6231372952461243	1.4210726022720337	0.29637405276298523	0.0	0.6625739932060242	0.6144296526908875	0.0	0.0	0.6792943477630615	0.21336881816387177	0.03108813799917698	1.9594602584838867	0.6339466571807861	1.821789026260376	1.3791841268539429	1.327898383140564	0.0	0.0	1.311784029006958	1.0147860050201416	1.1842917203903198	0.0	0.30573922395706177	0.637108564376831	0.0	0.0	0.1655304878950119	0.0	1.1087197065353394	0.0	0.4768020212650299	0.01091835368424654	0.0	0.528666079044342	0.792432427406311	0.4176868200302124	0.44240716099739075	1.471999168395996	0.32481658458709717	0.578892707824707	1.4960192441940308	0.0	0.0	0.5011712908744812	2.622131824493408	1.3448594808578491	0.0	2.1412980556488037	0.0	1.4421151876449585	0.0	0.0	0.0	2.004913568496704	2.3954105377197266	0.0	1.5757501125335693	0.0	1.7652359008789062
0.003768844995647669	0.0	0.8709896802902222	0.0	0.35127100348472595	0.0	0.9868858456611633	0.6383584141731262	0.0	0.9612687230110168	0.9383777379989624	0.0	0.0	1.204453468322754	0.29222407937049866	0.0	1.284010410308838	0.7325586080551147	2.202165126800537	1.7571303844451904	1.3442412614822388	0.0	0.0	1.133427619934082	1.124326229095459	0.848127007484436	0.0	0.037611521780490875	1.1025665998458862	0.13597697019577026	0.0	0.5170778036117554	0.0	1.5878472328186035	0.299530953168869	0.2688959538936615	0.0	0.0	0.60393887758255	0.7202191352844238	0.4518391191959381	0.8672347068786621	1.5039410591125488	0.5379748344421387	0.9638162851333618	1.3796309232711792	0.0	0.0	0.870240330696106	2.0034666061401367	2.024679660797119	0.0	2.141883611679077	0.0	1.1199771165847778	0.0	0.0	0.0	2.246518850326538	2.2882394790649414	0.0	0.4177137315273285	0.4860885441303253	1.9165955781936646
0.20683734118938446	0.0	0.1664721667766571	0.0	0.6529482007026672	0.0	1.7125667333602905	0.8987939357757568	0.0	1.2303576469421387	1.131740927696228	0.0	0.0	1.552886724472046	0.6071553230285645	0.012217214331030846	1.644587755203247	1.1094752550125122	2.467298984527588	1.8501120805740356	1.3215256929397583	0.0	0.3253716230392456	0.820789098739624	0.9397544860839844	0.6707590222358704	0.0	0.06407652795314789	0.8550820350646973	0.3303672969341278	0.0	0.2888215184211731	0.0	1.4864248037338257	0.15155592560768127	0.11915799975395203	0.0	0.0	0.2230183333158493	0.8826301693916321	0.0	1.0862202644348145	1.552475094795227	0.47602203488349915	0.8223438262939453	1.2612717151641846	0.0	0.0	0.6633614897727966	1.204168677330017	1.783586025238037	0.0	1.7985317707061768	0.0	0.9188255667686462	0.0	0.0	0.0	2.2190985679626465	1.9493789672851562	0.0	0.6884556412696838	0.1582873910665512	2.368053913116455
0.5790665745735168	0.0	0.3189314305782318	0.0	0.9196911454200745	0.07816880941390991	1.9395653009414673	0.23398809134960175	0.0	1.0948477983474731	0.6160067319869995	0.0	0.0	0.023929933086037636	0.11180708557367325	0.04556026682257652	1.7974530458450317	0.8338042497634888	1.418218731880188	1.1253662109375	1.062512755393982	0.0	0.0	1.1399213075637817	0.595228910446167	1.6104793548583984	0.0	0.6546531319618225	0.6209516525268555	0.0	0.0	0.027423739433288574	0.0	1.0203158855438232	0.012145712971687317	0.797818124294281	0.0	0.0	0.48020344972610474	0.7377486228942871	0.5901530385017395	0.603600025177002	1.3105247020721436	0.36257320642471313	0.5787844061851501	1.2264071702957153	0.0	0.0	0.9957250356674194	3.06404972076416	1.3306727409362793	0.0	2.0449421405792236	0.0	1.3583647012710571	0.0	0.0	0.0	1.7939438819885254	1.8141120672225952	0.0	1.1257206201553345	0.0	1.7139487266540527
0.5834760665893555	0.0	0.0	0.0	0.40863925218582153	0.0	1.638749599456787	0.9193326234817505	0.0	1.3101813793182373	0.5823326110839844	0.0	0.0	0.36555740237236023	0.36630183458328247	0.0	1.7245858907699585	0.42940211296081543	1.4241188764572144	1.3612170219421387	1.114474892616272	0.0	0.0	0.9798282980918884	0.9462399482727051	1.4211792945861816	0.0	0.5921167731285095	0.7913862466812134	0.0	0.0	0.0	0.0	1.2728917598724365	0.8051983118057251	1.0531595945358276	0.0	0.12152665108442307	0.37561294436454773	0.9035152196884155	0.46986642479896545	1.1126353740692139	1.2324100732803345	0.2971338927745819	0.6140402555465698	1.317421317100525	0.0	0.0	0.8153129816055298	2.5246098041534424	2.0093183517456055	0.0	2.0080316066741943	0.0	1.4391543865203857	0.0	0.0	0.0	1.9408302307128906	2.022481679916382	0.0	0.3845214247703552	0.0	1.7299216985702515
0.42586687207221985	0.0	0.1712997555732727	0.0	0.37570610642433167	0.0	1.5708835124969482	0.6703168153762817	0.0	1.2322558164596558	0.7966688275337219	0.0	0.0	0.713627815246582	0.28858035802841187	0.0	1.3171054124832153	0.6743993163108826	1.636229395866394	1.3524645566940308	0.9873612523078918	0.0	0.0	0.9577869772911072	1.3092193603515625	1.3135522603988647	0.0	0.5334690809249878	0.772143542766571	0.0	0.0	0.0	0.0	1.4049804210662842	0.19008615612983704	0.9119936227798462	0.0	0.06975192576646805	0.45647358894348145	0.9381526708602905	0.7448822855949402	1.293920874595642	1.3465369939804077	0.302926629781723	0.7881222367286682	1.0649510622024536	0.0	0.0	1.0775368213653564	2.5203938484191895	1.598919153213501	0.0	2.09073805809021	0.0	1.3392399549484253	0.0	0.0	0.0	2.3847763538360596	2.1153573989868164	0.0	0.6374053955078125	0.23323577642440796	1.6780253648757935
0.006625293288379908	0.0	0.06017586588859558	0.0	0.5740070939064026	0.0	1.2954514026641846	0.6794795989990234	0.0	1.3171194791793823	0.8488662242889404	0.0	0.0	0.9973966479301453	0.4392404556274414	0.0	1.4126777648925781	0.7337242960929871	2.169257402420044	1.884006142616272	1.2098095417022705	0.0	0.0	0.6552865505218506	1.0672451257705688	0.6517646908760071	0.0	0.005598695483058691	0.9385857582092285	0.20182792842388153	0.0	0.2106073498725891	0.0	1.425064206123352	0.23308561742305756	0.6326784491539001	0.0	0.0	0.1410151720046997	0.9204442501068115	0.25612252950668335	1.333533763885498	1.458759069442749	0.43089333176612854	0.934309184551239	1.2514002323150635	0.0	0.0	0.9441507458686829	1.755004644393921	1.850941777229309	0.0	2.0498414039611816	0.0	1.0237925052642822	0.0	0.0	0.0	2.384549856185913	2.183473825454712	0.0	0.5452468991279602	0.1399737149477005	1.7493163347244263
0.5813924074172974	0.0	0.2742936611175537	0.0	0.5302459597587585	0.0	1.6488276720046997	0.5925869345664978	0.0	0.9813507199287415	0.7139397859573364	0.0	0.0	0.30478227138519287	0.0807211846113205	0.0	1.4778410196304321	0.2873254716396332	1.4395155906677246	1.124239206314087	0.8953503966331482	0.0	0.0	0.7115671038627625	1.10263192653656	1.650609016418457	0.0	0.7092029452323914	0.7086830139160156	0.02891254797577858	0.0	0.0	0.0	1.393838882446289	0.014999302104115486	1.0291838645935059	0.0	0.0	0.7427992224693298	0.7195213437080383	0.6556044816970825	0.9944114089012146	1.1910616159439087	0.41938355565071106	0.5835738778114319	1.215283989906311	0.0	0.0	1.1489834785461426	2.7238409519195557	1.51100754737854	0.0	2.3697495460510254	0.0	1.2912627458572388	0.0	0.0	0.0	2.0456743240356445	2.1717519760131836	0.21216383576393127	0.7073242664337158	0.0	1.888066291809082
0.16821640729904175	0.0	0.25409436225891113	0.0	0.15097831189632416	0.12936562299728394	0.8575517535209656	0.4371893107891083	0.0	1.1074700355529785	1.085028052330017	0.0	0.0	1.4897691011428833	0.4103397727012634	0.04381006956100464	1.457899570465088	0.9664574861526489	2.5006091594696045	1.9794999361038208	1.397031545639038	0.0	0.5232154726982117	0.5468305945396423	1.4014066457748413	0.19855277240276337	0.0	0.0	0.9026203751564026	0.3230871260166168	0.0	0.31802186369895935	0.0	1.273654818534851	0.4045863151550293	0.056138407438993454	0.0	0.0	0.09333094954490662	0.7406501770019531	0.21477624773979187	0.842145562171936	1.4016904830932617	0.5013464689254761	0.9899910688400269	1.0724889039993286	0.0	0.0	1.0344241857528687	1.5300827026367188	1.9419162273406982	0.0	1.9213963747024536	0.0	0.9370802044868469	0.0	0.0	0.0	2.47888445854187	2.348543405532837	0.0	0.7408207058906555	0.2945749759674072	2.0528807640075684
0.11956974118947983	0.0	0.1047786995768547	0.0	0.8276695609092712	0.0	1.5350950956344604	0.8553416728973389	0.0	1.2959522008895874	1.0558397769927979	0.0	0.0	0.6399111151695251	0.39819857478141785	0.07935693860054016	1.769338607788086	0.445404052734375	1.9423468112945557	1.4789496660232544	0.9387200474739075	0.0	0.038528092205524445	1.2498760223388672	0.8577523827552795	1.0960012674331665	0.0	0.6665123701095581	0.6876317262649536	0.0	0.0	0.411124050617218	0.0	0.9130829572677612	0.19475381076335907	0.6742323040962219	0.0	0.0	0.41864603757858276	0.9809671640396118	0.4803728759288788	0.7187569737434387	1.4713064432144165	0.43663468956947327	0.9827421307563782	1.1593647003173828	0.0	0.0	0.9538543224334717	2.68428373336792	1.4281432628631592	0.0	2.45839786529541	0.0	1.7393107414245605	0.0	0.0	0.0	2.068094253540039	1.8708313703536987	0.0	1.1551706790924072	0.17057891190052032	1.8939355611801147
0.0738036260008812	0.0	0.28465506434440613	0.0	0.39685505628585815	0.0	1.3736323118209839	0.5864433646202087	0.0	1.2163299322128296	0.9809820652008057	0.0	0.0	1.4963306188583374	0.46641209721565247	0.0	1.4630883932113647	1.0854682922363281	2.3383305072784424	1.926473617553711	1.1525776386260986	0.0	0.15450063347816467	0.9584247469902039	1.0755300521850586	0.11723905801773071	0.0	0.056687358766794205	1.0069960355758667	0.42039036750793457	0.0	0.03557199984788895	0.0	1.236727237701416	0.10589727759361267	0.25130337476730347	0.0	0.0	0.09322056919336319	0.6738825440406799	0.4579969346523285	0.8590112924575806	1.7363265752792358	0.5669998526573181	1.2151821851730347	1.2196388244628906	0.0	0.0	0.9069774746894836	1.410720705986023	1.823593258857727	0.0	1.8304206132888794	0.0	0.809343159198761	0.0	0.0	0.0	2.4451870918273926	2.1853013038635254	0.0	0.5437484979629517	0.33642175793647766	1.8246848583221436
0.6855548024177551	0.0	0.17425596714019775	0.0	0.5990559458732605	0.0	1.3892923593521118	0.08488510549068451	0.0	0.9005106687545776	0.6768732666969299	0.0	0.0	0.17417383193969727	0.1458422690629959	0.6925782561302185	1.8046327829360962	0.38339120149612427	1.053093433380127	1.2792882919311523	0.9603773355484009	0.0	0.3863556981086731	1.3351284265518188	0.790031373500824	1.5603135824203491	0.0	0.995268702507019	0.5542481541633606	0.0	0.0	0.0	0.0	1.1498308181762695	0.0	1.0372480154037476	0.0	0.0	0.4377592206001282	1.2511036396026611	0.5444915890693665	0.31902748346328735	1.3343709707260132	0.403260737657547	0.8003622889518738	1.0976847410202026	0.0	0.0	0.7994765043258667	2.8865582942962646	1.068513035774231	0.0	2.331225633621216	0.0	1.307675838470459	0.0	0.0	0.0	1.9541637897491455	1.8322834968566895	0.0	1.3870997428894043	0.14523270726203918	1.5935494899749756
0.40356969833374023	0.0	0.3235941231250763	0.0	0.6290477514266968	0.0	1.6407667398452759	0.554904580116272	0.0	1.133338451385498	0.772859513759613	0.0	0.0	0.44055747985839844	0.16397489607334137	0.11170173436403275	1.4346705675125122	0.8273075222969055	1.8347190618515015	1.2508212327957153	0.8584111928939819	0.0	0.0793260931968689	1.384567379951477	0.3439270853996277	1.1758931875228882	0.0	0.534385085105896	1.1276201009750366	0.0	0.0	0.5908738374710083	0.0	1.3439587354660034	0.11038815975189209	0.8680068850517273	0.0	0.0	0.3375433087348938	0.9993024468421936	0.551146388053894	1.1815965175628662	1.5403205156326294	0.4888065755367279	0.7385960817337036	1.2944433689117432	0.0	0.0	1.2590750455856323	2.634523868560791	1.65894615650177	0.0	2.423826217651367	0.0	1.2721384763717651	0.0	0.0	0.0	2.240858793258667	1.790770411491394	0.0	0.9452572464942932	0.2665896415710449	1.9808342456817627
0.5740095973014832	0.0	0.33319091796875	0.0	0.6632975339889526	0.44573429226875305	1.1850029230117798	0.6378709077835083	0.0	1.2037912607192993	0.909030556678772	0.0	0.0	1.1492469310760498	0.718658983707428	0.0	1.59077787399292	1.5504391193389893	2.152925491333008	2.001432180404663	1.532804012298584	0.0	0.0009059518342837691	0.37296953797340393	1.523579478263855	0.5601707696914673	0.0	0.385820209980011	0.6814974546432495	0.25022655725479126	0.0	0.06161012873053551	0.0	1.2382405996322632	0.12865516543388367	0.4479129910469055	0.0	0.0	0.7414737343788147	0.8309944272041321	0.365325391292572	0.4082869291305542	1.2507950067520142	0.3222290873527527	0.7411052584648132	1.2721740007400513	0.0	0.0	1.0225765705108643	1.7557746171951294	1.7795426845550537	0.0	2.310091733932495	0.0	0.8546649217605591	0.0	0.0	0.0	2.0519371032714844	2.2614290714263916	0.0	0.6044565439224243	0.0	1.8544812202453613
0.12885652482509613	0.042463332414627075	0.2728774845600128	0.0	0.464913547039032	0.0	1.3081870079040527	0.8892560005187988	0.0	1.1689788103103638	1.183393120765686	0.0	0.0	1.319618821144104	0.47803595662117004	0.0	1.3149627447128296	1.3503581285476685	2.083712100982666	1.8143807649612427	1.233325481414795	0.0	0.0	0.4860943853855133	1.5047876834869385	0.9361485242843628	0.0	0.0	0.6733748912811279	0.38141506910324097	0.0	0.13265813887119293	0.0	1.2722350358963013	0.5169982314109802	0.590566098690033	0.0	0.0	0.5965269207954407	0.9445794224739075	0.42694368958473206	0.8512961864471436	1.4011915922164917	0.3342881202697754	0.7672673463821411	1.1182546615600586	0.0	0.0	1.1446386575698853	2.0531973838806152	1.8077579736709595	0.0	2.10495924949646	0.0	0.8566080331802368	0.0	0.0	0.0	2.38327956199646	2.3815362453460693	0.08469530194997787	0.49415332078933716	0.2507084906101227	1.9450030326843262
0.23753269016742706	0.0	0.38799166679382324	0.1769014596939087	0.9942988753318787	1.7466094493865967	1.4721509218215942	0.5010057687759399	0.0	1.4051812887191772	0.9699751734733582	0.0	0.0	0.7695115804672241	0.0	0.0	1.5723143815994263	0.7199496626853943	2.09554386138916	1.4219962358474731	0.7650169134140015	0.0	0.15883629024028778	1.309587001800537	0.6308777928352356	1.4664266109466553	0.0	0.6470314860343933	0.8535661101341248	0.0	0.0	1.2768688201904297	0.0	1.4872760772705078	0.1912725865840912	0.48596256971359253	0.029055360704660416	0.09933163970708847	0.3044249713420868	1.4999420642852783	0.6010279059410095	1.1068532466888428	1.45573091506958	0.4376794993877411	0.7187643051147461	1.3072997331619263	0.0	0.0	0.84772789478302	2.484250545501709	1.74343740940094	0.0	1.7138878107070923	0.0	1.3236051797866821	0.0	0.0	0.0	2.3404574394226074	2.4765820503234863	0.0	1.2658791542053223	0.12858040630817413	2.088778018951416
0.4948940575122833	0.0	0.09585361182689667	0.0	0.7053905129432678	0.09741625189781189	1.596347451210022	0.6299167275428772	0.0	0.836653470993042	0.6172077655792236	0.0	0.0	0.3329918086528778	0.09650077670812607	0.0	1.3473862409591675	0.12711593508720398	1.371900200843811	1.1068377494812012	0.8411016464233398	0.0	0.0	1.056674838066101	0.9528937339782715	1.8833253383636475	0.0	0.5164623260498047	0.560607373714447	0.0	0.0	0.0	0.0	1.2982112169265747	0.243221253156662	1.238065242767334	0.0	0.0	0.3615630269050598	1.172477126121521	0.6568458080291748	0.7423524260520935	1.1184017658233643	0.2637444734573364	0.8256866335868835	1.104999303817749	0.0	0.0	1.087427020072937	3.2400710582733154	1.3213598728179932	0.0	2.383653163909912	0.0	1.3974685668945312	0.0	0.0	0.08148536086082458	2.214493989944458	1.977640151977539	0.0	0.7388781309127808	0.0662451982498169	1.44083833694458
0.15946504473686218	0.0	0.0	0.0	0.22497564554214478	0.007530685514211655	1.3203486204147339	0.4579327702522278	0.0	0.9999632835388184	1.2086310386657715	0.0	0.0	1.216805100440979	0.35706764459609985	0.0	1.4325000047683716	0.47214388847351074	2.026341438293457	1.7957819700241089	1.1729352474212646	0.0	0.0	0.7504701614379883	0.8736067414283752	0.9097685217857361	0.0	0.3995431959629059	0.9449028968811035	0.26709577441215515	0.0	0.11965014040470123	0.0	1.4170119762420654	0.06730873882770538	0.3627418577671051	0.0	0.0	0.06531435996294022	0.9449988603591919	0.40249478816986084	0.7319239974021912	1.3913921117782593	0.44507938623428345	0.7070545554161072	1.2005071640014648	0.0	0.0	0.9421044588088989	1.8948640823364258	1.584175944328308	0.0	2.1887898445129395	0.0	0.9400447607040405	0.0	0.0	0.0	2.3441996574401855	2.269362449645996	0.0	0.8493903279304504	0.22393794357776642	2.008258104324341
0.21344676613807678	0.0	0.0	0.0	0.3296705484390259	0.0	1.1663134098052979	0.6816713809967041	0.0	1.174527883529663	1.0176960229873657	0.0	0.0	1.1876683235168457	0.3306247889995575	0.0	1.2262983322143555	1.0725544691085815	2.004208564758301	1.7578508853912354	1.2549635171890259	0.0	0.0	0.8488406538963318	1.0576406717300415	0.7678560614585876	0.0	0.01673063263297081	0.9035040140151978	0.0	0.0	0.10370034724473953	0.0	1.4213696718215942	0.16929224133491516	0.5456390380859375	0.0	0.0	0.52675461769104	0.8111689686775208	0.47963476181030273	0.6534656882286072	1.7575358152389526	0.3912380635738373	0.7018784284591675	1.1171923875808716	0.0	0.0	1.1489158868789673	1.9201583862304688	1.4748108386993408	0.0	2.1525778770446777	0.0	0.7813697457313538	0.0	0.0	0.0	2.1917614936828613	2.225592613220215	0.0	0.7322889566421509	0.2004053145647049	2.124234914779663
0.16730868816375732	0.0	0.260986864566803	0.0	0.6004543900489807	0.2802664339542389	1.0578290224075317	1.1661816835403442	0.0	1.3064676523208618	1.0519869327545166	0.0	0.0	1.208491563796997	0.8432469367980957	0.0	1.2320879697799683	1.4630759954452515	2.2401206493377686	1.9474132061004639	1.342987060546875	0.0	0.0	0.5702279806137085	1.5456653833389282	0.49700090289115906	0.0	0.3339534401893616	0.9703255295753479	0.27368149161338806	0.0	0.0	0.0	1.4380241632461548	0.22930002212524414	0.3954801857471466	0.0	0.0	0.7682543992996216	0.666244387626648	0.3697734773159027	0.4453270137310028	1.360121726989746	0.2839118540287018	0.6821019649505615	1.1055675745010376	0.0	0.0	0.9269240498542786	1.6857105493545532	2.031924247741699	0.0	2.048987627029419	0.0	0.7723227143287659	0.0	0.0	0.0	2.126509189605713	2.2146031856536865	0.0	0.16232550144195557	0.02057795599102974	1.9401636123657227
0.45410075783729553	0.0	0.10344601422548294	0.0	0.2509115934371948	0.0	1.4278689622879028	0.26470986008644104	0.0	0.8931909203529358	0.7393147945404053	0.0	0.0	0.7157322764396667	0.4990372657775879	0.0	1.3223817348480225	0.6780382394790649	1.3652008771896362	1.487931489944458	0.9863398671150208	0.0	0.0	1.1416860818862915	0.9179513454437256	0.8998730778694153	0.0	0.5001404881477356	0.754602313041687	0.01904444582760334	0.0	0.0	0.0	1.1722424030303955	0.0	0.7013651728630066	0.0	0.0	0.2898499369621277	0.8625521659851074	0.5799065828323364	0.6402073502540588	1.5247858762741089	0.28765225410461426	0.7976886630058289	1.0843690633773804	0.0	0.0	1.0622310638427734	2.2120449542999268	1.516495943069458	0.0	2.179936647415161	0.0	1.3536943197250366	0.0	0.0	0.0	2.135251998901367	1.9974085092544556	0.0	0.5487707853317261	0.25452160835266113	1.9253334999084473
0.8426406383514404	0.0	0.30811363458633423	0.0	0.8461810350418091	0.06987456977367401	1.6858983039855957	0.3606313169002533	0.0	0.951173722743988	0.8537297248840332	0.0	0.0	0.11428636312484741	0.30087313055992126	0.0	1.7422429323196411	0.5543641448020935	1.439465045928955	1.2217317819595337	1.2261384725570679	0.0	0.0	0.7574220895767212	0.8974206447601318	1.4531508684158325	0.0	0.6565255522727966	0.510466456413269	0.0	0.0	0.0	0.0	1.1410932540893555	0.0	0.8694903254508972	0.0	0.0	0.695225179195404	0.9489715099334717	0.5232300758361816	0.12858013808727264	1.356459379196167	0.38330987095832825	0.6361871361732483	1.1999452114105225	0.0	0.0	0.75713050365448	2.785966157913208	1.0518615245819092	0.0	1.8007762432098389	0.0	1.3793524503707886	0.0	0.0	0.0	2.1556010246276855	2.0871329307556152	0.0	0.8579785823822021	0.0	1.428879976272583
