1.2558746337890625	0.44654393196105957	0.0	0.9227135181427002	0.0	0.0	2.511808395385742	0.0	0.6969226598739624	0.0	0.0	0.0	0.44321054220199585	0.0	0.0	0.8233866691589355	0.3978467881679535	0.4694799482822418	0.6866229772567749	0.13156592845916748	0.6063498854637146	0.3549802005290985	0.0	0.5422083139419556	1.367201328277588	0.3128867745399475	0.0	0.0	0.0	0.3905242085456848	0.0	0.6672507524490356	0.0	0.0	0.0	0.852372407913208	0.40850692987442017	0.6772851943969727	1.170943260192871	0.725848913192749	0.24865742027759552	0.647765576839447	1.2981696128845215	0.0	0.0	0.0	0.3788391351699829	0.0	0.0	1.471529483795166	0.36561310291290283	0.0	0.0	0.43468087911605835	1.3405603170394897	0.44042178988456726	0.0	1.2987136840820312	0.44859740138053894	0.28108254075050354	0.0	0.0	0.0	0.5091454386711121
1.216039776802063	0.4411056637763977	0.0	0.8366312384605408	0.0	0.0	2.4831247329711914	0.0	0.6644833087921143	0.0	0.0	0.0	0.3891466557979584	0.0	0.0	0.7932487726211548	0.31660667061805725	0.48196542263031006	0.6830486059188843	0.1088968813419342	0.5348114371299744	0.3778940737247467	0.0	0.5309193134307861	1.376691460609436	0.2948518693447113	0.0	0.0	0.0	0.40215781331062317	0.0	0.7053085565567017	0.0	0.0	0.0	0.8955925107002258	0.24955861270427704	0.7262871861457825	1.1833852529525757	0.728203296661377	0.2685329020023346	0.644151508808136	1.2983245849609375	0.0	0.0	0.0	0.3493763506412506	0.0	0.0	1.3535869121551514	0.4335786700248718	0.0	0.0	0.44427451491355896	1.3269423246383667	0.4318513572216034	0.0	1.286085844039917	0.3683333098888397	0.27853715419769287	0.0	0.0	0.0	0.5185138583183289
1.2128721475601196	0.44214150309562683	0.0	0.9165482521057129	0.0	0.0	2.5180165767669678	0.0	0.727850079536438	0.0	0.0	0.0	0.3959551453590393	0.0	0.0	0.7750128507614136	0.32871684432029724	0.4711624085903168	0.6858389973640442	0.15586183965206146	0.5436156988143921	0.35921812057495117	0.0	0.5670154690742493	1.3831616640090942	0.3019696772098541	0.0	0.0	0.0	0.38236501812934875	0.0	0.6738251447677612	0.0	0.0	0.0	0.8636236190795898	0.29821643233299255	0.7703683376312256	1.1789681911468506	0.7112420797348022	0.2797517776489258	0.6587246060371399	1.3091652393341064	0.0	0.0	0.0	0.3465716242790222	0.0	0.0	1.3593122959136963	0.3803323805332184	0.0	0.0	0.5174989700317383	1.357215404510498	0.44575947523117065	0.0	1.2891476154327393	0.40482091903686523	0.2895979583263397	0.0	0.0	0.0	0.5561026334762573
1.2030428647994995	0.45153939723968506	0.0	0.8407549262046814	0.0	0.0	2.524946689605713	0.0	0.6887778639793396	0.0	0.0	0.0	0.3978390097618103	0.0	0.0	0.7633949518203735	0.3372792601585388	0.4782792031764984	0.6848250031471252	0.11013004928827286	0.5515275001525879	0.38030293583869934	0.0	0.48717957735061646	1.376997470855713	0.31124764680862427	0.0	0.0	0.0	0.36363089084625244	0.0	0.6889076232910156	0.0	0.0	0.0	0.848266065120697	0.23980827629566193	0.7154071927070618	1.1671956777572632	0.6996363997459412	0.2532992362976074	0.6273487210273743	1.2891829013824463	0.0	0.0	0.0	0.3481979966163635	0.0	0.0	1.3411420583724976	0.38015902042388916	0.0	0.0	0.41492581367492676	1.3141379356384277	0.4559216797351837	0.0	1.2723593711853027	0.3837077021598816	0.2988627851009369	0.0	0.0	0.0	0.5317157506942749
1.2111490964889526	0.4772464632987976	0.0	0.8308899998664856	0.0	0.0	2.4550254344940186	0.0	0.6630539298057556	0.0	0.0	0.0	0.38756072521209717	0.0	0.0	0.782433807849884	0.3910205364227295	0.5234050750732422	0.6936589479446411	0.1619764268398285	0.535993218421936	0.36966800689697266	0.0	0.48025229573249817	1.428718090057373	0.3135909140110016	0.0	0.0	0.0	0.36812081933021545	0.0	0.6631131172180176	0.0	0.0	0.0	0.8677482008934021	0.21573124825954437	0.6958059668540955	1.1715807914733887	0.7071605920791626	0.28190770745277405	0.6497477293014526	1.3003871440887451	0.0	0.0	0.0	0.36676475405693054	0.0	0.0	1.371695876121521	0.39633116126060486	0.0	0.0	0.41593173146247864	1.3806774616241455	0.451203316450119	0.0	1.2975146770477295	0.41513922810554504	0.3212814927101135	0.0	0.0	0.0	0.5358412265777588
1.2426353693008423	0.45298758149147034	0.0	0.8167557120323181	0.0	0.0	2.4981606006622314	0.0	0.7059719562530518	0.0	0.0	0.0	0.36208418011665344	0.0	0.0	0.7693455219268799	0.34725281596183777	0.46937501430511475	0.6735683679580688	0.1095493957400322	0.5642412304878235	0.36311665177345276	0.0	0.48747721314430237	1.3844050168991089	0.31536927819252014	0.0	0.0	0.0	0.36822134256362915	0.0	0.6643046140670776	0.0	0.0	0.0	0.8679497838020325	0.21583424508571625	0.6983696818351746	1.1751056909561157	0.7159788012504578	0.3314528167247772	0.6208950281143188	1.331476092338562	0.0	0.0	0.0	0.35294854640960693	0.0	0.0	1.3404213190078735	0.36766237020492554	0.0	0.0	0.46448737382888794	1.3637088537216187	0.43942999839782715	0.0	1.3052983283996582	0.3652573525905609	0.2638091444969177	0.0	0.0	0.0	0.5235098600387573
1.2609615325927734	0.5073252320289612	0.0	0.8734114170074463	0.0	0.0	2.5171971321105957	0.0	0.6671093106269836	0.0	0.0	0.0	0.394191175699234	0.0	0.0	0.8085582256317139	0.32142165303230286	0.4745595455169678	0.662070095539093	0.12010849267244339	0.5607559680938721	0.37207362055778503	0.0	0.5125580430030823	1.439634919166565	0.3121478855609894	0.0	0.0	0.0	0.37408262491226196	0.0	0.669625997543335	0.0	0.0	0.0	0.8872256875038147	0.3949272632598877	0.7204782962799072	1.1725143194198608	0.6970859169960022	0.27769705653190613	0.6682325601577759	1.29253089427948	0.0	0.0	0.0	0.38510051369667053	0.0	0.0	1.3603585958480835	0.5058981776237488	0.0	0.0	0.435030460357666	1.379400372505188	0.4427219331264496	0.0	1.330698013305664	0.3876199424266815	0.30239996314048767	0.0	0.0	0.0	0.547731339931488
1.2280515432357788	0.44102925062179565	0.0	0.8408212065696716	0.0	0.0	2.5220675468444824	0.0	0.6579704284667969	0.0	0.0	0.0	0.3736298382282257	0.0	0.0	0.7743431329727173	0.310748428106308	0.48885220289230347	0.6920229196548462	0.1500951498746872	0.5233855247497559	0.3591313660144806	0.0	0.4722798466682434	1.4217230081558228	0.2993870973587036	0.0	0.0	0.0	0.36916977167129517	0.0	0.6478637456893921	0.0	0.0	0.0	0.8551979064941406	0.23870882391929626	0.6995348334312439	1.183540940284729	0.7026118040084839	0.2472943812608719	0.6295077204704285	1.293870210647583	0.0	0.0	0.0	0.35410910844802856	0.0	0.0	1.342118501663208	0.47112762928009033	0.0	0.0	0.4182267189025879	1.3472882509231567	0.45073202252388	0.0	1.305191993713379	0.37301105260849	0.28742775321006775	0.0	0.0	0.0	0.4986521899700165
1.2380270957946777	0.47211703658103943	0.0	0.9520384669303894	0.0	0.0	2.618657112121582	0.0	0.669535756111145	0.0	0.0	0.0	0.37519463896751404	0.0	0.0	0.737196147441864	0.3232051432132721	0.4584672451019287	0.6802495718002319	0.13907009363174438	0.5095958113670349	0.3709588348865509	0.0	0.5948390364646912	1.3585216999053955	0.32117220759391785	0.0	0.0	0.0	0.40682995319366455	0.0	0.6496513485908508	0.0	0.0	0.0	0.8756120204925537	0.29659318923950195	0.7216742038726807	1.2222977876663208	0.7350576519966125	0.2651054263114929	0.6555023193359375	1.300199270248413	0.0	0.0	0.0	0.3408653140068054	0.0	0.0	1.3171405792236328	0.342707097530365	0.0	0.0	0.5182858109474182	1.3379958868026733	0.4286448061466217	0.0	1.2930986881256104	0.384394109249115	0.2589327096939087	0.0	0.0	0.0	0.5071344971656799
1.20671546459198	0.4562595784664154	0.0	0.8288683891296387	0.0	0.0	2.4851772785186768	0.0	0.6567959189414978	0.0	0.0	0.0	0.407306969165802	0.0	0.0	0.7669569849967957	0.38762831687927246	0.502095103263855	0.6971336007118225	0.10981958359479904	0.5331939458847046	0.3778649866580963	0.0	0.5079944729804993	1.3560292720794678	0.30969974398612976	0.0	0.0	0.0	0.38871970772743225	0.0	0.6730282306671143	0.0	0.0	0.0	0.92549067735672	0.24972181022167206	0.6897315979003906	1.1632351875305176	0.7086126804351807	0.29545459151268005	0.6508857607841492	1.3318085670471191	0.0	0.0	0.0	0.3791155219078064	0.0	0.0	1.3964307308197021	0.4208979606628418	0.0	0.0	0.4464433491230011	1.3192764520645142	0.46145498752593994	0.0	1.278088092803955	0.39437079429626465	0.3085471987724304	0.0	0.0	0.0	0.5140538215637207
1.223455786705017	0.4413091540336609	0.0	0.8484150171279907	0.0	0.0	2.4760570526123047	0.0	0.6529712677001953	0.0	0.0	0.0	0.3991158604621887	0.0	0.0	0.7593081593513489	0.361240953207016	0.47854316234588623	0.6699754595756531	0.12502628564834595	0.5252310633659363	0.37783893942832947	0.0	0.5303995013237	1.3887748718261719	0.3466544449329376	0.0	0.0	0.0	0.3816165626049042	0.0	0.6594918966293335	0.0	0.0	0.0	0.8879784941673279	0.37983161211013794	0.7144814729690552	1.1704670190811157	0.6997857093811035	0.3703550696372986	0.6619175672531128	1.3084906339645386	0.0	0.0	0.0	0.36261314153671265	0.0	0.0	1.347389578819275	0.42455679178237915	0.0	0.0	0.41535794734954834	1.3262393474578857	0.43852201104164124	0.0	1.28117036819458	0.40884190797805786	0.24472056329250336	0.0	0.0	0.0	0.4877486228942871
1.2429089546203613	0.436702698469162	0.0	0.8150614500045776	0.0	0.0	2.489034414291382	0.0	0.6382755637168884	0.0	0.0	0.0	0.4118700325489044	0.0	0.0	0.7480412125587463	0.33971187472343445	0.46910399198532104	0.6966527104377747	0.11423461139202118	0.5215465426445007	0.3867999315261841	0.0	0.4663485884666443	1.350276231765747	0.3181118369102478	0.0	0.0	0.0	0.41915181279182434	0.0	0.6564717888832092	0.0	0.0	0.0	0.881171703338623	0.2093701809644699	0.692247748374939	1.1601977348327637	0.7577669024467468	0.25418609380722046	0.6210763454437256	1.291551113128662	0.0	0.0	0.0	0.33705806732177734	0.0	0.0	1.3556770086288452	0.36675992608070374	0.0	0.0	0.43980589509010315	1.3209389448165894	0.42745229601860046	0.0	1.2849401235580444	0.37912601232528687	0.2626780569553375	0.0	0.0	0.0	0.5118677616119385
1.2549052238464355	0.5588109493255615	0.0	0.9413809776306152	0.0	0.0	2.587258815765381	0.0	0.6950008869171143	0.0	0.0	0.0	0.38360118865966797	0.0	0.0	0.7876043319702148	0.30206021666526794	0.5312768816947937	0.7006683945655823	0.1416739523410797	0.535341739654541	0.3757723271846771	0.0	0.58842933177948	1.4242537021636963	0.3063240051269531	0.0	0.0	0.0	0.3953436017036438	0.0	0.6517875790596008	0.0	0.0	0.0	0.9050759673118591	0.2657594680786133	0.7508224248886108	1.203887939453125	0.717871904373169	0.2558717131614685	0.6553382873535156	1.3225535154342651	0.0	0.0	0.0	0.4092252552509308	0.0	0.0	1.3597184419631958	0.38986286520957947	0.0	0.0	0.48148396611213684	1.3633555173873901	0.48408618569374084	0.0	1.3014304637908936	0.40983375906944275	0.29843011498451233	0.0	0.0	0.0	0.5166854858398438
1.2099130153656006	0.4500560462474823	0.0	0.8069494962692261	0.0	0.0	2.484731435775757	0.0	0.6529619693756104	0.0	0.0	0.0	0.39494791626930237	0.0	0.0	0.7587916851043701	0.32792484760284424	0.45511841773986816	0.6786313056945801	0.12791261076927185	0.528570294380188	0.3709818124771118	0.0	0.482936829328537	1.3783223628997803	0.29084208607673645	0.0	0.0	0.0	0.37308356165885925	0.0	0.6517426371574402	0.0	0.0	0.0	0.8723119497299194	0.21804854273796082	0.6946852803230286	1.164501667022705	0.7121583819389343	0.2692081928253174	0.6162298321723938	1.2967172861099243	0.0	0.0	0.0	0.35317108035087585	0.0	0.0	1.3454880714416504	0.3713023066520691	0.0	0.0	0.422755628824234	1.321530818939209	0.4402453601360321	0.0	1.2944765090942383	0.38783884048461914	0.26288819313049316	0.0	0.0	0.0	0.5341453552246094
1.2553784847259521	0.44788625836372375	0.0	0.9324991703033447	0.0	0.0	2.477184772491455	0.0	0.6923132538795471	0.0	0.0	0.0	0.4202920198440552	0.0	0.0	0.845989465713501	0.3498453199863434	0.4490382671356201	0.7090981006622314	0.1127491369843483	0.6088120341300964	0.3653945326805115	0.0	0.5310475826263428	1.4289876222610474	0.317012220621109	0.0	0.0	0.0	0.3877522945404053	0.0	0.6599704027175903	0.0	0.0	0.0	0.8745295405387878	0.220444455742836	0.706838071346283	1.1853550672531128	0.7000824213027954	0.25608476996421814	0.6425527930259705	1.3074992895126343	0.0	0.0	0.0	0.39307644963264465	0.0	0.0	1.3786835670471191	0.40470263361930847	0.0	0.0	0.41633450984954834	1.3406318426132202	0.4637473225593567	0.0	1.306015968322754	0.4751743674278259	0.2945508658885956	0.0	0.0	0.0	0.5115538835525513
1.2067837715148926	0.4564855396747589	0.0	0.8374376893043518	0.0	0.0	2.4922034740448	0.0	0.6527719497680664	0.0	0.0	0.0	0.3631068766117096	0.0	0.0	0.7832858562469482	0.3081371486186981	0.4635941982269287	0.6981188058853149	0.1273607760667801	0.5585187077522278	0.3532635569572449	0.0	0.48878806829452515	1.4062793254852295	0.300098180770874	0.0	0.0	0.0	0.3779120147228241	0.0	0.6461950540542603	0.0	0.0	0.0	0.8365201950073242	0.20906373858451843	0.7010193467140198	1.16683030128479	0.7060027718544006	0.2441432625055313	0.6248970031738281	1.3125272989273071	0.0	0.0	0.0	0.4703716039657593	0.0	0.0	1.3252955675125122	0.4123542308807373	0.0	0.0	0.42137035727500916	1.3369977474212646	0.4311561584472656	0.0	1.3085788488388062	0.36575552821159363	0.2494886964559555	0.0	0.0	0.0	0.4988100230693817
1.2092422246932983	0.44046083092689514	0.0	0.9569510817527771	0.0	0.0	2.5009169578552246	0.0	0.6894006729125977	0.0	0.0	0.0	0.367364764213562	0.0	0.0	0.7673160433769226	0.3760421872138977	0.5035735368728638	0.6847362518310547	0.13664747774600983	0.5223661661148071	0.4020571708679199	0.0	0.5914194583892822	1.37871253490448	0.2931459844112396	0.0	0.0	0.0	0.4105331301689148	0.0	0.647537112236023	0.0	0.0	0.0	0.8582035899162292	0.2941288352012634	0.7707846164703369	1.1790603399276733	0.7433080077171326	0.24804437160491943	0.6371853351593018	1.3110191822052002	0.0	0.0	0.0	0.35224559903144836	0.0	0.0	1.345051884651184	0.3788537383079529	0.0	0.0	0.4871731698513031	1.3341158628463745	0.46187931299209595	0.0	1.2870419025421143	0.363943874835968	0.2611328959465027	0.0	0.0	0.0	0.5089991092681885
1.2062472105026245	0.4343225359916687	0.0	0.8224126696586609	0.0	0.0	2.5025618076324463	0.0	0.7173789143562317	0.0	0.0	0.0	0.44205009937286377	0.0	0.0	0.8365432024002075	0.32919415831565857	0.4447920322418213	0.6669682860374451	0.11996541917324066	0.5974658131599426	0.34654951095581055	0.0	0.5362900495529175	1.4219132661819458	0.30199894309043884	0.0	0.0	0.0	0.36028406023979187	0.0	0.657508373260498	0.0	0.0	0.0	0.842214822769165	0.2593435049057007	0.6887301206588745	1.1797181367874146	0.7114721536636353	0.24556921422481537	0.6051578521728516	1.290740728378296	0.0	0.0	0.0	0.4040118157863617	0.0	0.0	1.4705390930175781	0.3955845534801483	0.0	0.0	0.4005701541900635	1.3280187845230103	0.4446452856063843	0.0	1.2794616222381592	0.4714765250682831	0.30258709192276	0.0	0.0	0.0	0.5180360078811646
1.253161907196045	0.47092539072036743	0.0	0.822893500328064	0.0	0.0	2.532094717025757	0.0	0.6701943874359131	0.0	0.0	0.0	0.37437164783477783	0.0	0.0	0.7884454131126404	0.3237445652484894	0.46624648571014404	0.7054278254508972	0.12625469267368317	0.5347431302070618	0.3714770972728729	0.0	0.49379080533981323	1.367171287536621	0.2975412905216217	0.0	0.0	0.0	0.390251487493515	0.0	0.6526386737823486	0.0	0.0	0.0	0.8448353409767151	0.21745480597019196	0.713356614112854	1.1816600561141968	0.720484733581543	0.24560721218585968	0.6391289830207825	1.2919108867645264	0.0	0.0	0.0	0.3509354293346405	0.0	0.0	1.3291534185409546	0.3838654160499573	0.0	0.0	0.4465225636959076	1.3161218166351318	0.48779526352882385	0.0	1.307389736175537	0.3672153949737549	0.28167983889579773	0.0	0.0	0.0	0.49923333525657654
1.2367191314697266	0.45975297689437866	0.0	0.8292688727378845	0.0	0.0	2.4812581539154053	0.0	0.6594288945198059	0.0	0.0	0.0	0.3976026475429535	0.0	0.0	0.7692667841911316	0.3638371527194977	0.45343536138534546	0.6817162036895752	0.13189132511615753	0.5295330286026001	0.3838939368724823	0.0	0.47611063718795776	1.4274556636810303	0.29292190074920654	0.0	0.0	0.0	0.40168842673301697	0.0	0.6738457679748535	0.0	0.0	0.0	0.8658892512321472	0.2485753297805786	0.6987963914871216	1.1932088136672974	0.7554737329483032	0.24659909307956696	0.6409176588058472	1.2854838371276855	0.0	0.0	0.0	0.3472815155982971	0.0	0.0	1.3804689645767212	0.36560824513435364	0.0	0.0	0.4263571798801422	1.3335564136505127	0.4449014663696289	0.0	1.2973531484603882	0.36783158779144287	0.2535005211830139	0.0	0.0	0.0	0.5108386874198914
1.2494937181472778	0.4641225039958954	0.0	0.9656561613082886	0.0	0.0	2.4971234798431396	0.0	0.6727532148361206	0.0	0.0	0.0	0.39494022727012634	0.0	0.0	0.7698959708213806	0.30197110772132874	0.5326265692710876	0.7582812905311584	0.1563524752855301	0.5370460748672485	0.39142999053001404	0.0	0.5965940356254578	1.4212431907653809	0.3001919090747833	0.0	0.0	0.0	0.4133245348930359	0.0	0.6467314958572388	0.0	0.0	0.0	0.8376629948616028	0.2709372937679291	0.7842427492141724	1.1796461343765259	0.7414329648017883	0.25097498297691345	0.6629368662834167	1.325604796409607	0.0	0.0	0.0	0.3539702892303467	0.0	0.0	1.397560715675354	0.39878037571907043	0.0	0.0	0.4900694787502289	1.3197119235992432	0.49170324206352234	0.0	1.286765456199646	0.37670353055000305	0.2633439600467682	0.0	0.0	0.0	0.5354592204093933
1.2123075723648071	0.48867326974868774	0.0	0.8297151923179626	0.0	0.0	2.493880271911621	0.0	0.6906654834747314	0.0	0.0	0.0	0.38725540041923523	0.0	0.0	0.7725339531898499	0.31396743655204773	0.5146646499633789	0.6822360754013062	0.12127856910228729	0.5476643443107605	0.35168591141700745	0.0	0.5153689384460449	1.3739007711410522	0.36189237236976624	0.0	0.0	0.0	0.3719722330570221	0.0	0.6766641736030579	0.0	0.0	0.0	0.885806679725647	0.4085642695426941	0.7251588702201843	1.2164027690887451	0.7063952088356018	0.2621893286705017	0.6154654622077942	1.2969574928283691	0.0	0.0	0.0	0.34894317388534546	0.0	0.0	1.3808739185333252	0.41048213839530945	0.0	0.0	0.4243183732032776	1.3541566133499146	0.450745552778244	0.0	1.3222770690917969	0.38678956031799316	0.27052879333496094	0.0	0.0	0.0	0.502113401889801
1.2206382751464844	0.4764065742492676	0.0	0.9366586208343506	0.0	0.0	2.5133259296417236	0.0	0.6829774379730225	0.0	0.0	0.0	0.3567121624946594	0.0	0.0	0.7830153703689575	0.3100859224796295	0.46484455466270447	0.6709458827972412	0.12857748568058014	0.5189733505249023	0.38250330090522766	0.0	0.6003985404968262	1.3674110174179077	0.3411039113998413	0.0	0.0	0.0	0.37512388825416565	0.0	0.6403241157531738	0.0	0.0	0.0	0.8528369069099426	0.2566933333873749	0.7681452035903931	1.1570005416870117	0.6943323016166687	0.30560103058815	0.6738969683647156	1.3384885787963867	0.0	0.0	0.0	0.3419940173625946	0.0	0.0	1.358858585357666	0.35745587944984436	0.0	0.0	0.49363404512405396	1.3604893684387207	0.48633942008018494	0.0	1.2814358472824097	0.37952661514282227	0.2513282001018524	0.0	0.0	0.0	0.48717886209487915
1.237504005432129	0.48145562410354614	0.0	0.8642227053642273	0.0	0.0	2.5429091453552246	0.0	0.6719756722450256	0.0	0.0	0.0	0.38808757066726685	0.0	0.0	0.7565995454788208	0.34231361746788025	0.5347604751586914	0.75562983751297	0.12099715322256088	0.5619304776191711	0.42368394136428833	0.0	0.5088198781013489	1.3809123039245605	0.356036901473999	0.0	0.0	0.0	0.37935870885849	0.0	0.7514769434928894	0.0	0.0	0.0	0.8834211230278015	0.28184595704078674	0.7279735803604126	1.1673359870910645	0.7321399450302124	0.28295478224754333	0.6326232552528381	1.288852334022522	0.0	0.0	0.0	0.38462817668914795	0.0	0.0	1.3359190225601196	0.4015367329120636	0.0	0.0	0.5508301258087158	1.3347084522247314	0.4914330840110779	0.0	1.3538134098052979	0.3683691620826721	0.3215053975582123	0.0	0.0	0.0	0.5419682860374451
1.1964794397354126	0.47606155276298523	0.0	0.8247021436691284	0.0	0.0	2.5155136585235596	0.0	0.6715632081031799	0.0	0.0	0.0	0.36028507351875305	0.0	0.0	0.7871575355529785	0.33944323658943176	0.49807870388031006	0.6935315728187561	0.10953647643327713	0.5469834208488464	0.3828381597995758	0.0	0.5035165548324585	1.3685885667800903	0.3064385652542114	0.0	0.0	0.0	0.4029679000377655	0.0	0.6469330787658691	0.0	0.0	0.0	0.8345996737480164	0.22997796535491943	0.7151715755462646	1.1897010803222656	0.7073656320571899	0.26617929339408875	0.6315910816192627	1.2864432334899902	0.0	0.0	0.0	0.36810067296028137	0.0	0.0	1.3166002035140991	0.47972655296325684	0.0	0.0	0.4409428834915161	1.3246713876724243	0.45611152052879333	0.0	1.2961820363998413	0.3747216761112213	0.2754417955875397	0.0	0.0	0.0	0.5162184834480286
1.2028930187225342	0.4381464719772339	0.0	0.8075580596923828	0.0	0.0	2.47879958152771	0.0	0.6880808472633362	0.0	0.0	0.0	0.3737734854221344	0.0	0.0	0.7556009292602539	0.32380950450897217	0.473034143447876	0.667539656162262	0.12909996509552002	0.5300377011299133	0.34504759311676025	0.0	0.47928503155708313	1.3890495300292969	0.28837695717811584	0.0	0.0	0.0	0.3771211504936218	0.0	0.6519349217414856	0.0	0.0	0.0	0.8427987694740295	0.19902455806732178	0.6826124787330627	1.1715350151062012	0.7084681391716003	0.2633105516433716	0.6205810904502869	1.290136694908142	0.0	0.0	0.0	0.36887603998184204	0.0	0.0	1.350878119468689	0.3749252259731293	0.0	0.0	0.4129696786403656	1.3309314250946045	0.4387134611606598	0.0	1.304988980293274	0.362525999546051	0.2605208158493042	0.0	0.0	0.0	0.539218008518219
1.2378937005996704	0.4711347818374634	0.0	0.8326983451843262	0.0	0.0	2.507929563522339	0.0	0.653337836265564	0.0	0.0	0.0	0.3810098171234131	0.0	0.0	0.7840754985809326	0.31255674362182617	0.48977112770080566	0.7151238322257996	0.1097065806388855	0.5281606316566467	0.36621764302253723	0.0	0.5005154609680176	1.3713783025741577	0.29482027888298035	0.0	0.0	0.0	0.37668541073799133	0.0	0.6602807641029358	0.0	0.0	0.0	0.843325674533844	0.2294992357492447	0.7083171010017395	1.189232349395752	0.7174087166786194	0.27706483006477356	0.6484493017196655	1.3081729412078857	0.0	0.0	0.0	0.3471955955028534	0.0	0.0	1.3746116161346436	0.3769800066947937	0.0	0.0	0.42179518938064575	1.3422362804412842	0.46181875467300415	0.0	1.2792857885360718	0.3991149365901947	0.26804468035697937	0.0	0.0	0.0	0.5370261073112488
1.2242927551269531	0.4511609673500061	0.0	0.897546648979187	0.0	0.0	2.5279176235198975	0.0	0.7434310913085938	0.0	0.0	0.0	0.4183606505393982	0.0	0.0	0.7887524962425232	0.33581429719924927	0.4731128215789795	0.6784345507621765	0.1271231472492218	0.586151659488678	0.3722793757915497	0.0	0.5055429935455322	1.3985917568206787	0.34803369641304016	0.0	0.0	0.0	0.38382160663604736	0.0	0.6544184684753418	0.0	0.0	0.0	0.8912005424499512	0.22910752892494202	0.7254512906074524	1.1770881414413452	0.7120531797409058	0.321910560131073	0.6393813490867615	1.2910188436508179	0.0	0.0	0.0	0.3709935247898102	0.0	0.0	1.4202823638916016	0.4897444248199463	0.0	0.0	0.42223986983299255	1.3329589366912842	0.45378178358078003	0.0	1.2858716249465942	0.4328426718711853	0.26830706000328064	0.0	0.0	0.0	0.5099334120750427
1.2276527881622314	0.4608694016933441	0.0	0.8519416451454163	0.0	0.0	2.6122000217437744	0.0	0.7206164598464966	0.0	0.0	0.0	0.4031793475151062	0.0	0.0	0.772456705570221	0.32380998134613037	0.47081276774406433	0.7162858247756958	0.11273101717233658	0.5377722382545471	0.399594783782959	0.0	0.4923745393753052	1.3870996236801147	0.34828251600265503	0.0	0.0	0.0	0.40061455965042114	0.0	0.7154474258422852	0.0	0.0	0.0	0.8839626312255859	0.21859465539455414	0.7240874171257019	1.1831622123718262	0.7369046807289124	0.29708170890808105	0.6467917561531067	1.3358532190322876	0.0	0.0	0.0	0.34601691365242004	0.0	0.0	1.3575717210769653	0.39344528317451477	0.0	0.0	0.5225090980529785	1.3540940284729004	0.48892438411712646	0.0	1.2985962629318237	0.4013199210166931	0.272112637758255	0.0	0.0	0.0	0.48720183968544006
1.2330433130264282	0.45141106843948364	0.0	0.8195939660072327	0.0	0.0	2.4998857975006104	0.0	0.6824752688407898	0.0	0.0	0.0	0.3951070010662079	0.0	0.0	0.7712582349777222	0.3322336673736572	0.47425195574760437	0.6771154999732971	0.11601657420396805	0.5305270552635193	0.39902615547180176	0.0	0.4877997934818268	1.3563834428787231	0.33043092489242554	0.0	0.0	0.0	0.4031495749950409	0.0	0.7160717248916626	0.0	0.0	0.0	0.892400324344635	0.21362793445587158	0.6935303807258606	1.1835745573043823	0.7131119966506958	0.2737700343132019	0.6419716477394104	1.3304040431976318	0.0	0.0	0.0	0.3468904495239258	0.0	0.0	1.3761323690414429	0.39026525616645813	0.0	0.0	0.41751736402511597	1.3233237266540527	0.4779624044895172	0.0	1.2803713083267212	0.37771546840667725	0.32655471563339233	0.0	0.0	0.0	0.48443329334259033
1.2850948572158813	0.42331767082214355	0.0	0.8976625204086304	0.0	0.0	2.4809396266937256	0.0	0.7207489609718323	0.0	0.0	0.0	0.43598657846450806	0.0	0.0	0.827400803565979	0.3397889733314514	0.47934991121292114	0.7121055126190186	0.10768871754407883	0.6095513105392456	0.3677641749382019	0.0	0.5261839032173157	1.4288866519927979	0.3104571998119354	0.0	0.0	0.0	0.3939990997314453	0.0	0.6530824899673462	0.0	0.0	0.0	0.8636769652366638	0.3865415155887604	0.7134853601455688	1.1796860694885254	0.7146947383880615	0.24949783086776733	0.6723074316978455	1.2900208234786987	0.0	0.0	0.0	0.3814431130886078	0.0	0.0	1.4609260559082031	0.35871729254722595	0.0	0.0	0.4112797975540161	1.3917418718338013	0.4530753195285797	0.0	1.3332929611206055	0.3654415011405945	0.30833888053894043	0.0	0.0	0.0	0.5040868520736694
1.2335731983184814	0.48838144540786743	0.0	0.8952706456184387	0.0	0.0	2.5077099800109863	0.0	0.7241490483283997	0.0	0.0	0.0	0.3788163363933563	0.0	0.0	0.7708314061164856	0.3320906460285187	0.4903876781463623	0.6930468082427979	0.11865495890378952	0.5903463959693909	0.39872485399246216	0.0	0.5043573975563049	1.3574227094650269	0.3431106209754944	0.0	0.0	0.0	0.37847697734832764	0.0	0.7140344977378845	0.0	0.0	0.0	0.8634694814682007	0.35062962770462036	0.7122833728790283	1.1648588180541992	0.6987589001655579	0.2651102840900421	0.650158703327179	1.3254039287567139	0.0	0.0	0.0	0.35004717111587524	0.0	0.0	1.3399527072906494	0.36852920055389404	0.0	0.0	0.4357932209968567	1.360465168952942	0.4487190544605255	0.0	1.2868915796279907	0.40660327672958374	0.322557657957077	0.0	0.0	0.0	0.5784727334976196
1.2132729291915894	0.44283655285835266	0.0	0.8381168842315674	0.0	0.0	2.4647769927978516	0.0	0.674849808216095	0.0	0.0	0.0	0.3747888207435608	0.0	0.0	0.7646075487136841	0.32383131980895996	0.4612354338169098	0.6732756495475769	0.1003669947385788	0.5520044565200806	0.3507777750492096	0.0	0.4702293574810028	1.3843709230422974	0.31103405356407166	0.0	0.0	0.0	0.40232473611831665	0.0	0.672819197177887	0.0	0.0	0.0	0.8416271805763245	0.217646524310112	0.6995437741279602	1.1613539457321167	0.699680507183075	0.26447394490242004	0.6097451448440552	1.2966865301132202	0.0	0.0	0.0	0.3511563241481781	0.0	0.0	1.3278809785842896	0.35410580039024353	0.0	0.0	0.4342339336872101	1.3122873306274414	0.4448550343513489	0.0	1.2850921154022217	0.3818870782852173	0.2493816763162613	0.0	0.0	0.0	0.5014750361442566
1.2407867908477783	0.4522891044616699	0.0	0.8458738923072815	0.0	0.0	2.5075831413269043	0.0	0.6675692200660706	0.0	0.0	0.0	0.39424052834510803	0.0	0.0	0.7569925785064697	0.3218752443790436	0.5199496746063232	0.6985619068145752	0.14170493185520172	0.5377487540245056	0.35818904638290405	0.0	0.48702627420425415	1.3897647857666016	0.3618141710758209	0.0	0.0	0.0	0.3804256021976471	0.0	0.6698510646820068	0.0	0.0	0.0	0.8498185276985168	0.3985302746295929	0.7177606821060181	1.1583442687988281	0.7086483836174011	0.309172660112381	0.6380889415740967	1.32801353931427	0.0	0.0	0.0	0.38864150643348694	0.0	0.0	1.3391742706298828	0.3903076648712158	0.0	0.0	0.4400813579559326	1.3123488426208496	0.45486924052238464	0.0	1.2724617719650269	0.41708898544311523	0.25866785645484924	0.0	0.0	0.0	0.503372848033905
1.2208455801010132	0.43303626775741577	0.0	0.8263925313949585	0.0	0.0	2.4970169067382812	0.0	0.6621860265731812	0.0	0.0	0.0	0.38924428820610046	0.0	0.0	0.7850383520126343	0.31419917941093445	0.48265597224235535	0.7111181616783142	0.13220761716365814	0.5316112637519836	0.3605373501777649	0.0	0.5260782837867737	1.408096194267273	0.2858724892139435	0.0	0.0	0.0	0.37104758620262146	0.0	0.6451033353805542	0.0	0.0	0.0	0.8726781010627747	0.2182692587375641	0.7169135808944702	1.1809035539627075	0.7089747190475464	0.23971527814865112	0.6658406257629395	1.310804009437561	0.0	0.0	0.0	0.3863544762134552	0.0	0.0	1.3733006715774536	0.40452471375465393	0.0	0.0	0.4136766791343689	1.3253953456878662	0.45694053173065186	0.0	1.265738844871521	0.39761048555374146	0.25192251801490784	0.0	0.0	0.0	0.49924513697624207
1.2266258001327515	0.4458906054496765	0.0	0.8225701451301575	0.0	0.0	2.490835189819336	0.0	0.6786213517189026	0.0	0.0	0.0	0.3772869408130646	0.0	0.0	0.7525482177734375	0.3654465973377228	0.4729813039302826	0.6798763275146484	0.1156642809510231	0.5628964304924011	0.38967248797416687	0.0	0.502329409122467	1.38462233543396	0.30721667408943176	0.0	0.0	0.0	0.38414251804351807	0.0	0.6930887699127197	0.0	0.0	0.0	0.8549230694770813	0.23321759700775146	0.6934627294540405	1.1787725687026978	0.7096803784370422	0.2907067537307739	0.6095300316810608	1.286643147468567	0.0	0.0	0.0	0.3652116656303406	0.0	0.0	1.3376747369766235	0.3588293790817261	0.0	0.0	0.4456242024898529	1.3409632444381714	0.4503796100616455	0.0	1.3125886917114258	0.3741142451763153	0.28312695026397705	0.0	0.0	0.0	0.49111199378967285
1.24405837059021	0.49189767241477966	0.0	0.9052103161811829	0.0	0.0	2.5489237308502197	0.0	0.6989710927009583	0.0	0.0	0.0	0.40715402364730835	0.0	0.0	0.8240875601768494	0.3087233603000641	0.47475990653038025	0.676787793636322	0.11193867772817612	0.5886409878730774	0.3582836091518402	0.0	0.5134897232055664	1.4094061851501465	0.3830653727054596	0.0	0.0	0.0	0.37220776081085205	0.0	0.6488661766052246	0.0	0.0	0.0	0.8727465271949768	0.2117682248353958	0.7264896631240845	1.1983870267868042	0.7238556146621704	0.35635247826576233	0.6564432382583618	1.3295223712921143	0.0	0.0	0.0	0.36726605892181396	0.0	0.0	1.473832368850708	0.38833194971084595	0.0	0.0	0.4148949980735779	1.3448679447174072	0.4522915780544281	0.0	1.2961843013763428	0.4594556391239166	0.26054754853248596	0.0	0.0	0.0	0.5085070133209229
1.2228195667266846	0.4525951147079468	0.0	0.8485721945762634	0.0	0.0	2.462244987487793	0.0	0.6680984497070312	0.0	0.0	0.0	0.4058248996734619	0.0	0.0	0.7642850875854492	0.3345170319080353	0.49931836128234863	0.7044248580932617	0.12023749202489853	0.5523358583450317	0.3802882134914398	0.0	0.4905385375022888	1.4164588451385498	0.3204953372478485	0.0	0.0	0.0	0.3936535716056824	0.0	0.6678709387779236	0.0	0.0	0.0	0.8579367399215698	0.2049504816532135	0.6851959228515625	1.1703685522079468	0.7408074736595154	0.2517690360546112	0.6297786235809326	1.3324122428894043	0.0	0.0	0.0	0.35775497555732727	0.0	0.0	1.3434873819351196	0.37034931778907776	0.0	0.0	0.4648174047470093	1.3271929025650024	0.4678386449813843	0.0	1.2865782976150513	0.3764040470123291	0.2799747586250305	0.0	0.0	0.0	0.5052881240844727
1.265076994895935	0.4636208713054657	0.0	0.802515983581543	0.0	0.0	2.476081371307373	0.0	0.6541420817375183	0.0	0.0	0.0	0.39022746682167053	0.0	0.0	0.7814120054244995	0.3173758089542389	0.476064532995224	0.6682083606719971	0.14740519225597382	0.5325062870979309	0.36224159598350525	0.0	0.47179603576660156	1.3682849407196045	0.29042524099349976	0.0	0.0	0.0	0.3617686331272125	0.0	0.6755699515342712	0.0	0.0	0.0	0.8510259389877319	0.21648021042346954	0.6859999299049377	1.1914916038513184	0.7070619463920593	0.2548152506351471	0.6506165266036987	1.2976000308990479	0.0	0.0	0.0	0.37614086270332336	0.0	0.0	1.3526571989059448	0.4892909526824951	0.0	0.0	0.4575585126876831	1.326181173324585	0.44861531257629395	0.0	1.2773345708847046	0.4013597071170807	0.3016829490661621	0.0	0.0	0.0	0.51177978515625
1.2379286289215088	0.4425659477710724	0.0	0.8382351994514465	0.0	0.0	2.4628713130950928	0.0	0.701076090335846	0.0	0.0	0.0	0.3805864155292511	0.0	0.0	0.7731755375862122	0.32397136092185974	0.5106341242790222	0.7138966917991638	0.11579546332359314	0.5312345027923584	0.39132410287857056	0.0	0.48022767901420593	1.3580055236816406	0.3330520689487457	0.0	0.0	0.0	0.391189306974411	0.0	0.6796992421150208	0.0	0.0	0.0	0.8683726787567139	0.2121347337961197	0.720905601978302	1.169052004814148	0.7141926288604736	0.2941160798072815	0.621965229511261	1.2898658514022827	0.0	0.0	0.0	0.36119332909584045	0.0	0.0	1.3352619409561157	0.5026178359985352	0.0	0.0	0.4358718693256378	1.3607046604156494	0.4948013722896576	0.0	1.2973437309265137	0.38259005546569824	0.31104403734207153	0.0	0.0	0.0	0.5270729064941406
1.2640125751495361	0.454359769821167	0.0	0.9581173658370972	0.0	0.0	2.4528276920318604	0.0	0.7330738306045532	0.0	0.0	0.0	0.45385560393333435	0.0	0.0	0.8775340914726257	0.3410572409629822	0.47370415925979614	0.7577088475227356	0.1366150677204132	0.6272436380386353	0.42490285634994507	0.0	0.5869868993759155	1.4246402978897095	0.31372323632240295	0.0	0.0	0.0	0.37419769167900085	0.0	0.6585162878036499	0.0	0.0	0.0	0.8939470648765564	0.26414021849632263	0.7571852207183838	1.1875618696212769	0.6952658891677856	0.24063284695148468	0.6662936210632324	1.2852036952972412	0.0	0.0	0.0	0.39701223373413086	0.0	0.0	1.3670727014541626	0.44511568546295166	0.0	0.0	0.4729293882846832	1.3251969814300537	0.4398474395275116	0.0	1.3454465866088867	0.4822542071342468	0.29460883140563965	0.0	0.0	0.0	0.5159692764282227
1.248731017112732	0.4389016330242157	0.0	0.9068607091903687	0.0	0.0	2.540884256362915	0.0	0.7240719199180603	0.0	0.0	0.0	0.4490976631641388	0.0	0.0	0.8283976912498474	0.3326374590396881	0.45394060015678406	0.6770475506782532	0.11229787021875381	0.6085232496261597	0.3542978763580322	0.0	0.5163251757621765	1.375252366065979	0.3254930377006531	0.0	0.0	0.0	0.39999455213546753	0.0	0.6507354378700256	0.0	0.0	0.0	0.8536203503608704	0.40534502267837524	0.7238234281539917	1.1779669523239136	0.7044822573661804	0.24735993146896362	0.667499840259552	1.3039709329605103	0.0	0.0	0.0	0.3773481845855713	0.0	0.0	1.4374700784683228	0.40582147240638733	0.0	0.0	0.42727401852607727	1.350649356842041	0.43617409467697144	0.0	1.3272086381912231	0.45238202810287476	0.2978716790676117	0.0	0.0	0.0	0.5001466274261475
1.2683846950531006	0.4544106721878052	0.0	0.8283584713935852	0.0	0.0	2.5356669425964355	0.0	0.6571967601776123	0.0	0.0	0.0	0.39122769236564636	0.0	0.0	0.8160466551780701	0.3397027254104614	0.468404620885849	0.6829497814178467	0.11121565848588943	0.5566646456718445	0.37117937207221985	0.0	0.47803786396980286	1.38371741771698	0.29563647508621216	0.0	0.0	0.0	0.3903542160987854	0.0	0.6789613366127014	0.0	0.0	0.0	0.9243478775024414	0.22800011932849884	0.763844907283783	1.1891347169876099	0.6989830136299133	0.2489606887102127	0.6715328097343445	1.2982501983642578	0.0	0.0	0.0	0.3579224944114685	0.0	0.0	1.3633739948272705	0.3740687966346741	0.0	0.0	0.4186224341392517	1.3492145538330078	0.4644940197467804	0.0	1.2962737083435059	0.4266943335533142	0.2786349356174469	0.0	0.0	0.0	0.5310930609703064
1.2300691604614258	0.4468643367290497	0.0	0.8464717268943787	0.0	0.0	2.4710018634796143	0.0	0.6800965666770935	0.0	0.0	0.0	0.36988046765327454	0.0	0.0	0.752987265586853	0.32861337065696716	0.46436408162117004	0.681354284286499	0.11813479661941528	0.5515718460083008	0.3630378246307373	0.0	0.48584631085395813	1.3746916055679321	0.3011922538280487	0.0	0.0	0.0	0.3819287419319153	0.0	0.644019365310669	0.0	0.0	0.0	0.8381980061531067	0.39983129501342773	0.6728731393814087	1.1722906827926636	0.7171947360038757	0.2455367147922516	0.61003577709198	1.2725156545639038	0.0	0.0	0.0	0.37312474846839905	0.0	0.0	1.3356908559799194	0.36496904492378235	0.0	0.0	0.473168283700943	1.3143230676651	0.4451636075973511	0.0	1.268858790397644	0.3647368848323822	0.27334749698638916	0.0	0.0	0.0	0.5192750692367554
1.2585984468460083	0.5075939297676086	0.0	0.8095771074295044	0.0	0.0	2.5136983394622803	0.0	0.6854498386383057	0.0	0.0	0.0	0.3906506597995758	0.0	0.0	0.7988086938858032	0.33247095346450806	0.4733036160469055	0.6825201511383057	0.1404065042734146	0.5840694904327393	0.3608740270137787	0.0	0.49843403697013855	1.4103941917419434	0.2992261052131653	0.0	0.0	0.0	0.3719833791255951	0.0	0.6541359424591064	0.0	0.0	0.0	0.8815324306488037	0.2281409353017807	0.720275342464447	1.1828855276107788	0.7396690249443054	0.26686692237854004	0.6498753428459167	1.3041560649871826	0.0	0.0	0.0	0.38545483350753784	0.0	0.0	1.3451192378997803	0.40337851643562317	0.0	0.0	0.41853973269462585	1.3558118343353271	0.4520682394504547	0.0	1.3615379333496094	0.41151687502861023	0.27848491072654724	0.0	0.0	0.0	0.5022649168968201
1.1988152265548706	0.5534312129020691	0.0	0.8220564126968384	0.0	0.0	2.5297532081604004	0.0	0.6634764671325684	0.0	0.0	0.0	0.4090658128261566	0.0	0.0	0.7920506596565247	0.3303345739841461	0.4833439588546753	0.7071980237960815	0.11086054891347885	0.5358421206474304	0.371847003698349	0.0	0.4826005697250366	1.3621128797531128	0.33163800835609436	0.0	0.0	0.0	0.3790524899959564	0.0	0.6582188606262207	0.0	0.0	0.0	0.858634889125824	0.2746211290359497	0.7014510631561279	1.177425742149353	0.7112911343574524	0.2697431743144989	0.650814950466156	1.28763747215271	0.0	0.0	0.0	0.3526695668697357	0.0	0.0	1.33261239528656	0.48476865887641907	0.0	0.0	0.4613129496574402	1.3391879796981812	0.47240516543388367	0.0	1.275529384613037	0.40008968114852905	0.27616873383522034	0.0	0.0	0.0	0.5575155019760132
1.2394953966140747	0.479479044675827	0.0	0.8610705733299255	0.0	0.0	2.539395332336426	0.0	0.68132483959198	0.0	0.0	0.0	0.396938294172287	0.0	0.0	0.7830231189727783	0.31046515703201294	0.5104054808616638	0.7105597853660583	0.1381409913301468	0.5664886832237244	0.3854910135269165	0.0	0.5064079761505127	1.4053937196731567	0.360034316778183	0.0	0.0	0.0	0.38159292936325073	0.0	0.673372209072113	0.0	0.0	0.0	0.8345237374305725	0.2750547528266907	0.7109295725822449	1.1830430030822754	0.7093350291252136	0.30904102325439453	0.6738552451133728	1.330119252204895	0.0	0.0	0.0	0.36158472299575806	0.0	0.0	1.3597991466522217	0.3629787266254425	0.0	0.0	0.43670347332954407	1.3310987949371338	0.46607697010040283	0.0	1.2891292572021484	0.4109392762184143	0.2885693311691284	0.0	0.0	0.0	0.4955173432826996
1.2580349445343018	0.4929051697254181	0.0	0.8228201866149902	0.0	0.0	2.5439047813415527	0.0	0.6759430170059204	0.0	0.0	0.0	0.380795955657959	0.0	0.0	0.8054633736610413	0.3277527093887329	0.4965374767780304	0.6948524117469788	0.1255824863910675	0.5471659302711487	0.36548566818237305	0.0	0.4880509078502655	1.3823565244674683	0.3066187798976898	0.0	0.0	0.0	0.3699031174182892	0.0	0.6902327537536621	0.0	0.0	0.0	0.8462692499160767	0.23786963522434235	0.6976808905601501	1.1730128526687622	0.715796947479248	0.2608790397644043	0.6121684312820435	1.297716498374939	0.0	0.0	0.0	0.3726367950439453	0.0	0.0	1.3746907711029053	0.39648252725601196	0.0	0.0	0.442470520734787	1.3498369455337524	0.4725327491760254	0.0	1.3180352449417114	0.3757714331150055	0.32399746775627136	0.0	0.0	0.0	0.4976670444011688
1.2242785692214966	0.4558563530445099	0.0	0.849795401096344	0.0	0.0	2.4948599338531494	0.0	0.6785909533500671	0.0	0.0	0.0	0.37589266896247864	0.0	0.0	0.7717589735984802	0.31500208377838135	0.4776463806629181	0.6696135401725769	0.1256089210510254	0.5422593355178833	0.3646388649940491	0.0	0.4837952256202698	1.3730361461639404	0.29155170917510986	0.0	0.0	0.0	0.3722812235355377	0.0	0.6664254665374756	0.0	0.0	0.0	0.8559168577194214	0.22030580043792725	0.7231831550598145	1.1716487407684326	0.7054985165596008	0.26856720447540283	0.6292952299118042	1.2910596132278442	0.0	0.0	0.0	0.3597457706928253	0.0	0.0	1.3420456647872925	0.3795951008796692	0.0	0.0	0.42579910159111023	1.317136287689209	0.43524619936943054	0.0	1.2718137502670288	0.38437145948410034	0.2842245101928711	0.0	0.0	0.0	0.496604323387146
1.210904598236084	0.454612135887146	0.0	0.843711793422699	0.0	0.0	2.58860182762146	0.0	0.701166570186615	0.0	0.0	0.0	0.3907797336578369	0.0	0.0	0.7933789491653442	0.3205825090408325	0.4789355397224426	0.6757235527038574	0.13285252451896667	0.5345098972320557	0.371360719203949	0.0	0.49348124861717224	1.400137186050415	0.3226405382156372	0.0	0.0	0.0	0.3860350251197815	0.0	0.6684438586235046	0.0	0.0	0.0	0.853986382484436	0.23439741134643555	0.6985661387443542	1.1757160425186157	0.7099009156227112	0.26115649938583374	0.6366771459579468	1.3456242084503174	0.0	0.0	0.0	0.37786829471588135	0.0	0.0	1.3717180490493774	0.4753783047199249	0.0	0.0	0.444771945476532	1.367318868637085	0.4716840982437134	0.0	1.317742109298706	0.38554254174232483	0.28241783380508423	0.0	0.0	0.0	0.48992860317230225
1.2106684446334839	0.44843897223472595	0.0	0.9645527601242065	0.0	0.0	2.5119216442108154	0.0	0.6823852062225342	0.0	0.0	0.0	0.36755481362342834	0.0	0.0	0.7578408122062683	0.3097049295902252	0.465682715177536	0.6769728660583496	0.14768949151039124	0.540809690952301	0.4053278863430023	0.0	0.6043425798416138	1.3766225576400757	0.3361087441444397	0.0	0.0	0.0	0.370975136756897	0.0	0.6649084687232971	0.0	0.0	0.0	0.8734117746353149	0.30509310960769653	0.792156457901001	1.1765111684799194	0.7230822443962097	0.2637052536010742	0.6628615856170654	1.3461201190948486	0.0	0.0	0.0	0.3632561266422272	0.0	0.0	1.3360207080841064	0.4932275116443634	0.0	0.0	0.49695995450019836	1.3546947240829468	0.4570707678794861	0.0	1.2831364870071411	0.370744913816452	0.2843019366264343	0.0	0.0	0.0	0.500650942325592
1.2071499824523926	0.4996434450149536	0.0	0.8597568869590759	0.0	0.0	2.5532217025756836	0.0	0.66994708776474	0.0	0.0	0.0	0.38317936658859253	0.0	0.0	0.7907936573028564	0.31563684344291687	0.5109984278678894	0.6696875095367432	0.10974407196044922	0.537899911403656	0.3592100739479065	0.0	0.4801713526248932	1.3718080520629883	0.32347533106803894	0.0	0.0	0.0	0.4138844907283783	0.0	0.7135295271873474	0.0	0.0	0.0	0.8634512424468994	0.22269904613494873	0.6985592842102051	1.1616628170013428	0.7005330324172974	0.33804434537887573	0.6150270700454712	1.342353343963623	0.0	0.0	0.0	0.35599038004875183	0.0	0.0	1.35387122631073	0.3630285859107971	0.0	0.0	0.4724883735179901	1.3289575576782227	0.47820666432380676	0.0	1.2903739213943481	0.37978261709213257	0.26935186982154846	0.0	0.0	0.0	0.5170047283172607
1.2009968757629395	0.45045843720436096	0.0	0.8372405171394348	0.0	0.0	2.5256357192993164	0.0	0.6766443848609924	0.0	0.0	0.0	0.37319216132164	0.0	0.0	0.7741646766662598	0.3045169413089752	0.47670498490333557	0.6685367822647095	0.1207536906003952	0.5230270624160767	0.3699869215488434	0.0	0.49526509642601013	1.4207022190093994	0.3047340214252472	0.0	0.0	0.0	0.3730963468551636	0.0	0.664776086807251	0.0	0.0	0.0	0.8522365689277649	0.2147630751132965	0.7157724499702454	1.1738921403884888	0.7173357009887695	0.2580868601799011	0.6328778266906738	1.3035728931427002	0.0	0.0	0.0	0.3735080063343048	0.0	0.0	1.401745080947876	0.4842076599597931	0.0	0.0	0.4407149851322174	1.3213266134262085	0.45789003372192383	0.0	1.3045748472213745	0.3722231686115265	0.268916517496109	0.0	0.0	0.0	0.49686399102211
1.2182025909423828	0.4738665819168091	0.0	0.9913961887359619	0.0	0.0	2.5384535789489746	0.0	0.6916885375976562	0.0	0.0	0.0	0.3702962100505829	0.0	0.0	0.7908512353897095	0.32165586948394775	0.5080091953277588	0.7130771279335022	0.15041901171207428	0.5374709367752075	0.35790249705314636	0.0	0.594231903553009	1.3520385026931763	0.3624614477157593	0.0	0.0	0.0	0.37082093954086304	0.0	0.698229968547821	0.0	0.0	0.0	0.86995929479599	0.29741162061691284	0.7704489231109619	1.1691761016845703	0.7014063596725464	0.3054431676864624	0.6394143104553223	1.3416122198104858	0.0	0.0	0.0	0.3495570421218872	0.0	0.0	1.3266856670379639	0.47281786799430847	0.0	0.0	0.49295809864997864	1.3246097564697266	0.47289881110191345	0.0	1.2977957725524902	0.4121374785900116	0.30516940355300903	0.0	0.0	0.0	0.5218572020530701
1.2448240518569946	0.43758004903793335	0.0	0.8353897929191589	0.0	0.0	2.5224616527557373	0.0	0.6634816527366638	0.0	0.0	0.0	0.3700225353240967	0.0	0.0	0.7598078846931458	0.31344515085220337	0.47119614481925964	0.6768591403961182	0.12794554233551025	0.5441151857376099	0.3835213780403137	0.0	0.4813076853752136	1.387128472328186	0.3397388160228729	0.0	0.0	0.0	0.40082910656929016	0.0	0.657171368598938	0.0	0.0	0.0	0.8650054931640625	0.23253408074378967	0.6982647180557251	1.1856513023376465	0.6954540610313416	0.3207312822341919	0.643785297870636	1.3017090559005737	0.0	0.0	0.0	0.3610422611236572	0.0	0.0	1.383306860923767	0.4071277379989624	0.0	0.0	0.4159008264541626	1.3260502815246582	0.4621971845626831	0.0	1.2843817472457886	0.4498816430568695	0.2726304233074188	0.0	0.0	0.0	0.5275406241416931
1.260880947113037	0.48508644104003906	0.0	0.9484272599220276	0.0	0.0	2.5040812492370605	0.0	0.659042239189148	0.0	0.0	0.0	0.3972886800765991	0.0	0.0	0.7865484952926636	0.33968687057495117	0.4966426193714142	0.7045386433601379	0.12272803485393524	0.549028754234314	0.37370795011520386	0.0	0.5827397108078003	1.3814722299575806	0.28874656558036804	0.0	0.0	0.0	0.39476850628852844	0.0	0.6791099905967712	0.0	0.0	0.0	0.8877850770950317	0.2610773742198944	0.7733331322669983	1.169973611831665	0.7051727175712585	0.29532545804977417	0.6342009902000427	1.3339247703552246	0.0	0.0	0.0	0.37253323197364807	0.0	0.0	1.3542112112045288	0.37124183773994446	0.0	0.0	0.4785086214542389	1.3298487663269043	0.4573422968387604	0.0	1.2968854904174805	0.3804208040237427	0.2800882160663605	0.0	0.0	0.0	0.5407827496528625
1.2708488702774048	0.42740195989608765	0.0	0.9468345046043396	0.0	0.0	2.539977550506592	0.0	0.736031174659729	0.0	0.0	0.0	0.4649505615234375	0.0	0.0	0.8123235702514648	0.3739601969718933	0.48089876770973206	0.6814391613006592	0.11805249750614166	0.6026898622512817	0.3401784896850586	0.0	0.5576762557029724	1.430444359779358	0.3679344952106476	0.0	0.0	0.0	0.3873041868209839	0.0	0.6744630336761475	0.0	0.0	0.0	0.8469623923301697	0.2577150762081146	0.7013652920722961	1.1824406385421753	0.7198478579521179	0.2994065284729004	0.6279208660125732	1.3028805255889893	0.0	0.0	0.0	0.40810421109199524	0.0	0.0	1.4563651084899902	0.38294869661331177	0.0	0.0	0.4330748915672302	1.3496798276901245	0.46435272693634033	0.0	1.3106735944747925	0.4518880546092987	0.27603965997695923	0.0	0.0	0.0	0.5256026983261108
1.2151845693588257	0.46040046215057373	0.0	0.8634880781173706	0.0	0.0	2.521974802017212	0.0	0.6952258944511414	0.0	0.0	0.0	0.3771838843822479	0.0	0.0	0.7783721685409546	0.3238832354545593	0.4910351634025574	0.6746118068695068	0.11724884063005447	0.537662148475647	0.3627360463142395	0.0	0.5026308298110962	1.4238383769989014	0.3622826933860779	0.0	0.0	0.0	0.3852204978466034	0.0	0.6740052103996277	0.0	0.0	0.0	0.8695048689842224	0.21465325355529785	0.7212536334991455	1.211153268814087	0.7369096279144287	0.31572818756103516	0.6454742550849915	1.3546249866485596	0.0	0.0	0.0	0.3317345380783081	0.0	0.0	1.3378247022628784	0.3718602657318115	0.0	0.0	0.4314742982387543	1.3731974363327026	0.44612768292427063	0.0	1.3301631212234497	0.4138656556606293	0.2584702968597412	0.0	0.0	0.0	0.5056740045547485
1.1954631805419922	0.4667181968688965	0.0	0.835905909538269	0.0	0.0	2.508842706680298	0.0	0.6720866560935974	0.0	0.0	0.0	0.3631592392921448	0.0	0.0	0.7789766192436218	0.30706098675727844	0.4840328097343445	0.7638105154037476	0.1132420003414154	0.5443568825721741	0.3540099859237671	0.0	0.49172499775886536	1.3941550254821777	0.32489213347435	0.0	0.0	0.0	0.440912663936615	0.0	0.7039752006530762	0.0	0.0	0.0	0.8491021990776062	0.20581668615341187	0.7056463956832886	1.2018208503723145	0.753490149974823	0.245439812541008	0.6778801679611206	1.3345017433166504	0.0	0.0	0.0	0.3594379723072052	0.0	0.0	1.3166162967681885	0.3816629648208618	0.0	0.0	0.5009874701499939	1.328487515449524	0.5326724648475647	0.0	1.2890561819076538	0.40211939811706543	0.2804703116416931	0.0	0.0	0.0	0.4910135865211487
1.2277565002441406	0.46041181683540344	0.0	0.8293188214302063	0.0	0.0	2.4945309162139893	0.0	0.6801735162734985	0.0	0.0	0.0	0.3753557503223419	0.0	0.0	0.7644355893135071	0.32018569111824036	0.5042870044708252	0.6704166531562805	0.125163733959198	0.541899561882019	0.36369115114212036	0.0	0.5031867623329163	1.3768045902252197	0.30768752098083496	0.0	0.0	0.0	0.40927645564079285	0.0	0.656802773475647	0.0	0.0	0.0	0.8620885014533997	0.40221357345581055	0.6821027398109436	1.1663362979888916	0.7076014280319214	0.26450589299201965	0.6561204791069031	1.3135541677474976	0.0	0.0	0.0	0.35073012113571167	0.0	0.0	1.3480467796325684	0.4031325876712799	0.0	0.0	0.45104578137397766	1.343715786933899	0.4548964500427246	0.0	1.2954736948013306	0.37453940510749817	0.27716219425201416	0.0	0.0	0.0	0.5004382133483887
1.235926628112793	0.4532414972782135	0.0	0.8529713749885559	0.0	0.0	2.4800407886505127	0.0	0.6834751963615417	0.0	0.0	0.0	0.3707689344882965	0.0	0.0	0.7610542178153992	0.38833338022232056	0.5368704795837402	0.6732935905456543	0.12451256811618805	0.5559902787208557	0.37762993574142456	0.0	0.49160778522491455	1.3970698118209839	0.3698657751083374	0.0	0.0	0.0	0.39066505432128906	0.0	0.6587690114974976	0.0	0.0	0.0	0.859701931476593	0.24800552427768707	0.7148846983909607	1.171039342880249	0.7035022377967834	0.29995089769363403	0.6507031321525574	1.3031048774719238	0.0	0.0	0.0	0.3481926918029785	0.0	0.0	1.3728669881820679	0.4335153102874756	0.0	0.0	0.4216707944869995	1.357347011566162	0.46258679032325745	0.0	1.323431372642517	0.39508917927742004	0.26036202907562256	0.0	0.0	0.0	0.49343377351760864
1.253203272819519	0.4362029433250427	0.0	0.8484498262405396	0.0	0.0	2.5308282375335693	0.0	0.6692222356796265	0.0	0.0	0.0	0.39297041296958923	0.0	0.0	0.7898252010345459	0.3120918571949005	0.5149073004722595	0.7164222598075867	0.15859676897525787	0.5491894483566284	0.4025872051715851	0.0	0.5078664422035217	1.3924089670181274	0.30205878615379333	0.0	0.0	0.0	0.40760159492492676	0.0	0.6623494029045105	0.0	0.0	0.0	0.8801648020744324	0.22048215568065643	0.7102904915809631	1.1727443933486938	0.7134861946105957	0.2452930063009262	0.6645101308822632	1.3206089735031128	0.0	0.0	0.0	0.3934631645679474	0.0	0.0	1.3560203313827515	0.555568516254425	0.0	0.0	0.4441666901111603	1.3188707828521729	0.48736414313316345	0.0	1.2797303199768066	0.39398351311683655	0.31776705384254456	0.0	0.0	0.0	0.5034278035163879
1.2381210327148438	0.45132341980934143	0.0	0.8271932601928711	0.0	0.0	2.5279037952423096	0.0	0.6518892645835876	0.0	0.0	0.0	0.3877192437648773	0.0	0.0	0.77499920129776	0.36391279101371765	0.48784974217414856	0.687534511089325	0.12282159924507141	0.535988450050354	0.3808422088623047	0.0	0.48134252429008484	1.4047467708587646	0.28669315576553345	0.0	0.0	0.0	0.42634040117263794	0.0	0.6665800213813782	0.0	0.0	0.0	0.8708373308181763	0.2224532961845398	0.7228577733039856	1.1843973398208618	0.7182490825653076	0.254638671875	0.6431107521057129	1.313849687576294	0.0	0.0	0.0	0.351846843957901	0.0	0.0	1.3237351179122925	0.3687918484210968	0.0	0.0	0.4311632215976715	1.3506358861923218	0.43537721037864685	0.0	1.3193256855010986	0.3904155492782593	0.3125150203704834	0.0	0.0	0.0	0.5530741214752197
1.2340736389160156	0.4700298607349396	0.0	0.8432698845863342	0.0	0.0	2.498530387878418	0.0	0.7109130620956421	0.0	0.0	0.0	0.3712058961391449	0.0	0.0	0.7978451251983643	0.3176295757293701	0.4592730402946472	0.6701022386550903	0.14791245758533478	0.5539307594299316	0.39497604966163635	0.0	0.4895700216293335	1.4055476188659668	0.29829755425453186	0.0	0.0	0.0	0.3765241205692291	0.0	0.6708300113677979	0.0	0.0	0.0	0.8502957224845886	0.22927868366241455	0.6957643032073975	1.1660033464431763	0.7044779658317566	0.2630527913570404	0.6424652934074402	1.3296024799346924	0.0	0.0	0.0	0.3728885054588318	0.0	0.0	1.3797008991241455	0.40317583084106445	0.0	0.0	0.44824737310409546	1.331164836883545	0.4784771800041199	0.0	1.3098994493484497	0.3843126893043518	0.25169074535369873	0.0	0.0	0.0	0.5277531147003174
1.2522786855697632	0.4458968937397003	0.0	0.912757933139801	0.0	0.0	2.5239319801330566	0.0	0.7025722861289978	0.0	0.0	0.0	0.4209415018558502	0.0	0.0	0.8155127763748169	0.3499302268028259	0.49616268277168274	0.6824951171875	0.10894671082496643	0.59429931640625	0.3485456109046936	0.0	0.5247436165809631	1.3852901458740234	0.35233739018440247	0.0	0.0	0.0	0.38242244720458984	0.0	0.662604570388794	0.0	0.0	0.0	0.8533312082290649	0.22915366291999817	0.7174012064933777	1.1817777156829834	0.7110888957977295	0.2965802252292633	0.6251319646835327	1.2985285520553589	0.0	0.0	0.0	0.3854764997959137	0.0	0.0	1.4366590976715088	0.3854457437992096	0.0	0.0	0.42503830790519714	1.3319578170776367	0.47679391503334045	0.0	1.2831977605819702	0.4608933627605438	0.28007662296295166	0.0	0.0	0.0	0.5120271444320679
1.2191063165664673	0.448066383600235	0.0	0.8305420279502869	0.0	0.0	2.482992649078369	0.0	0.6693792343139648	0.0	0.0	0.0	0.3611057698726654	0.0	0.0	0.7683136463165283	0.3154478669166565	0.47876107692718506	0.679114043712616	0.11943906545639038	0.5315164923667908	0.3710569739341736	0.0	0.4833395183086395	1.3713265657424927	0.2887778580188751	0.0	0.0	0.0	0.37776508927345276	0.0	0.6495862603187561	0.0	0.0	0.0	0.8660318851470947	0.40620899200439453	0.7017224431037903	1.171218991279602	0.7205935120582581	0.2737077474594116	0.6303011775016785	1.2853518724441528	0.0	0.0	0.0	0.372653990983963	0.0	0.0	1.3351631164550781	0.3569483757019043	0.0	0.0	0.4156108796596527	1.319704294204712	0.4369354844093323	0.0	1.2761739492416382	0.38535746932029724	0.27147769927978516	0.0	0.0	0.0	0.544999897480011
1.2127406597137451	0.47536811232566833	0.0	0.8246986269950867	0.0	0.0	2.4841954708099365	0.0	0.6570008397102356	0.0	0.0	0.0	0.37931427359580994	0.0	0.0	0.7737253308296204	0.3245534896850586	0.4568485915660858	0.6618649363517761	0.12286011874675751	0.5187908411026001	0.36925727128982544	0.0	0.4826045334339142	1.3823699951171875	0.31440627574920654	0.0	0.0	0.0	0.3954332172870636	0.0	0.690625786781311	0.0	0.0	0.0	0.863371729850769	0.21009282767772675	0.6945699453353882	1.1693556308746338	0.715415358543396	0.2534770369529724	0.6371828317642212	1.3507899045944214	0.0	0.0	0.0	0.34995201230049133	0.0	0.0	1.329573631286621	0.3629673421382904	0.0	0.0	0.4473828971385956	1.3153642416000366	0.4666047990322113	0.0	1.2771104574203491	0.3876379430294037	0.2651829719543457	0.0	0.0	0.0	0.5520225167274475
1.228793740272522	0.4302920699119568	0.0	0.9074329137802124	0.0	0.0	2.4979515075683594	0.0	0.7109249830245972	0.0	0.0	0.0	0.37222421169281006	0.0	0.0	0.8338369131088257	0.32118669152259827	0.43942636251449585	0.6497342586517334	0.10392716526985168	0.5866196155548096	0.3511599898338318	0.0	0.5290845632553101	1.4064335823059082	0.2916358411312103	0.0	0.0	0.0	0.3632040321826935	0.0	0.6560138463973999	0.0	0.0	0.0	0.8325340151786804	0.23200412094593048	0.6781031489372253	1.1802276372909546	0.712887167930603	0.2883005142211914	0.6297354698181152	1.2673816680908203	0.0	0.0	0.0	0.3703717291355133	0.0	0.0	1.4534118175506592	0.37415429949760437	0.0	0.0	0.3991968631744385	1.3133829832077026	0.45056411623954773	0.0	1.2806646823883057	0.4677357077598572	0.27934807538986206	0.0	0.0	0.0	0.5041871666908264
1.2085224390029907	0.47154179215431213	0.0	0.9509413242340088	0.0	0.0	2.5581777095794678	0.0	0.6870669722557068	0.0	0.0	0.0	0.39745578169822693	0.0	0.0	0.7754002213478088	0.3227002024650574	0.48389434814453125	0.6925221681594849	0.1313372254371643	0.5464596748352051	0.3570827543735504	0.0	0.5056590437889099	1.385749101638794	0.3401608467102051	0.0	0.0	0.0	0.36306077241897583	0.0	0.6613760590553284	0.0	0.0	0.0	0.8687867522239685	0.3902475833892822	0.7268380522727966	1.1690431833267212	0.7235626578330994	0.32447659969329834	0.6390354037284851	1.318795084953308	0.0	0.0	0.0	0.3618719279766083	0.0	0.0	1.3408101797103882	0.3717494308948517	0.0	0.0	0.5058674812316895	1.3175437450408936	0.43725958466529846	0.0	1.2702285051345825	0.41189873218536377	0.2815638780593872	0.0	0.0	0.0	0.5269250869750977
1.2200043201446533	0.4292271137237549	0.0	0.824621856212616	0.0	0.0	2.4667680263519287	0.0	0.6932816505432129	0.0	0.0	0.0	0.37604469060897827	0.0	0.0	0.7682649493217468	0.33193451166152954	0.4619564414024353	0.6702570915222168	0.10440574586391449	0.544854462146759	0.38221174478530884	0.0	0.48629888892173767	1.386230230331421	0.29314127564430237	0.0	0.0	0.0	0.3912936747074127	0.0	0.6685892343521118	0.0	0.0	0.0	0.8328731656074524	0.21526673436164856	0.7061642408370972	1.1648838520050049	0.7154947519302368	0.2528439462184906	0.6223950386047363	1.2930551767349243	0.0	0.0	0.0	0.3504711091518402	0.0	0.0	1.3776917457580566	0.36065107583999634	0.0	0.0	0.4298810362815857	1.3328574895858765	0.44044333696365356	0.0	1.278785228729248	0.3618156611919403	0.2638336718082428	0.0	0.0	0.0	0.50321364402771
1.2914713621139526	0.4677182734012604	0.0	1.0163440704345703	0.0	0.0	2.496683120727539	0.0	0.7092753052711487	0.0	0.0	0.0	0.4107626676559448	0.0	0.0	0.803672194480896	0.3130727708339691	0.48910343647003174	0.703808605670929	0.1358812004327774	0.5638977885246277	0.3980024456977844	0.0	0.6092983484268188	1.3774640560150146	0.3195071816444397	0.0	0.0	0.0	0.3996296525001526	0.0	0.6931975483894348	0.0	0.0	0.0	0.8434698581695557	0.2834598124027252	0.7542898058891296	1.1840848922729492	0.7060890793800354	0.25351059436798096	0.6613517999649048	1.3142342567443848	0.0	0.0	0.0	0.3783286213874817	0.0	0.0	1.4316550493240356	0.40680190920829773	0.0	0.0	0.48542898893356323	1.3618521690368652	0.45959779620170593	0.0	1.2850561141967773	0.5079087615013123	0.3596278429031372	0.0	0.0	0.0	0.5125994086265564
1.2412294149398804	0.472441703081131	0.0	0.8184723854064941	0.0	0.0	2.4972424507141113	0.0	0.6523089408874512	0.0	0.0	0.0	0.3884333372116089	0.0	0.0	0.7937625646591187	0.3306230306625366	0.47026726603507996	0.6691224575042725	0.13610686361789703	0.515930712223053	0.35879769921302795	0.0	0.5114830732345581	1.3808460235595703	0.3124709129333496	0.0	0.0	0.0	0.3634660840034485	0.0	0.649337887763977	0.0	0.0	0.0	0.8591676950454712	0.2415311336517334	0.73841792345047	1.1717875003814697	0.6909825801849365	0.27536454796791077	0.6525893211364746	1.273851990699768	0.0	0.0	0.0	0.36249709129333496	0.0	0.0	1.3898204565048218	0.429366797208786	0.0	0.0	0.4030449688434601	1.3281967639923096	0.4376453161239624	0.0	1.2749913930892944	0.4095019996166229	0.2850319445133209	0.0	0.0	0.0	0.4777213931083679
1.236984372138977	0.4967792332172394	0.0	0.9596178531646729	0.0	0.0	2.527817726135254	0.0	0.7217146158218384	0.0	0.0	0.0	0.4158332049846649	0.0	0.0	0.819649338722229	0.3585127294063568	0.49196380376815796	0.7104272842407227	0.14170439541339874	0.574409544467926	0.3529459834098816	0.0	0.5103038549423218	1.3953953981399536	0.29928919672966003	0.0	0.0	0.0	0.3805156648159027	0.0	0.6530699729919434	0.0	0.0	0.0	0.8612648844718933	0.3752474784851074	0.6962538361549377	1.1781628131866455	0.7131608128547668	0.23936845362186432	0.6027876138687134	1.3198211193084717	0.0	0.0	0.0	0.3905602693557739	0.0	0.0	1.4302951097488403	0.35561805963516235	0.0	0.0	0.5223104357719421	1.3297451734542847	0.4671047031879425	0.0	1.3204288482666016	0.4221656024456024	0.2950684428215027	0.0	0.0	0.0	0.518438458442688
1.2092398405075073	0.4641771614551544	0.0	0.810551643371582	0.0	0.0	2.469916582107544	0.0	0.6561369895935059	0.0	0.0	0.0	0.3842388391494751	0.0	0.0	0.768753707408905	0.30048784613609314	0.48997530341148376	0.6662675142288208	0.14426858723163605	0.5411695241928101	0.35813775658607483	0.0	0.49670788645744324	1.3715879917144775	0.2946878969669342	0.0	0.0	0.0	0.3845701217651367	0.0	0.674544095993042	0.0	0.0	0.0	0.8804143667221069	0.3816658854484558	0.6925414204597473	1.16926109790802	0.6936133503913879	0.2683127820491791	0.6386660933494568	1.283219575881958	0.0	0.0	0.0	0.37523820996284485	0.0	0.0	1.3488844633102417	0.401591956615448	0.0	0.0	0.4678904116153717	1.3239033222198486	0.4668523371219635	0.0	1.3010345697402954	0.3839922845363617	0.28223666548728943	0.0	0.0	0.0	0.4986608326435089
1.2142155170440674	0.4824928045272827	0.0	0.8748713135719299	0.0	0.0	2.459742784500122	0.0	0.6851281523704529	0.0	0.0	0.0	0.38343921303749084	0.0	0.0	0.7544333934783936	0.3210386037826538	0.45173749327659607	0.6907927393913269	0.103251151740551	0.5454223155975342	0.35371842980384827	0.0	0.5207955241203308	1.3730663061141968	0.3287907838821411	0.0	0.0	0.0	0.39943012595176697	0.0	0.6342195272445679	0.0	0.0	0.0	0.870280385017395	0.2345850020647049	0.7024762630462646	1.2266566753387451	0.6972893476486206	0.2480199784040451	0.6354532837867737	1.2922656536102295	0.0	0.0	0.0	0.3791719675064087	0.0	0.0	1.3840614557266235	0.4570113718509674	0.0	0.0	0.41654691100120544	1.3594402074813843	0.4581740200519562	0.0	1.2996796369552612	0.40711143612861633	0.24384750425815582	0.0	0.0	0.0	0.5161117315292358
1.2453277111053467	0.47205254435539246	0.0	0.8190747499465942	0.0	0.0	2.494899272918701	0.0	0.708612859249115	0.0	0.0	0.0	0.3786746859550476	0.0	0.0	0.7395377159118652	0.3162248432636261	0.46302032470703125	0.6758351922035217	0.12114205211400986	0.5403948426246643	0.37734028697013855	0.0	0.4848751723766327	1.3965407609939575	0.3097664415836334	0.0	0.0	0.0	0.3835027515888214	0.0	0.6588894128799438	0.0	0.0	0.0	0.8682815432548523	0.20036491751670837	0.6801828742027283	1.1659412384033203	0.7050180435180664	0.30376142263412476	0.6322988867759705	1.3005526065826416	0.0	0.0	0.0	0.35848963260650635	0.0	0.0	1.353682518005371	0.39657628536224365	0.0	0.0	0.4309667646884918	1.3415964841842651	0.469962477684021	0.0	1.2861428260803223	0.38861367106437683	0.30233335494995117	0.0	0.0	0.0	0.4987717568874359
1.2646912336349487	0.43981242179870605	0.0	0.8596780300140381	0.0	0.0	2.463844060897827	0.0	0.6730195879936218	0.0	0.0	0.0	0.3945315480232239	0.0	0.0	0.7834585309028625	0.33682337403297424	0.46972373127937317	0.7087506055831909	0.11557329446077347	0.5376179814338684	0.3878527581691742	0.0	0.49689817428588867	1.3750661611557007	0.30699339509010315	0.0	0.0	0.0	0.4092409908771515	0.0	0.6754997372627258	0.0	0.0	0.0	0.8528502583503723	0.39828547835350037	0.7022771239280701	1.192807912826538	0.7214109301567078	0.24957430362701416	0.6535233855247498	1.304144263267517	0.0	0.0	0.0	0.4175340235233307	0.0	0.0	1.3667442798614502	0.3818879723548889	0.0	0.0	0.4393079876899719	1.3387696743011475	0.45906105637550354	0.0	1.2783923149108887	0.3961230516433716	0.264946848154068	0.0	0.0	0.0	0.5118074417114258
1.2469451427459717	0.4575174152851105	0.0	0.8857744336128235	0.0	0.0	2.490896463394165	0.0	0.6718254685401917	0.0	0.0	0.0	0.3893495202064514	0.0	0.0	0.8139442801475525	0.3502124845981598	0.458656370639801	0.6715888381004333	0.10555640608072281	0.5595235228538513	0.35658925771713257	0.0	0.4937017261981964	1.3693397045135498	0.32261165976524353	0.0	0.0	0.0	0.3599623739719391	0.0	0.6796056628227234	0.0	0.0	0.0	0.8468031883239746	0.287349671125412	0.6910388469696045	1.1813023090362549	0.6904351711273193	0.3229721188545227	0.6240171194076538	1.2886446714401245	0.0	0.0	0.0	0.42023587226867676	0.0	0.0	1.4121521711349487	0.40237852931022644	0.0	0.0	0.4424566328525543	1.344969391822815	0.47693440318107605	0.0	1.3045625686645508	0.4393981099128723	0.2955174744129181	0.0	0.0	0.0	0.4861171543598175
1.2007532119750977	0.4664437174797058	0.0	0.847283124923706	0.0	0.0	2.463344097137451	0.0	0.7280802726745605	0.0	0.0	0.0	0.3898022174835205	0.0	0.0	0.7534164786338806	0.332218199968338	0.4666171371936798	0.6932657957077026	0.11775977164506912	0.609198808670044	0.3891793191432953	0.0	0.4767332375049591	1.4003325700759888	0.3141557574272156	0.0	0.0	0.0	0.40335801243782043	0.0	0.6767011284828186	0.0	0.0	0.0	0.8483324646949768	0.39651018381118774	0.6857739090919495	1.1647073030471802	0.7319239974021912	0.25561192631721497	0.6493432521820068	1.3321685791015625	0.0	0.0	0.0	0.40039315819740295	0.0	0.0	1.3735241889953613	0.4055463373661041	0.0	0.0	0.42943865060806274	1.3265676498413086	0.47268199920654297	0.0	1.2879520654678345	0.3765658438205719	0.27818813920021057	0.0	0.0	0.0	0.5274298191070557
1.2454919815063477	0.44215574860572815	0.0	0.9054058790206909	0.0	0.0	2.5373122692108154	0.0	0.707156777381897	0.0	0.0	0.0	0.42084935307502747	0.0	0.0	0.8204342126846313	0.3442484140396118	0.47797274589538574	0.6821921467781067	0.14276951551437378	0.6060220003128052	0.3603915572166443	0.0	0.519395112991333	1.4131234884262085	0.3029952943325043	0.0	0.0	0.0	0.3672119081020355	0.0	0.6574608087539673	0.0	0.0	0.0	0.8696184158325195	0.3851695656776428	0.7253236770629883	1.1622484922409058	0.6984953284263611	0.2905481457710266	0.6310656666755676	1.3349528312683105	0.0	0.0	0.0	0.3890562653541565	0.0	0.0	1.4428119659423828	0.42273518443107605	0.0	0.0	0.39696091413497925	1.3745790719985962	0.4702940285205841	0.0	1.3107807636260986	0.4525100588798523	0.28718507289886475	0.0	0.0	0.0	0.5191845297813416
1.1923956871032715	0.460281103849411	0.0	0.806587278842926	0.0	0.0	2.62691593170166	0.0	0.6512795686721802	0.0	0.0	0.0	0.3705725371837616	0.0	0.0	0.781530499458313	0.31675368547439575	0.5216648578643799	0.7102189660072327	0.11651168763637543	0.5360967516899109	0.3815407156944275	0.0	0.48236605525016785	1.3950488567352295	0.4005500078201294	0.0	0.0	0.0	0.40719446539878845	0.0	0.6678115129470825	0.0	0.0	0.0	0.8637699484825134	0.22784331440925598	0.7219492793083191	1.1778393983840942	0.6982470750808716	0.3019043803215027	0.6640853881835938	1.2987232208251953	0.0	0.0	0.0	0.3453958034515381	0.0	0.0	1.4141262769699097	0.3547194302082062	0.0	0.0	0.4301111400127411	1.336696743965149	0.44157689809799194	0.0	1.2804487943649292	0.44854170083999634	0.26131048798561096	0.0	0.0	0.0	0.5044435262680054
1.230316162109375	0.4633982181549072	0.0	0.8396657109260559	0.0	0.0	2.499462604522705	0.0	0.6754170656204224	0.0	0.0	0.0	0.36822086572647095	0.0	0.0	0.7901293039321899	0.3356289863586426	0.47468656301498413	0.6673634052276611	0.12374791502952576	0.5375257134437561	0.37152549624443054	0.0	0.5072249174118042	1.3827612400054932	0.30748069286346436	0.0	0.0	0.0	0.3980827033519745	0.0	0.6743830442428589	0.0	0.0	0.0	0.8575166463851929	0.21357128024101257	0.7145115733146667	1.1695935726165771	0.7097131609916687	0.25701841711997986	0.619344174861908	1.3058258295059204	0.0	0.0	0.0	0.3651798963546753	0.0	0.0	1.3340927362442017	0.3724709451198578	0.0	0.0	0.4349900484085083	1.329589605331421	0.4465702176094055	0.0	1.3165370225906372	0.37709590792655945	0.25663840770721436	0.0	0.0	0.0	0.523149847984314
1.2014961242675781	0.463111013174057	0.0	0.7997422814369202	0.0	0.0	2.471813678741455	0.0	0.6642116904258728	0.0	0.0	0.0	0.3650553226470947	0.0	0.0	0.7637574076652527	0.30520662665367126	0.4896141290664673	0.6760359406471252	0.10887859761714935	0.5326652526855469	0.39961159229278564	0.0	0.4900133013725281	1.3727360963821411	0.3136874735355377	0.0	0.0	0.0	0.3776113986968994	0.0	0.7104209661483765	0.0	0.0	0.0	0.843075156211853	0.23714816570281982	0.6852535605430603	1.161270260810852	0.7007479667663574	0.26543593406677246	0.6199899315834045	1.2927470207214355	0.0	0.0	0.0	0.34674644470214844	0.0	0.0	1.3310679197311401	0.38707950711250305	0.0	0.0	0.41647571325302124	1.3193225860595703	0.4614557921886444	0.0	1.289114236831665	0.4039995074272156	0.31272417306900024	0.0	0.0	0.0	0.4978208541870117
1.2260735034942627	0.4460557699203491	0.0	0.8368770480155945	0.0	0.0	2.5100815296173096	0.0	0.6595349311828613	0.0	0.0	0.0	0.3858066201210022	0.0	0.0	0.7766000628471375	0.3233698904514313	0.47168639302253723	0.6779484152793884	0.12917734682559967	0.5193087458610535	0.36871424317359924	0.0	0.5082255601882935	1.3678069114685059	0.2992071211338043	0.0	0.0	0.0	0.39640387892723083	0.0	0.6531933546066284	0.0	0.0	0.0	0.8431406617164612	0.20157957077026367	0.7240771055221558	1.161655068397522	0.6991190910339355	0.29711106419563293	0.6562991142272949	1.311424732208252	0.0	0.0	0.0	0.3812066912651062	0.0	0.0	1.3171077966690063	0.4069235622882843	0.0	0.0	0.4175891578197479	1.313450813293457	0.4274100959300995	0.0	1.2764902114868164	0.39492976665496826	0.27504414319992065	0.0	0.0	0.0	0.4891233742237091
1.2462013959884644	0.44152623414993286	0.0	0.9209015369415283	0.0	0.0	2.534743309020996	0.0	0.7111958265304565	0.0	0.0	0.0	0.45892414450645447	0.0	0.0	0.8374339938163757	0.33947205543518066	0.5098491907119751	0.7225987315177917	0.11070939898490906	0.6101168394088745	0.37185949087142944	0.0	0.5364122986793518	1.3924705982208252	0.3871488571166992	0.0	0.0	0.0	0.38157060742378235	0.0	0.6534770727157593	0.0	0.0	0.0	0.8399860858917236	0.2569618225097656	0.717479944229126	1.1793655157089233	0.7150475382804871	0.29166823625564575	0.6389301419258118	1.2634090185165405	0.0	0.0	0.0	0.4046480059623718	0.0	0.0	1.4435720443725586	0.3608851134777069	0.0	0.0	0.419175386428833	1.3244342803955078	0.4655357897281647	0.0	1.2950515747070312	0.4685850143432617	0.2967858612537384	0.0	0.0	0.0	0.5199871063232422
1.199629306793213	0.4623745381832123	0.0	0.8260431289672852	0.0	0.0	2.486360549926758	0.0	0.6701399683952332	0.0	0.0	0.0	0.44574007391929626	0.0	0.0	0.8127855062484741	0.34151095151901245	0.4887922406196594	0.6764043569564819	0.10923164337873459	0.5776734352111816	0.38878288865089417	0.0	0.4866827130317688	1.4065190553665161	0.319328635931015	0.0	0.0	0.0	0.40346330404281616	0.0	0.6793377995491028	0.0	0.0	0.0	0.8900814056396484	0.26354414224624634	0.732431173324585	1.2031035423278809	0.6989340782165527	0.24446868896484375	0.6338942646980286	1.297951102256775	0.0	0.0	0.0	0.3677798807621002	0.0	0.0	1.3393030166625977	0.49657967686653137	0.0	0.0	0.4206337332725525	1.3798896074295044	0.47631996870040894	0.0	1.2845120429992676	0.38708505034446716	0.2885701060295105	0.0	0.0	0.0	0.49654915928840637
1.2349447011947632	0.4745160639286041	0.0	0.8387299180030823	0.0	0.0	2.52447247505188	0.0	0.6730992197990417	0.0	0.0	0.0	0.37585118412971497	0.0	0.0	0.7961815595626831	0.32066115736961365	0.5001032948493958	0.6856895089149475	0.10840350389480591	0.5502484440803528	0.36775991320610046	0.0	0.5341088175773621	1.3938207626342773	0.3203510344028473	0.0	0.0	0.0	0.3894657492637634	0.0	0.7031677961349487	0.0	0.0	0.0	0.8382191061973572	0.23447102308273315	0.6863225102424622	1.1783868074417114	0.7224845886230469	0.2764630615711212	0.6373143792152405	1.3095836639404297	0.0	0.0	0.0	0.34700462222099304	0.0	0.0	1.3916858434677124	0.44841277599334717	0.0	0.0	0.4365512430667877	1.3389053344726562	0.4630316197872162	0.0	1.309493899345398	0.39246368408203125	0.3240722715854645	0.0	0.0	0.0	0.5084656476974487
1.2047866582870483	0.4743208587169647	0.0	0.9417588710784912	0.0	0.0	2.5479893684387207	0.0	0.7043413519859314	0.0	0.0	0.0	0.37506794929504395	0.0	0.0	0.7446238994598389	0.31802478432655334	0.4683336019515991	0.6735343933105469	0.1350904405117035	0.5308936238288879	0.35691314935684204	0.0	0.6033714413642883	1.389792561531067	0.2777167558670044	0.0	0.0	0.0	0.39788350462913513	0.0	0.649095356464386	0.0	0.0	0.0	0.9186427593231201	0.26899608969688416	0.7813780307769775	1.1596381664276123	0.721333384513855	0.2488657534122467	0.6540568470954895	1.2746052742004395	0.0	0.0	0.0	0.3822679817676544	0.0	0.0	1.3717671632766724	0.37983083724975586	0.0	0.0	0.41633719205856323	1.3131557703018188	0.44167977571487427	0.0	1.253058910369873	0.376814067363739	0.2609115540981293	0.0	0.0	0.0	0.5211595892906189
1.2811684608459473	0.49255359172821045	0.0	0.9205833077430725	0.0	0.0	2.439948320388794	0.0	0.6661584377288818	0.0	0.0	0.0	0.4932507574558258	0.0	0.0	0.8577147126197815	0.3492461144924164	0.4741532802581787	0.6713838577270508	0.10107522457838058	0.6162549257278442	0.3802253007888794	0.0	0.5206714868545532	1.4009593725204468	0.3172855079174042	0.0	0.0	0.0	0.3991445004940033	0.0	0.6365552544593811	0.0	0.0	0.0	0.8895145058631897	0.2551097273826599	0.7287217974662781	1.183115839958191	0.728430449962616	0.2543918192386627	0.6391699910163879	1.288684606552124	0.0	0.0	0.0	0.3645402193069458	0.0	0.0	1.4272202253341675	0.3563584089279175	0.0	0.0	0.4238177537918091	1.362504482269287	0.44404590129852295	0.0	1.265952467918396	0.4296405613422394	0.2906898856163025	0.0	0.0	0.0	0.4798717796802521
1.21745765209198	0.5040135979652405	0.0	0.8535608053207397	0.0	0.0	2.588042736053467	0.0	0.6596710085868835	0.0	0.0	0.0	0.37361225485801697	0.0	0.0	0.7609772086143494	0.32409223914146423	0.5948505401611328	0.7024431228637695	0.11959876120090485	0.5548954606056213	0.3788451850414276	0.0	0.4703758656978607	1.3734180927276611	0.3201949894428253	0.0	0.0	0.0	0.37308502197265625	0.0	0.6574203968048096	0.0	0.0	0.0	0.8454909920692444	0.21973514556884766	0.7423481345176697	1.1979254484176636	0.705122172832489	0.2961568236351013	0.6256382465362549	1.3085792064666748	0.0	0.0	0.0	0.34278884530067444	0.0	0.0	1.344803810119629	0.381015807390213	0.0	0.0	0.42101094126701355	1.3574450016021729	0.4324210584163666	0.0	1.2925537824630737	0.40015050768852234	0.2543427646160126	0.0	0.0	0.0	0.510062038898468
1.2159929275512695	0.46061015129089355	0.0	0.8112884759902954	0.0	0.0	2.453519821166992	0.0	0.6667462587356567	0.0	0.0	0.0	0.4027506113052368	0.0	0.0	0.7658489942550659	0.398550808429718	0.4685254395008087	0.6798568367958069	0.10298054665327072	0.5599233508110046	0.3812815248966217	0.0	0.4798389673233032	1.3680611848831177	0.2986217737197876	0.0	0.0	0.0	0.3810153305530548	0.0	0.6661158204078674	0.0	0.0	0.0	0.8665998578071594	0.20189234614372253	0.7079170942306519	1.1724767684936523	0.7006543874740601	0.2806171774864197	0.6098980903625488	1.2951956987380981	0.0	0.0	0.0	0.3487328588962555	0.0	0.0	1.3197219371795654	0.35419854521751404	0.0	0.0	0.45517781376838684	1.3228939771652222	0.4274516999721527	0.0	1.2616130113601685	0.4158645272254944	0.2956206798553467	0.0	0.0	0.0	0.5546109676361084
1.2360721826553345	0.45218315720558167	0.0	0.8203738331794739	0.0	0.0	2.5310938358306885	0.0	0.6886559724807739	0.0	0.0	0.0	0.3691455125808716	0.0	0.0	0.7955790758132935	0.3066624104976654	0.4673939049243927	0.6914315223693848	0.14296099543571472	0.5380875468254089	0.35939159989356995	0.0	0.5003868341445923	1.4038358926773071	0.3177183270454407	0.0	0.0	0.0	0.3902968764305115	0.0	0.6709999442100525	0.0	0.0	0.0	0.8885182738304138	0.22803355753421783	0.7116258144378662	1.1774097681045532	0.7507535219192505	0.2872730791568756	0.6318994760513306	1.3644850254058838	0.0	0.0	0.0	0.35891735553741455	0.0	0.0	1.3693478107452393	0.4122343063354492	0.0	0.0	0.45245760679244995	1.3339155912399292	0.47126176953315735	0.0	1.287685513496399	0.3811001479625702	0.2876984179019928	0.0	0.0	0.0	0.4872874915599823
1.2346020936965942	0.4555489718914032	0.0	0.8466030955314636	0.0	0.0	2.4758307933807373	0.0	0.6710512042045593	0.0	0.0	0.0	0.3673722743988037	0.0	0.0	0.787430465221405	0.3167244791984558	0.4634853005409241	0.6918431520462036	0.15199728310108185	0.5341960191726685	0.3837452232837677	0.0	0.4945560693740845	1.367262363433838	0.2980496287345886	0.0	0.0	0.0	0.37835320830345154	0.0	0.6660991311073303	0.0	0.0	0.0	0.8528962135314941	0.21763494610786438	0.6962617039680481	1.167873740196228	0.7074716687202454	0.28330278396606445	0.6362428069114685	1.3541920185089111	0.0	0.0	0.0	0.37863507866859436	0.0	0.0	1.3603252172470093	0.3698630630970001	0.0	0.0	0.4466571807861328	1.324041485786438	0.42980408668518066	0.0	1.275123953819275	0.3723464906215668	0.256981760263443	0.0	0.0	0.0	0.5034049153327942
1.2466398477554321	0.4769826829433441	0.0	0.8514825701713562	0.0	0.0	2.4919004440307617	0.0	0.6827108263969421	0.0	0.0	0.0	0.3986300230026245	0.0	0.0	0.7853226065635681	0.33064237236976624	0.4723621904850006	0.6789003610610962	0.11689530313014984	0.5395931601524353	0.4046648144721985	0.0	0.4754994809627533	1.3898429870605469	0.3011253774166107	0.0	0.0	0.0	0.3908118009567261	0.0	0.6760573387145996	0.0	0.0	0.0	0.855974018573761	0.20997542142868042	0.7005273699760437	1.1806604862213135	0.7163615226745605	0.32128971815109253	0.6248176097869873	1.3491729497909546	0.0	0.0	0.0	0.36492469906806946	0.0	0.0	1.333966851234436	0.38613373041152954	0.0	0.0	0.43239831924438477	1.327974557876587	0.46252623200416565	0.0	1.301351547241211	0.3764030635356903	0.25220155715942383	0.0	0.0	0.0	0.5001887679100037
1.2111258506774902	0.4616519808769226	0.0	0.8819672465324402	0.0	0.0	2.5745556354522705	0.0	0.677484393119812	0.0	0.0	0.0	0.3985847532749176	0.0	0.0	0.7885991334915161	0.30672237277030945	0.5269880890846252	0.7013556957244873	0.12151265889406204	0.5503777861595154	0.3720213770866394	0.0	0.4896860122680664	1.429983139038086	0.3099832832813263	0.0	0.0	0.0	0.4052126407623291	0.0	0.6825099587440491	0.0	0.0	0.0	0.8379243016242981	0.2242686152458191	0.6784258484840393	1.1974780559539795	0.701042890548706	0.25264155864715576	0.6319962739944458	1.3219188451766968	0.0	0.0	0.0	0.35373085737228394	0.0	0.0	1.4008567333221436	0.49138909578323364	0.0	0.0	0.44840577244758606	1.3786542415618896	0.46392175555229187	0.0	1.2891753911972046	0.39721545577049255	0.26277393102645874	0.0	0.0	0.0	0.5078469514846802
1.2187031507492065	0.46024245023727417	0.0	0.8481666445732117	0.0	0.0	2.52252459526062	0.0	0.6765574812889099	0.0	0.0	0.0	0.38792943954467773	0.0	0.0	0.7541620135307312	0.31781670451164246	0.5023717284202576	0.6987448334693909	0.12703953683376312	0.5249315500259399	0.3861117660999298	0.0	0.49154654145240784	1.42867112159729	0.356040894985199	0.0	0.0	0.0	0.38817426562309265	0.0	0.6741880178451538	0.0	0.0	0.0	0.8472579717636108	0.22124406695365906	0.7090908885002136	1.199889898300171	0.7453836798667908	0.3157219886779785	0.6605813503265381	1.3778132200241089	0.0	0.0	0.0	0.3786717653274536	0.0	0.0	1.3401850461959839	0.47817641496658325	0.0	0.0	0.485978901386261	1.3312623500823975	0.4794342815876007	0.0	1.311299204826355	0.41106539964675903	0.26468902826309204	0.0	0.0	0.0	0.5123433470726013
1.2090202569961548	0.472488671541214	0.0	0.9534415006637573	0.0	0.0	2.5313591957092285	0.0	0.6813662648200989	0.0	0.0	0.0	0.36158040165901184	0.0	0.0	0.7462565302848816	0.30874356627464294	0.46762746572494507	0.6814386248588562	0.1180744618177414	0.5706575512886047	0.36999088525772095	0.0	0.5640882849693298	1.387735366821289	0.31072914600372314	0.0	0.0	0.0	0.3866669535636902	0.0	0.6561033725738525	0.0	0.0	0.0	0.8866031765937805	0.27437809109687805	0.7534266710281372	1.191800832748413	0.6922985911369324	0.2621040344238281	0.6226319074630737	1.2956053018569946	0.0	0.0	0.0	0.3714851140975952	0.0	0.0	1.3365517854690552	0.39248570799827576	0.0	0.0	0.4869319498538971	1.352126955986023	0.45579972863197327	0.0	1.312605381011963	0.36203813552856445	0.24675725400447845	0.0	0.0	0.0	0.5026199221611023
1.2268930673599243	0.4451000392436981	0.0	0.8300789594650269	0.0	0.0	2.5126211643218994	0.0	0.6716421842575073	0.0	0.0	0.0	0.37722352147102356	0.0	0.0	0.7669095396995544	0.31787413358688354	0.511168897151947	0.7092689275741577	0.1135375052690506	0.5345634818077087	0.3810001015663147	0.0	0.4824618399143219	1.3974119424819946	0.38227081298828125	0.0	0.0	0.0	0.40680983662605286	0.0	0.6590302586555481	0.0	0.0	0.0	0.8384148478507996	0.23194248974323273	0.7096108794212341	1.1723440885543823	0.7150573134422302	0.33916720747947693	0.6313681602478027	1.3079534769058228	0.0	0.0	0.0	0.4149496853351593	0.0	0.0	1.3921905755996704	0.39713355898857117	0.0	0.0	0.4334661066532135	1.3138982057571411	0.44004085659980774	0.0	1.2717150449752808	0.43699008226394653	0.2567098140716553	0.0	0.0	0.0	0.5165875554084778
1.214113473892212	0.42563289403915405	0.0	0.839801549911499	0.0	0.0	2.4747846126556396	0.0	0.6782207489013672	0.0	0.0	0.0	0.38973453640937805	0.0	0.0	0.7715429663658142	0.31018346548080444	0.49787113070487976	0.7177538275718689	0.11801232397556305	0.5377513766288757	0.39606529474258423	0.0	0.4790807068347931	1.411691665649414	0.3121369779109955	0.0	0.0	0.0	0.3807211220264435	0.0	0.6658216714859009	0.0	0.0	0.0	0.8660296201705933	0.3944999873638153	0.7094710469245911	1.1834162473678589	0.7410982251167297	0.2642982006072998	0.62532639503479	1.3347936868667603	0.0	0.0	0.0	0.3371637761592865	0.0	0.0	1.3520333766937256	0.3633822798728943	0.0	0.0	0.45224910974502563	1.324810266494751	0.4455741047859192	0.0	1.2796016931533813	0.3896651864051819	0.2669195532798767	0.0	0.0	0.0	0.5137931704521179
1.258857250213623	0.4674690365791321	0.0	0.9485427141189575	0.0	0.0	2.461664915084839	0.0	0.7214980721473694	0.0	0.0	0.0	0.3842453360557556	0.0	0.0	0.8589307069778442	0.3433935046195984	0.48208168148994446	0.683857262134552	0.10115417838096619	0.6248743534088135	0.3607921302318573	0.0	0.5525783896446228	1.3637393712997437	0.3102289140224457	0.0	0.0	0.0	0.3980889320373535	0.0	0.6752989292144775	0.0	0.0	0.0	0.8491750359535217	0.2507386803627014	0.6926469802856445	1.192826747894287	0.7106468081474304	0.24696998298168182	0.6289865374565125	1.3379337787628174	0.0	0.0	0.0	0.39194321632385254	0.0	0.0	1.3340671062469482	0.3798859417438507	0.0	0.0	0.4571513831615448	1.3404306173324585	0.4892216920852661	0.0	1.3039413690567017	0.4726109504699707	0.2912631630897522	0.0	0.0	0.0	0.51544588804245
1.2437124252319336	0.43296220898628235	0.0	0.8276964426040649	0.0	0.0	2.5848023891448975	0.0	0.7190768122673035	0.0	0.0	0.0	0.3997681736946106	0.0	0.0	0.7420039772987366	0.31749677658081055	0.4865551292896271	0.6826894283294678	0.12751254439353943	0.5105692744255066	0.38417521119117737	0.0	0.5047740340232849	1.3795106410980225	0.314637154340744	0.0	0.0	0.0	0.38631781935691833	0.0	0.656903088092804	0.0	0.0	0.0	0.8893910050392151	0.2227318435907364	0.7222839593887329	1.1838518381118774	0.7205302119255066	0.3429233431816101	0.6428598761558533	1.3603345155715942	0.0	0.0	0.0	0.3853013515472412	0.0	0.0	1.3650612831115723	0.4033977687358856	0.0	0.0	0.45059603452682495	1.3686201572418213	0.4886120557785034	0.0	1.266709804534912	0.3825102150440216	0.27261778712272644	0.0	0.0	0.0	0.5443944334983826
1.2375521659851074	0.43894362449645996	0.0	0.88470458984375	0.0	0.0	2.541797399520874	0.0	0.7090269327163696	0.0	0.0	0.0	0.42488986253738403	0.0	0.0	0.8224281072616577	0.3319588601589203	0.46833348274230957	0.6679472923278809	0.11378642916679382	0.6047816872596741	0.35408011078834534	0.0	0.5174288153648376	1.3874198198318481	0.3055056929588318	0.0	0.0	0.0	0.37904518842697144	0.0	0.6669120788574219	0.0	0.0	0.0	0.8649589419364929	0.2344776839017868	0.6951846480369568	1.1577091217041016	0.7298413515090942	0.256833016872406	0.6148957014083862	1.3020776510238647	0.0	0.0	0.0	0.37526947259902954	0.0	0.0	1.4477053880691528	0.3646756112575531	0.0	0.0	0.4216071367263794	1.3499351739883423	0.4463176429271698	0.0	1.3165847063064575	0.4480639100074768	0.2604979872703552	0.0	0.0	0.0	0.5127220153808594
1.1932554244995117	0.47415345907211304	0.0	0.8236240744590759	0.0	0.0	2.614696741104126	0.0	0.6654707193374634	0.0	0.0	0.0	0.3850082755088806	0.0	0.0	0.7491317987442017	0.30817726254463196	0.4709227979183197	0.673229455947876	0.1262175589799881	0.5191810727119446	0.3823869526386261	0.0	0.5159045457839966	1.394777536392212	0.332430362701416	0.0	0.0	0.0	0.4050767719745636	0.0	0.6659998893737793	0.0	0.0	0.0	0.8947338461875916	0.22869451344013214	0.6740512251853943	1.1761767864227295	0.7091981172561646	0.2825651466846466	0.6580250263214111	1.3555920124053955	0.0	0.0	0.0	0.35269397497177124	0.0	0.0	1.3304448127746582	0.4215760827064514	0.0	0.0	0.4833923280239105	1.3368735313415527	0.5120985507965088	0.0	1.3150241374969482	0.3872672915458679	0.25637832283973694	0.0	0.0	0.0	0.5111451148986816
1.2332425117492676	0.49247655272483826	0.0	0.9324348568916321	0.0	0.0	2.533623218536377	0.0	0.6577757000923157	0.0	0.0	0.0	0.4025932550430298	0.0	0.0	0.7807527184486389	0.3229270577430725	0.4783864915370941	0.707577109336853	0.12254678457975388	0.547639012336731	0.38979026675224304	0.0	0.5655974745750427	1.361462116241455	0.3308470845222473	0.0	0.0	0.0	0.389658659696579	0.0	0.6979687213897705	0.0	0.0	0.0	0.9021288156509399	0.40066689252853394	0.8037473559379578	1.1572494506835938	0.6962398886680603	0.25776541233062744	0.6193442344665527	1.273476481437683	0.0	0.0	0.0	0.3844074010848999	0.0	0.0	1.3683702945709229	0.3992041051387787	0.0	0.0	0.43996405601501465	1.310880422592163	0.43633711338043213	0.0	1.2830368280410767	0.40566691756248474	0.2948802709579468	0.0	0.0	0.0	0.49034827947616577
1.2263274192810059	0.445081889629364	0.0	0.8439590334892273	0.0	0.0	2.5649101734161377	0.0	0.668239414691925	0.0	0.0	0.0	0.35891321301460266	0.0	0.0	0.7614835500717163	0.35947802662849426	0.46846285462379456	0.7191702127456665	0.12235569953918457	0.5332595109939575	0.38099974393844604	0.0	0.5110762715339661	1.3614970445632935	0.3042769432067871	0.0	0.0	0.0	0.4164183437824249	0.0	0.6723872423171997	0.0	0.0	0.0	0.8558682203292847	0.4136958122253418	0.7195625901222229	1.1807464361190796	0.7126137018203735	0.25669559836387634	0.6594107747077942	1.3470202684402466	0.0	0.0	0.0	0.37840670347213745	0.0	0.0	1.3426696062088013	0.406393438577652	0.0	0.0	0.47973868250846863	1.32257080078125	0.5204349756240845	0.0	1.2956280708312988	0.37447571754455566	0.30439871549606323	0.0	0.0	0.0	0.48361697793006897
1.1961833238601685	0.48628100752830505	0.0	0.9160280227661133	0.0	0.0	2.548551321029663	0.0	0.722649872303009	0.0	0.0	0.0	0.43035250902175903	0.0	0.0	0.8315287232398987	0.3375081717967987	0.466316819190979	0.7309661507606506	0.11986768990755081	0.5560770034790039	0.34740960597991943	0.0	0.5197107195854187	1.4131782054901123	0.34342631697654724	0.0	0.0	0.0	0.36719006299972534	0.0	0.6542964577674866	0.0	0.0	0.0	0.8569911122322083	0.263708233833313	0.6677781939506531	1.1937928199768066	0.7451107501983643	0.27235618233680725	0.6072696447372437	1.291312575340271	0.0	0.0	0.0	0.39398378133773804	0.0	0.0	1.4473739862442017	0.4581564664840698	0.0	0.0	0.4307541847229004	1.3398021459579468	0.42588719725608826	0.0	1.3069543838500977	0.457506000995636	0.28698235750198364	0.0	0.0	0.0	0.5130547881126404
1.2285763025283813	0.454959511756897	0.0	0.8477808237075806	0.0	0.0	2.480705499649048	0.0	0.6775774359703064	0.0	0.0	0.0	0.38182297348976135	0.0	0.0	0.7641667723655701	0.3155626356601715	0.5096196532249451	0.6737420558929443	0.1212286576628685	0.5418729782104492	0.36923182010650635	0.0	0.47243499755859375	1.3774698972702026	0.3557490110397339	0.0	0.0	0.0	0.38056710362434387	0.0	0.6761600375175476	0.0	0.0	0.0	0.8528409004211426	0.21460998058319092	0.7065058946609497	1.1599113941192627	0.692990779876709	0.30382484197616577	0.6189255714416504	1.3266174793243408	0.0	0.0	0.0	0.4166322648525238	0.0	0.0	1.3500620126724243	0.3600422739982605	0.0	0.0	0.4252283573150635	1.3397423028945923	0.45575082302093506	0.0	1.2705050706863403	0.4055267572402954	0.25534749031066895	0.0	0.0	0.0	0.4897863566875458
1.2481080293655396	0.4290740191936493	0.0	0.9291802048683167	0.0	0.0	2.5113365650177	0.0	0.6522175669670105	0.0	0.0	0.0	0.44437071681022644	0.0	0.0	0.7667705416679382	0.3228644132614136	0.45516085624694824	0.6946512460708618	0.12339217960834503	0.5440171957015991	0.36891666054725647	0.0	0.5329318642616272	1.4132976531982422	0.30384692549705505	0.0	0.0	0.0	0.3705938458442688	0.0	0.6514723300933838	0.0	0.0	0.0	0.8486750721931458	0.2368367612361908	0.7000045776367188	1.1814008951187134	0.7370795607566833	0.2362518608570099	0.616774320602417	1.307757019996643	0.0	0.0	0.0	0.3850679099559784	0.0	0.0	1.4653966426849365	0.37758249044418335	0.0	0.0	0.4258820116519928	1.3144421577453613	0.4914603531360626	0.0	1.3004039525985718	0.4536437690258026	0.292121946811676	0.0	0.0	0.0	0.515436053276062
1.2237062454223633	0.4326493740081787	0.0	0.9231021404266357	0.0	0.0	2.5362548828125	0.0	0.7039636373519897	0.0	0.0	0.0	0.4620901942253113	0.0	0.0	0.8330749273300171	0.3310796916484833	0.4853637218475342	0.7025205492973328	0.1290883868932724	0.6039682626724243	0.3649037182331085	0.0	0.5279878377914429	1.412168025970459	0.3199930489063263	0.0	0.0	0.0	0.3971754312515259	0.0	0.6923028826713562	0.0	0.0	0.0	0.8391382694244385	0.3999321162700653	0.683272659778595	1.1657804250717163	0.6943125128746033	0.25560083985328674	0.6406993269920349	1.306210994720459	0.0	0.0	0.0	0.38557398319244385	0.0	0.0	1.444966435432434	0.39736345410346985	0.0	0.0	0.4251715838909149	1.3409740924835205	0.48643940687179565	0.0	1.300423264503479	0.4687049388885498	0.29577717185020447	0.0	0.0	0.0	0.5136679410934448
1.2222771644592285	0.4532288610935211	0.0	0.8634074330329895	0.0	0.0	2.4932498931884766	0.0	0.662986695766449	0.0	0.0	0.0	0.4089282751083374	0.0	0.0	0.7857382893562317	0.3309187591075897	0.4724564254283905	0.7078536748886108	0.11811476945877075	0.562288224697113	0.36915862560272217	0.0	0.48812514543533325	1.375195860862732	0.31860053539276123	0.0	0.0	0.0	0.3832858204841614	0.0	0.6746127605438232	0.0	0.0	0.0	0.8541772365570068	0.20470190048217773	0.6892927289009094	1.1752194166183472	0.7162365913391113	0.288279265165329	0.6360510587692261	1.302014946937561	0.0	0.0	0.0	0.3682035207748413	0.0	0.0	1.3771885633468628	0.4254192113876343	0.0	0.0	0.426576167345047	1.3396403789520264	0.4483805298805237	0.0	1.3014832735061646	0.3978860080242157	0.26175686717033386	0.0	0.0	0.0	0.5194441676139832
1.2139878273010254	0.46935153007507324	0.0	0.8664052486419678	0.0	0.0	2.493716239929199	0.0	0.6735947728157043	0.0	0.0	0.0	0.39945170283317566	0.0	0.0	0.7985379695892334	0.305284708738327	0.48323383927345276	0.6964289546012878	0.12013062089681625	0.5514188408851624	0.39010077714920044	0.0	0.48868778347969055	1.3913034200668335	0.3292000889778137	0.0	0.0	0.0	0.3630834221839905	0.0	0.6935238242149353	0.0	0.0	0.0	0.8871014714241028	0.4157363176345825	0.6974689960479736	1.1824342012405396	0.6938247084617615	0.263107031583786	0.6481795310974121	1.2742177248001099	0.0	0.0	0.0	0.34966105222702026	0.0	0.0	1.3736056089401245	0.39161887764930725	0.0	0.0	0.41233575344085693	1.3256564140319824	0.4689873456954956	0.0	1.2932989597320557	0.39967596530914307	0.300307035446167	0.0	0.0	0.0	0.5430054068565369
1.2051435708999634	0.4546055495738983	0.0	0.9606841206550598	0.0	0.0	2.5326366424560547	0.0	0.684960663318634	0.0	0.0	0.0	0.37290307879447937	0.0	0.0	0.7572975754737854	0.3202049732208252	0.4811604917049408	0.6677934527397156	0.13870421051979065	0.5610342025756836	0.3936094045639038	0.0	0.5914137363433838	1.3944483995437622	0.30213531851768494	0.0	0.0	0.0	0.3810334801673889	0.0	0.6621610522270203	0.0	0.0	0.0	0.8914347290992737	0.30096399784088135	0.7788270115852356	1.1754711866378784	0.7045286893844604	0.30174335837364197	0.6388382315635681	1.347991943359375	0.0	0.0	0.0	0.36179840564727783	0.0	0.0	1.3599530458450317	0.3908270597457886	0.0	0.0	0.5008572936058044	1.350374460220337	0.443360835313797	0.0	1.3268250226974487	0.3761617839336395	0.2788221538066864	0.0	0.0	0.0	0.506598949432373
1.2394713163375854	0.44825315475463867	0.0	0.8259432315826416	0.0	0.0	2.4928884506225586	0.0	0.6873818635940552	0.0	0.0	0.0	0.3526120185852051	0.0	0.0	0.7672577500343323	0.31128624081611633	0.496339350938797	0.6658908724784851	0.10674846917390823	0.5216323137283325	0.3787532150745392	0.0	0.4812747538089752	1.3799453973770142	0.3373216688632965	0.0	0.0	0.0	0.37455251812934875	0.0	0.6726424098014832	0.0	0.0	0.0	0.8537651896476746	0.22635166347026825	0.6949709057807922	1.1791718006134033	0.6933954954147339	0.27468857169151306	0.6107725501060486	1.315816044807434	0.0	0.0	0.0	0.34663185477256775	0.0	0.0	1.326493501663208	0.48578476905822754	0.0	0.0	0.43943169713020325	1.3321269750595093	0.4703182876110077	0.0	1.3309326171875	0.37516114115715027	0.25747549533843994	0.0	0.0	0.0	0.5222322940826416
1.2277864217758179	0.49570685625076294	0.0	0.971177875995636	0.0	0.0	2.5031728744506836	0.0	0.6845137476921082	0.0	0.0	0.0	0.3960939645767212	0.0	0.0	0.8231877088546753	0.3242875933647156	0.48287418484687805	0.6910057663917542	0.14596936106681824	0.6042599081993103	0.3383103311061859	0.0	0.6213632822036743	1.366295337677002	0.3383437991142273	0.0	0.0	0.0	0.39473462104797363	0.0	0.6482827663421631	0.0	0.0	0.0	0.8704051375389099	0.2971161901950836	0.8079364895820618	1.1786381006240845	0.7048418521881104	0.2505187392234802	0.6473848223686218	1.327579140663147	0.0	0.0	0.0	0.4348631501197815	0.0	0.0	1.327643871307373	0.3584839105606079	0.0	0.0	0.4657541513442993	1.32636296749115	0.46820369362831116	0.0	1.2736815214157104	0.4284052550792694	0.28483906388282776	0.0	0.0	0.0	0.5117440223693848
1.2580366134643555	0.4606771767139435	0.0	0.8286411166191101	0.0	0.0	2.4554243087768555	0.0	0.6836820244789124	0.0	0.0	0.0	0.38536524772644043	0.0	0.0	0.7619947791099548	0.32876092195510864	0.4645664691925049	0.6700112819671631	0.13903692364692688	0.5317510366439819	0.36369049549102783	0.0	0.48634761571884155	1.408387303352356	0.2975737750530243	0.0	0.0	0.0	0.37167051434516907	0.0	0.6644344925880432	0.0	0.0	0.0	0.8518419861793518	0.22420857846736908	0.7147246599197388	1.182070255279541	0.7134009599685669	0.26751232147216797	0.6528964638710022	1.309968113899231	0.0	0.0	0.0	0.38341468572616577	0.0	0.0	1.3707300424575806	0.39323633909225464	0.0	0.0	0.4312428832054138	1.3567389249801636	0.4451146423816681	0.0	1.2898379564285278	0.38169896602630615	0.254253089427948	0.0	0.0	0.0	0.5286710262298584
1.2406983375549316	0.4811011552810669	0.0	0.9130439162254333	0.0	0.0	2.554180145263672	0.0	0.6794028282165527	0.0	0.0	0.0	0.4219820201396942	0.0	0.0	0.8934839963912964	0.3350788950920105	0.4688134789466858	0.6662549376487732	0.11055688560009003	0.5992960333824158	0.3648747205734253	0.0	0.5331683158874512	1.406952977180481	0.3072158694267273	0.0	0.0	0.0	0.3649355471134186	0.0	0.6525129675865173	0.0	0.0	0.0	0.8483135104179382	0.3851824104785919	0.696290910243988	1.1811561584472656	0.7164093255996704	0.26072341203689575	0.608260989189148	1.2897790670394897	0.0	0.0	0.0	0.3718181550502777	0.0	0.0	1.4223483800888062	0.37882882356643677	0.0	0.0	0.429884135723114	1.3450076580047607	0.4860544502735138	0.0	1.332465410232544	0.37150105834007263	0.30318164825439453	0.0	0.0	0.0	0.5199035406112671
1.2034472227096558	0.48523712158203125	0.0	0.8780819773674011	0.0	0.0	2.564741849899292	0.0	0.6589037775993347	0.0	0.0	0.0	0.3731938898563385	0.0	0.0	0.7542265057563782	0.37358957529067993	0.5601546168327332	0.6956618428230286	0.11571268737316132	0.5582976937294006	0.3782217502593994	0.0	0.47719767689704895	1.3688886165618896	0.37075382471084595	0.0	0.0	0.0	0.40417709946632385	0.0	0.6936802864074707	0.0	0.0	0.0	0.8372867107391357	0.21242225170135498	0.7333042621612549	1.1719130277633667	0.717140257358551	0.3082382082939148	0.6362448930740356	1.2992777824401855	0.0	0.0	0.0	0.3483484089374542	0.0	0.0	1.3346065282821655	0.38805705308914185	0.0	0.0	0.44480979442596436	1.329595923423767	0.4486198425292969	0.0	1.2985881567001343	0.4148540496826172	0.2616707682609558	0.0	0.0	0.0	0.4884629249572754
1.2675106525421143	0.4467162787914276	0.0	0.9461395144462585	0.0	0.0	2.52034592628479	0.0	0.7503399848937988	0.0	0.0	0.0	0.4486221969127655	0.0	0.0	0.8361153602600098	0.37727099657058716	0.4781867265701294	0.674354612827301	0.1161191388964653	0.6021120548248291	0.37144315242767334	0.0	0.5237702131271362	1.391875147819519	0.3226589560508728	0.0	0.0	0.0	0.3593226969242096	0.0	0.6448308229446411	0.0	0.0	0.0	0.8585242033004761	0.25888940691947937	0.6896616816520691	1.181403398513794	0.7019751667976379	0.23808227479457855	0.6220736503601074	1.3099473714828491	0.0	0.0	0.0	0.4006277918815613	0.0	0.0	1.4303807020187378	0.36669397354125977	0.0	0.0	0.4232320785522461	1.3425673246383667	0.4519096314907074	0.0	1.2730318307876587	0.4738202691078186	0.2948090732097626	0.0	0.0	0.0	0.5143156051635742
1.2437114715576172	0.48326021432876587	0.0	0.889519453048706	0.0	0.0	2.50470232963562	0.0	0.6642093062400818	0.0	0.0	0.0	0.4180886149406433	0.0	0.0	0.7465793490409851	0.3192262053489685	0.4986676573753357	0.7037966847419739	0.12070497125387192	0.5423163175582886	0.3503066599369049	0.0	0.48116105794906616	1.3831336498260498	0.38399651646614075	0.0	0.0	0.0	0.3794309198856354	0.0	0.711808443069458	0.0	0.0	0.0	0.8812595009803772	0.214850053191185	0.7184736132621765	1.1853033304214478	0.7045378684997559	0.31009241938591003	0.6406101584434509	1.29878830909729	0.0	0.0	0.0	0.3575616776943207	0.0	0.0	1.3665908575057983	0.3759765326976776	0.0	0.0	0.4185405373573303	1.3370074033737183	0.4706648290157318	0.0	1.2935681343078613	0.43612051010131836	0.32177677750587463	0.0	0.0	0.0	0.5738171935081482
1.2538106441497803	0.45256486535072327	0.0	1.0745075941085815	0.0	0.0	2.553098678588867	0.0	0.7383959889411926	0.0	0.0	0.0	0.3721069395542145	0.0	0.0	0.8517540097236633	0.31865450739860535	0.4698028862476349	0.7048065066337585	0.13625207543373108	0.6419748663902283	0.36471667885780334	0.0	0.6845971345901489	1.3922231197357178	0.29080453515052795	0.0	0.0	0.0	0.3565049171447754	0.0	0.6494882702827454	0.0	0.0	0.0	0.8423457145690918	0.33241111040115356	0.7559952735900879	1.1689634323120117	0.7056133151054382	0.25727027654647827	0.6683120131492615	1.3077043294906616	0.0	0.0	0.0	0.44414615631103516	0.0	0.0	1.4492058753967285	0.4977337419986725	0.0	0.0	0.49686199426651	1.3300375938415527	0.4749401807785034	0.0	1.2988519668579102	0.38686853647232056	0.3178604245185852	0.0	0.0	0.0	0.5249097347259521
1.2490782737731934	0.4462279677391052	0.0	0.8607993125915527	0.0	0.0	2.457197904586792	0.0	0.6679821610450745	0.0	0.0	0.0	0.37590140104293823	0.0	0.0	0.7659634351730347	0.3384324908256531	0.48266351222991943	0.6873619556427002	0.12620358169078827	0.5314871072769165	0.36746594309806824	0.0	0.4766612648963928	1.40158212184906	0.2948143482208252	0.0	0.0	0.0	0.36868491768836975	0.0	0.6577587723731995	0.0	0.0	0.0	0.8455105423927307	0.2208157777786255	0.695401132106781	1.1848933696746826	0.7029959559440613	0.25913432240486145	0.6549787521362305	1.300329566001892	0.0	0.0	0.0	0.3643788993358612	0.0	0.0	1.3628525733947754	0.386371910572052	0.0	0.0	0.41957801580429077	1.3536348342895508	0.46010202169418335	0.0	1.2769927978515625	0.3760392963886261	0.27166861295700073	0.0	0.0	0.0	0.4932480454444885
1.2443958520889282	0.45367366075515747	0.0	0.8198650479316711	0.0	0.0	2.5211966037750244	0.0	0.6645349264144897	0.0	0.0	0.0	0.37083572149276733	0.0	0.0	0.7848336100578308	0.31105121970176697	0.5035414099693298	0.6974626779556274	0.1111237034201622	0.522075355052948	0.39530834555625916	0.0	0.509610652923584	1.3715102672576904	0.2912944257259369	0.0	0.0	0.0	0.3988107442855835	0.0	0.6811661720275879	0.0	0.0	0.0	0.8477364182472229	0.21880963444709778	0.7054855823516846	1.1713865995407104	0.6912552118301392	0.2653920650482178	0.6235670447349548	1.2992857694625854	0.0	0.0	0.0	0.35214734077453613	0.0	0.0	1.3319236040115356	0.3822228014469147	0.0	0.0	0.4729490280151367	1.331683874130249	0.4494672417640686	0.0	1.29231858253479	0.37548285722732544	0.2703428566455841	0.0	0.0	0.0	0.5005945563316345
1.2208102941513062	0.4795849323272705	0.0	0.8137397766113281	0.0	0.0	2.477921962738037	0.0	0.6782538294792175	0.0	0.0	0.0	0.38062921166419983	0.0	0.0	0.742874801158905	0.31894829869270325	0.4725196063518524	0.6874358654022217	0.13774842023849487	0.5311868190765381	0.3737412393093109	0.0	0.5116198062896729	1.3725237846374512	0.300403356552124	0.0	0.0	0.0	0.4209616184234619	0.0	0.6815874576568604	0.0	0.0	0.0	0.8924337029457092	0.21484018862247467	0.7083749771118164	1.210693597793579	0.7224425673484802	0.26429814100265503	0.6637192368507385	1.3000869750976562	0.0	0.0	0.0	0.351591020822525	0.0	0.0	1.365041971206665	0.3886706531047821	0.0	0.0	0.449434369802475	1.3245130777359009	0.4898971915245056	0.0	1.299430012702942	0.3837411105632782	0.28483688831329346	0.0	0.0	0.0	0.5029617547988892
1.2074670791625977	0.506278395652771	0.0	0.9388026595115662	0.0	0.0	2.5412960052490234	0.0	0.6718342304229736	0.0	0.0	0.0	0.35244929790496826	0.0	0.0	0.78147953748703	0.3089444935321808	0.5383222103118896	0.7238926291465759	0.14728142321109772	0.5221827030181885	0.37171193957328796	0.0	0.5347262620925903	1.3780968189239502	0.37676677107810974	0.0	0.0	0.0	0.42345812916755676	0.0	0.666901707649231	0.0	0.0	0.0	0.8383697271347046	0.39548957347869873	0.7611482739448547	1.194053053855896	0.7109369039535522	0.3259469270706177	0.6424575448036194	1.2990530729293823	0.0	0.0	0.0	0.3478667736053467	0.0	0.0	1.3641986846923828	0.4046492278575897	0.0	0.0	0.49226582050323486	1.3416008949279785	0.45559579133987427	0.0	1.2794724702835083	0.42076921463012695	0.263004332780838	0.0	0.0	0.0	0.5150411128997803
1.2127711772918701	0.4587291479110718	0.0	0.853932797908783	0.0	0.0	2.543555974960327	0.0	0.6820811629295349	0.0	0.0	0.0	0.3820819556713104	0.0	0.0	0.790253758430481	0.32379239797592163	0.48486852645874023	0.6762564182281494	0.10249202698469162	0.5291361212730408	0.39878177642822266	0.0	0.5174351334571838	1.3658486604690552	0.3275744915008545	0.0	0.0	0.0	0.37766915559768677	0.0	0.6751261353492737	0.0	0.0	0.0	0.8854043483734131	0.24982590973377228	0.7034329771995544	1.1737756729125977	0.7285259366035461	0.2522141635417938	0.6305264234542847	1.281836748123169	0.0	0.0	0.0	0.37991952896118164	0.0	0.0	1.393328070640564	0.4198053181171417	0.0	0.0	0.4640473425388336	1.349564790725708	0.4557829797267914	0.0	1.326831579208374	0.4131956100463867	0.2561573088169098	0.0	0.0	0.0	0.4786999225616455
1.2472444772720337	0.48863354325294495	0.0	0.9183260798454285	0.0	0.0	2.5688719749450684	0.0	0.7090060710906982	0.0	0.0	0.0	0.4335010349750519	0.0	0.0	0.8753006458282471	0.3457755148410797	0.442496657371521	0.7012564539909363	0.13279522955417633	0.6045105457305908	0.3420245349407196	0.0	0.5631827712059021	1.3857369422912598	0.3253118693828583	0.0	0.0	0.0	0.3553355634212494	0.0	0.6509539484977722	0.0	0.0	0.0	0.8964250087738037	0.45659053325653076	0.725857138633728	1.1833646297454834	0.7267550230026245	0.2641827464103699	0.6456319689750671	1.3133667707443237	0.0	0.0	0.0	0.3779899775981903	0.0	0.0	1.4806573390960693	0.3921656906604767	0.0	0.0	0.40537041425704956	1.3336281776428223	0.4628763198852539	0.0	1.3265663385391235	0.4314824342727661	0.3016950786113739	0.0	0.0	0.0	0.5160025358200073
1.3029981851577759	0.47023868560791016	0.0	0.8187610507011414	0.0	0.0	2.630258560180664	0.0	0.6837647557258606	0.0	0.0	0.0	0.39032742381095886	0.0	0.0	0.7603398561477661	0.35048985481262207	0.48455676436424255	0.714202344417572	0.13240577280521393	0.5352293252944946	0.3735158145427704	0.0	0.5224267840385437	1.3790349960327148	0.3074047267436981	0.0	0.0	0.0	0.3734264373779297	0.0	0.6675489544868469	0.0	0.0	0.0	0.8455873727798462	0.2272975742816925	0.7244843244552612	1.16991126537323	0.724351704120636	0.2782711982727051	0.6618973016738892	1.331244945526123	0.0	0.0	0.0	0.38192006945610046	0.0	0.0	1.3198657035827637	0.36835169792175293	0.0	0.0	0.4252544045448303	1.3558248281478882	0.44735896587371826	0.0	1.2832379341125488	0.37674233317375183	0.3074059784412384	0.0	0.0	0.056562624871730804	0.5059911012649536
1.247728705406189	0.4512264132499695	0.0	0.8112909197807312	0.0	0.0	2.4982149600982666	0.0	0.6603555679321289	0.0	0.0	0.0	0.3854336142539978	0.0	0.0	0.7699295878410339	0.3332200348377228	0.489213764667511	0.6958742141723633	0.11933795362710953	0.5345191955566406	0.3786040246486664	0.0	0.5003884434700012	1.3769019842147827	0.31905773282051086	0.0	0.0	0.0	0.38971513509750366	0.0	0.6976208686828613	0.0	0.0	0.0	0.8919289112091064	0.2199249267578125	0.70149165391922	1.1701767444610596	0.7045708298683167	0.27386564016342163	0.6629064679145813	1.3011341094970703	0.0	0.0	0.0	0.3529198467731476	0.0	0.0	1.353712558746338	0.43579262495040894	0.0	0.0	0.4358542859554291	1.3354570865631104	0.44283267855644226	0.0	1.27825129032135	0.37031760811805725	0.30150413513183594	0.0	0.0	0.0	0.4964044988155365
1.2385307550430298	0.4423860013484955	0.0	0.853710412979126	0.0	0.0	2.4372339248657227	0.0	0.6951274275779724	0.0	0.0	0.0	0.3999946117401123	0.0	0.0	0.7549877762794495	0.32651710510253906	0.45820242166519165	0.6838377118110657	0.11088878661394119	0.5530028939247131	0.35341426730155945	0.0	0.49367186427116394	1.373479962348938	0.3047160506248474	0.0	0.0	0.0	0.37211135029792786	0.0	0.6562004089355469	0.0	0.0	0.0	0.8448340892791748	0.21068663895130157	0.6874305605888367	1.1781785488128662	0.7186344265937805	0.2644081711769104	0.6174504160881042	1.2724642753601074	0.0	0.0	0.0	0.3441994786262512	0.0	0.0	1.3472790718078613	0.3696000277996063	0.0	0.0	0.412738561630249	1.3154611587524414	0.4464831054210663	0.0	1.2659223079681396	0.3706938326358795	0.29713401198387146	0.0	0.0	0.0	0.49224814772605896
1.199582576751709	0.4685041606426239	0.0	0.9272076487541199	0.0	0.0	2.528336763381958	0.0	0.6787297129631042	0.0	0.0	0.0	0.3924248218536377	0.0	0.0	0.7390384078025818	0.3350854218006134	0.46763256192207336	0.7117275595664978	0.1332310438156128	0.5321058630943298	0.3811468482017517	0.0	0.5741673707962036	1.3541284799575806	0.29387372732162476	0.0	0.0	0.0	0.4001016616821289	0.0	0.6550175547599792	0.0	0.0	0.0	0.8808002471923828	0.26663461327552795	0.7428008913993835	1.161958932876587	0.7291901111602783	0.3135441541671753	0.6658860445022583	1.3399525880813599	0.0	0.0	0.0	0.36105474829673767	0.0	0.0	1.3645871877670288	0.39405831694602966	0.0	0.0	0.4783908724784851	1.3837684392929077	0.4810349643230438	0.0	1.2959675788879395	0.38736024498939514	0.28988030552864075	0.0	0.0	0.0	0.49703148007392883
1.2736883163452148	0.4755311608314514	0.0	0.9201036691665649	0.0	0.0	2.562638521194458	0.0	0.6668123006820679	0.0	0.0	0.0	0.39885857701301575	0.0	0.0	0.7714422345161438	0.3490694463253021	0.5049958825111389	0.7291437387466431	0.13877585530281067	0.5517817139625549	0.38605228066444397	0.0	0.4980824589729309	1.459800362586975	0.35952436923980713	0.0	0.0	0.0	0.3751179873943329	0.0	0.6613168120384216	0.0	0.0	0.0	0.8741392493247986	0.24025560915470123	0.7257953882217407	1.2165290117263794	0.7405202984809875	0.2579188048839569	0.6474565863609314	1.3656498193740845	0.0	0.0	0.0	0.4005880653858185	0.0	0.0	1.3879579305648804	0.3908925950527191	0.0	0.0	0.45598289370536804	1.3696955442428589	0.4800156056880951	0.0	1.274505853652954	0.3674100935459137	0.26832327246665955	0.0	0.0	0.0	0.4981266260147095
1.2356585264205933	0.46539604663848877	0.0	0.837558388710022	0.0	0.0	2.5117876529693604	0.0	0.6646831035614014	0.0	0.0	0.0	0.37940990924835205	0.0	0.0	0.7559280395507812	0.3328010141849518	0.49437975883483887	0.7119106650352478	0.12089142203330994	0.5636831521987915	0.37907516956329346	0.0	0.5061951279640198	1.4141051769256592	0.33581092953681946	0.0	0.0	0.0	0.369048535823822	0.0	0.7222610712051392	0.0	0.0	0.0	0.8644055724143982	0.22028227150440216	0.7054309844970703	1.1699776649475098	0.7139236927032471	0.25390157103538513	0.6281754970550537	1.273987889289856	0.0	0.0	0.0	0.3525889813899994	0.0	0.0	1.3435375690460205	0.3776015043258667	0.0	0.0	0.45003005862236023	1.3349745273590088	0.4723065495491028	0.0	1.2806077003479004	0.3860262930393219	0.32323774695396423	0.0	0.0	0.0	0.5551901459693909
1.2377372980117798	0.47878846526145935	0.0	0.9179837107658386	0.0	0.0	2.5406670570373535	0.0	0.7042160034179688	0.0	0.0	0.0	0.43547073006629944	0.0	0.0	0.835242509841919	0.3196473717689514	0.5000423192977905	0.6933417916297913	0.1120443269610405	0.6065285205841064	0.38029348850250244	0.0	0.5217360854148865	1.3826329708099365	0.3301823139190674	0.0	0.0	0.0	0.39469030499458313	0.0	0.668708860874176	0.0	0.0	0.0	0.8526086807250977	0.24046184122562408	0.6970429420471191	1.1803555488586426	0.6905049085617065	0.2517613470554352	0.6345681548118591	1.3282462358474731	0.0	0.0	0.0	0.3795822560787201	0.0	0.0	1.4452323913574219	0.40239420533180237	0.0	0.0	0.46720561385154724	1.342629313468933	0.49433574080467224	0.0	1.3182401657104492	0.46974608302116394	0.2565053403377533	0.0	0.0	0.0	0.5021010041236877
1.2028300762176514	0.4442313313484192	0.0	0.8300394415855408	0.0	0.0	2.5197556018829346	0.0	0.6704712510108948	0.0	0.0	0.0	0.38716232776641846	0.0	0.0	0.7588446140289307	0.3225724995136261	0.4857024848461151	0.6890001893043518	0.11604493111371994	0.5238876938819885	0.3600579500198364	0.0	0.5059183835983276	1.3870952129364014	0.312831312417984	0.0	0.0	0.0	0.3800046443939209	0.0	0.6648274660110474	0.0	0.0	0.0	0.8786330223083496	0.20775781571865082	0.7175804972648621	1.1942952871322632	0.7034745216369629	0.2609761953353882	0.6498491168022156	1.318184494972229	0.0	0.0	0.0	0.3618966042995453	0.0	0.0	1.363133430480957	0.39380010962486267	0.0	0.0	0.4023648798465729	1.3428986072540283	0.42486292123794556	0.0	1.2896536588668823	0.37897974252700806	0.2617835998535156	0.0	0.0	0.0	0.5046501159667969
1.2357525825500488	0.43666377663612366	0.0	0.9281718134880066	0.0	0.0	2.4560739994049072	0.0	0.7230002880096436	0.0	0.0	0.0	0.43840473890304565	0.0	0.0	0.8516812324523926	0.33038461208343506	0.4598570466041565	0.678752601146698	0.10766447335481644	0.6153122782707214	0.3852250874042511	0.0	0.5503153800964355	1.3893482685089111	0.3214239776134491	0.0	0.0	0.0	0.38763245940208435	0.0	0.6473300457000732	0.0	0.0	0.0	0.8313075304031372	0.25098851323127747	0.6840965747833252	1.186174750328064	0.6978827714920044	0.24546095728874207	0.6168333292007446	1.282766580581665	0.0	0.0	0.0	0.3926176428794861	0.0	0.0	1.3491350412368774	0.3635307550430298	0.0	0.0	0.4276578724384308	1.3254013061523438	0.4574386179447174	0.0	1.298092246055603	0.46391284465789795	0.28236693143844604	0.0	0.0	0.0	0.5270544290542603
1.209337592124939	0.4627026915550232	0.0	0.9260069727897644	0.0	0.0	2.4584121704101562	0.0	0.7255570292472839	0.0	0.0	0.0	0.44001081585884094	0.0	0.0	0.8602442741394043	0.364213228225708	0.4824812114238739	0.6839295029640198	0.1095191165804863	0.6000941395759583	0.37680113315582275	0.0	0.5422041416168213	1.382164478302002	0.30926182866096497	0.0	0.0	0.0	0.39616838097572327	0.0	0.6732732057571411	0.0	0.0	0.0	0.8455761075019836	0.2669423222541809	0.7110058069229126	1.2044304609298706	0.7024881839752197	0.2381206601858139	0.6128974556922913	1.3238388299942017	0.0	0.0	0.0	0.38883548974990845	0.0	0.0	1.478677749633789	0.38011419773101807	0.0	0.0	0.4322110414505005	1.3250583410263062	0.47004175186157227	0.0	1.3153760433197021	0.48199406266212463	0.30324670672416687	0.0	0.0	0.0	0.49506738781929016
1.2233928442001343	0.42633357644081116	0.0	0.8197442889213562	0.0	0.0	2.4789865016937256	0.0	0.6637797355651855	0.0	0.0	0.0	0.3576202690601349	0.0	0.0	0.7479828000068665	0.3311975598335266	0.4754021465778351	0.6653206944465637	0.10659484565258026	0.5166823863983154	0.3624119162559509	0.0	0.4768070578575134	1.3779789209365845	0.3338069021701813	0.0	0.0	0.0	0.40279364585876465	0.0	0.6443393230438232	0.0	0.0	0.0	0.87091064453125	0.2077060341835022	0.6965664625167847	1.1748734712600708	0.7232329249382019	0.24174930155277252	0.6102772355079651	1.2893071174621582	0.0	0.0	0.0	0.34268471598625183	0.0	0.0	1.3269028663635254	0.3594817817211151	0.0	0.0	0.4400933086872101	1.326785683631897	0.4277026653289795	0.0	1.2818328142166138	0.36834996938705444	0.25852108001708984	0.0	0.0	0.0	0.5017907023429871
1.233702301979065	0.455491304397583	0.0	0.8758459091186523	0.0	0.0	2.5547091960906982	0.0	0.6558812260627747	0.0	0.0	0.0	0.4314941167831421	0.0	0.0	0.7834511399269104	0.32203376293182373	0.47876644134521484	0.7138875126838684	0.1507744938135147	0.5146130323410034	0.38838937878608704	0.0	0.48864758014678955	1.3559542894363403	0.3250286877155304	0.0	0.0	0.0	0.4242468774318695	0.0	0.7230023741722107	0.0	0.0	0.0	0.8648821711540222	0.24158582091331482	0.7412803769111633	1.167708396911621	0.6936655640602112	0.3291604518890381	0.6651162505149841	1.2943917512893677	0.0	0.0	0.0	0.38030806183815	0.0	0.0	1.3115462064743042	0.3899804651737213	0.0	0.0	0.41669604182243347	1.3257821798324585	0.45949962735176086	0.0	1.2847120761871338	0.4056057631969452	0.3303135931491852	0.0	0.0	0.0	0.49859073758125305
1.250950813293457	0.5035916566848755	0.0	0.8595547676086426	0.0	0.0	2.525951623916626	0.0	0.6629317998886108	0.0	0.0	0.0	0.389058917760849	0.0	0.0	0.7943891882896423	0.3482377529144287	0.4785085916519165	0.6839338541030884	0.12690067291259766	0.5236114859580994	0.36833927035331726	0.0	0.46674904227256775	1.3913694620132446	0.3479132652282715	0.0	0.0	0.0	0.39381131529808044	0.0	0.6915929913520813	0.0	0.0	0.0	0.8871752023696899	0.23313775658607483	0.7233565449714661	1.1930347681045532	0.7135723829269409	0.2650809586048126	0.6629810333251953	1.3243013620376587	0.0	0.0	0.0	0.3748476803302765	0.0	0.0	1.3389617204666138	0.3976179361343384	0.0	0.0	0.42846742272377014	1.333321213722229	0.45894855260849	0.0	1.2906521558761597	0.4076584279537201	0.3069041073322296	0.0	0.0	0.0	0.5710704326629639
1.2065787315368652	0.4609001576900482	0.0	0.8228068351745605	0.0	0.0	2.446815252304077	0.0	0.7032294869422913	0.0	0.0	0.0	0.3698726296424866	0.0	0.0	0.8108711242675781	0.31685733795166016	0.4939635694026947	0.6940869688987732	0.11248597502708435	0.5364880561828613	0.38064324855804443	0.0	0.4827634394168854	1.3700530529022217	0.3151465356349945	0.0	0.0	0.0	0.38252905011177063	0.0	0.696390688419342	0.0	0.0	0.0	0.8454486131668091	0.40140727162361145	0.69417405128479	1.1619832515716553	0.6848973035812378	0.25583797693252563	0.6234892010688782	1.2709277868270874	0.0	0.0	0.0	0.379456102848053	0.0	0.0	1.3658664226531982	0.38516151905059814	0.0	0.0	0.4328123927116394	1.3329980373382568	0.4635079801082611	0.0	1.3080065250396729	0.41354498267173767	0.3172912001609802	0.0	0.0	0.0	0.5041813254356384
1.2626633644104004	0.4973485767841339	0.0	0.9406232237815857	0.0	0.0	2.4886579513549805	0.0	0.7360095977783203	0.0	0.0	0.0	0.44718876481056213	0.0	0.0	0.8466394543647766	0.31947407126426697	0.4702081084251404	0.6818408370018005	0.1038188710808754	0.6203755140304565	0.3646696209907532	0.0	0.5347004532814026	1.3821011781692505	0.3146553933620453	0.0	0.0	0.0	0.39188352227211	0.0	0.6537496447563171	0.0	0.0	0.0	0.8967699408531189	0.2519358694553375	0.6873096823692322	1.1997789144515991	0.6798766255378723	0.2900885045528412	0.6312872171401978	1.276505470275879	0.0	0.0	0.0	0.39112070202827454	0.0	0.0	1.4711092710494995	0.3577636778354645	0.0	0.0	0.3958497643470764	1.3507354259490967	0.4325851798057556	0.0	1.2933710813522339	0.47657540440559387	0.28063884377479553	0.0	0.0	0.0	0.5205867886543274
1.2312073707580566	0.4578932225704193	0.0	0.8337509036064148	0.0	0.0	2.49947190284729	0.0	0.6733522415161133	0.0	0.0	0.0	0.39621567726135254	0.0	0.0	0.7791186571121216	0.34307822585105896	0.47196412086486816	0.6678675413131714	0.11773037910461426	0.5752372145652771	0.36700376868247986	0.0	0.49923813343048096	1.4048887491226196	0.3131549060344696	0.0	0.0	0.0	0.3965470790863037	0.0	0.6492141485214233	0.0	0.0	0.0	0.8824434876441956	0.3745976686477661	0.7195377349853516	1.1649343967437744	0.7264777421951294	0.25567832589149475	0.6322557330131531	1.3153252601623535	0.0	0.0	0.0	0.3493141531944275	0.0	0.0	1.351289987564087	0.36769697070121765	0.0	0.0	0.4219799041748047	1.3302361965179443	0.4550812244415283	0.0	1.3113040924072266	0.3701359033584595	0.2761959731578827	0.0	0.0	0.0	0.4945708215236664
1.2381685972213745	0.4685623049736023	0.0	0.8562862277030945	0.0	0.0	2.53877329826355	0.0	0.6928834319114685	0.0	0.0	0.0	0.37231558561325073	0.0	0.0	0.7738727927207947	0.31039145588874817	0.4882977306842804	0.6828644871711731	0.11705797910690308	0.5177866220474243	0.3735213279724121	0.0	0.48591169714927673	1.3660004138946533	0.3739164173603058	0.0	0.0	0.0	0.37799733877182007	0.0	0.6492677927017212	0.0	0.0	0.0	0.8362002372741699	0.22862446308135986	0.727494478225708	1.1523947715759277	0.693607747554779	0.2841169834136963	0.6218563318252563	1.3312137126922607	0.0	0.0	0.0	0.34116557240486145	0.0	0.0	1.3629487752914429	0.3718162477016449	0.0	0.0	0.4463191330432892	1.3326139450073242	0.4523797631263733	0.0	1.30203115940094	0.40955013036727905	0.2531737983226776	0.0	0.0	0.0	0.4863635301589966
1.2571303844451904	0.4749279320240021	0.0	0.8569884300231934	0.0	0.0	2.495276927947998	0.0	0.6944752931594849	0.0	0.0	0.0	0.3864907920360565	0.0	0.0	0.8038270473480225	0.3288303017616272	0.5199660658836365	0.7040011882781982	0.1363697350025177	0.5564981698989868	0.3881774842739105	0.0	0.5149433016777039	1.4013947248458862	0.32046326994895935	0.0	0.0	0.0	0.4016987681388855	0.0	0.6685755848884583	0.0	0.0	0.0	0.9015368819236755	0.227102130651474	0.678514838218689	1.1853104829788208	0.7482333779335022	0.2716270685195923	0.6577317714691162	1.3012292385101318	0.0	0.0	0.0	0.35014286637306213	0.0	0.0	1.3959369659423828	0.3655005693435669	0.0	0.0	0.44661280512809753	1.3757848739624023	0.4571138322353363	0.0	1.2718490362167358	0.38969686627388	0.3113803565502167	0.0	0.0	0.0	0.5151154398918152
1.2157763242721558	0.4634436368942261	0.0	0.8400971293449402	0.0	0.0	2.434880495071411	0.0	0.6652771234512329	0.0	0.0	0.0	0.3719289004802704	0.0	0.0	0.7532585263252258	0.3652416169643402	0.45300373435020447	0.6612732410430908	0.10691355913877487	0.5282509922981262	0.36755234003067017	0.0	0.4619583785533905	1.3647589683532715	0.2844925820827484	0.0	0.0	0.0	0.38731834292411804	0.0	0.6614806652069092	0.0	0.0	0.0	0.869254469871521	0.2392101287841797	0.6724621653556824	1.1699919700622559	0.7011789679527283	0.24865543842315674	0.6296395659446716	1.2686892747879028	0.0	0.0	0.0	0.41327354311943054	0.0	0.0	1.3195996284484863	0.3512129485607147	0.0	0.0	0.41882768273353577	1.324308156967163	0.43564411997795105	0.0	1.2740912437438965	0.37350994348526	0.2696847915649414	0.0	0.0	0.0	0.49555787444114685
1.2202914953231812	0.5137042999267578	0.0	0.8488713502883911	0.0	0.0	2.545046091079712	0.0	0.6514284610748291	0.0	0.0	0.0	0.37070250511169434	0.0	0.0	0.7680482268333435	0.3208487927913666	0.5240127444267273	0.7303086519241333	0.15619754791259766	0.5395873188972473	0.3639204204082489	0.0	0.4807778298854828	1.373673677444458	0.34530264139175415	0.0	0.0	0.0	0.3859361708164215	0.0	0.6734660267829895	0.0	0.0	0.0	0.8654949069023132	0.2070629596710205	0.7260498404502869	1.1858583688735962	0.7133439779281616	0.30746379494667053	0.6534929275512695	1.318536639213562	0.0	0.0	0.0	0.3610791862010956	0.0	0.0	1.325516700744629	0.47818806767463684	0.0	0.0	0.45355862379074097	1.3472025394439697	0.4535043239593506	0.0	1.297820806503296	0.41434863209724426	0.2610568702220917	0.0	0.0	0.0	0.5017661452293396
1.2756775617599487	0.4669295847415924	0.0	0.8293041586875916	0.0	0.0	2.4956016540527344	0.0	0.6692167520523071	0.0	0.0	0.0	0.3868345022201538	0.0	0.0	0.8082312345504761	0.3262457549571991	0.4839337170124054	0.7117555737495422	0.11875464022159576	0.5591596364974976	0.3855014443397522	0.0	0.48708683252334595	1.353989601135254	0.28595882654190063	0.0	0.0	0.0	0.36680299043655396	0.0	0.6686429381370544	0.0	0.0	0.0	0.8404780626296997	0.38033321499824524	0.7248086929321289	1.1666035652160645	0.7142974734306335	0.270719438791275	0.6559566259384155	1.2876523733139038	0.0	0.0	0.0	0.34265151619911194	0.0	0.0	1.3358403444290161	0.4072250723838806	0.0	0.0	0.4536491930484772	1.3102895021438599	0.4581240117549896	0.0	1.305460810661316	0.3791694939136505	0.27485498785972595	0.0	0.0	0.0	0.55096036195755
1.2471308708190918	0.4413798749446869	0.0	0.9143496155738831	0.0	0.0	2.5275540351867676	0.0	0.7045415043830872	0.0	0.0	0.0	0.42747893929481506	0.0	0.0	0.830403208732605	0.32304468750953674	0.4450360834598541	0.6935246586799622	0.12145677208900452	0.5978909134864807	0.3633449077606201	0.0	0.5164287686347961	1.4133257865905762	0.298759788274765	0.0	0.0	0.0	0.37632814049720764	0.0	0.6634558439254761	0.0	0.0	0.0	0.8575177192687988	0.24505187571048737	0.6943143606185913	1.1841177940368652	0.7419448494911194	0.24605152010917664	0.6165300607681274	1.3033376932144165	0.0	0.0	0.0	0.3696468472480774	0.0	0.0	1.4271436929702759	0.386583149433136	0.0	0.0	0.42108234763145447	1.3384798765182495	0.5005994439125061	0.0	1.312584400177002	0.4533331096172333	0.2784975469112396	0.0	0.0	0.0	0.4961947500705719
1.2045093774795532	0.44966620206832886	0.0	0.9389567375183105	0.0	0.0	2.4634242057800293	0.0	0.6743437647819519	0.0	0.0	0.0	0.3817243278026581	0.0	0.0	0.7507494688034058	0.31634730100631714	0.47933557629585266	0.6639031171798706	0.1485135406255722	0.5251356959342957	0.3632923364639282	0.0	0.5804394483566284	1.367928147315979	0.29935699701309204	0.0	0.0	0.0	0.41546666622161865	0.0	0.6481341123580933	0.0	0.0	0.0	0.8913365602493286	0.2764001488685608	0.7577795386314392	1.155996561050415	0.6998662948608398	0.2505604922771454	0.6485459804534912	1.2866305112838745	0.0	0.0	0.0	0.37430283427238464	0.0	0.0	1.3489665985107422	0.40513482689857483	0.0	0.0	0.4930809438228607	1.3296897411346436	0.4585554599761963	0.0	1.279700756072998	0.3809848725795746	0.29659029841423035	0.0	0.0	0.0	0.4966621994972229
1.2269775867462158	0.4868584871292114	0.0	0.9322901368141174	0.0	0.0	2.526237964630127	0.0	0.7211347222328186	0.0	0.0	0.0	0.41150590777397156	0.0	0.0	0.8413286805152893	0.32183700799942017	0.47780555486679077	0.6993066072463989	0.14499320089817047	0.5963669419288635	0.3680739998817444	0.0	0.6315431594848633	1.3879750967025757	0.2974192202091217	0.0	0.0	0.0	0.3723893463611603	0.0	0.6683565974235535	0.0	0.0	0.0	0.8477907180786133	0.22386573255062103	0.739264726638794	1.1747363805770874	0.6922512650489807	0.2494051605463028	0.6122599840164185	1.29119873046875	0.0	0.0	0.0	0.37070897221565247	0.0	0.0	1.4732649326324463	0.5111694931983948	0.0	0.0	0.44313183426856995	1.3120636940002441	0.4749298691749573	0.0	1.286303162574768	0.44093936681747437	0.32357221841812134	0.0	0.0	0.0	0.5336976647377014
1.2245802879333496	0.4333862364292145	0.0	0.9033674001693726	0.0	0.0	2.5543930530548096	0.0	0.7089412808418274	0.0	0.0	0.0	0.4286673963069916	0.0	0.0	0.8199284672737122	0.3401646316051483	0.4792335033416748	0.707472026348114	0.12658166885375977	0.6012123823165894	0.36279401183128357	0.0	0.5220648646354675	1.3806953430175781	0.30821114778518677	0.0	0.0	0.0	0.3960208296775818	0.0	0.6584507822990417	0.0	0.0	0.0	0.8804775476455688	0.23794303834438324	0.739757239818573	1.1711313724517822	0.7276604771614075	0.2584964334964752	0.6431546211242676	1.3408986330032349	0.0	0.0	0.0	0.419979989528656	0.0	0.0	1.371265172958374	0.38264569640159607	0.0	0.0	0.4715103507041931	1.3277583122253418	0.504894495010376	0.0	1.2917906045913696	0.45371973514556885	0.28053152561187744	0.0	0.0	0.0	0.5218765735626221
1.2256053686141968	0.4418068826198578	0.0	0.9280510544776917	0.0	0.0	2.471518039703369	0.0	0.6924107670783997	0.0	0.0	0.0	0.426028847694397	0.0	0.0	0.8701794743537903	0.3162632882595062	0.4818264842033386	0.6746001839637756	0.10436458885669708	0.5925390124320984	0.37942928075790405	0.0	0.5236464738845825	1.3872638940811157	0.3103577792644501	0.0	0.0	0.0	0.3914627432823181	0.0	0.6401599645614624	0.0	0.0	0.0	0.9010149240493774	0.38609981536865234	0.7046642303466797	1.1709409952163696	0.7063313722610474	0.2384532243013382	0.6574670076370239	1.266482949256897	0.0	0.0	0.0	0.35546502470970154	0.0	0.0	1.446258306503296	0.39495691657066345	0.0	0.0	0.4693538248538971	1.3119577169418335	0.4493180513381958	0.0	1.312047004699707	0.46272921562194824	0.2688902020454407	0.0	0.0	0.0	0.4925543963909149
1.2645795345306396	0.48957037925720215	0.0	0.8649712800979614	0.0	0.0	2.5147712230682373	0.0	0.6877350211143494	0.0	0.0	0.0	0.3768147826194763	0.0	0.0	0.7855766415596008	0.337308406829834	0.4922746419906616	0.7093005776405334	0.13628871738910675	0.5236455202102661	0.376951664686203	0.0	0.6046953201293945	1.4043723344802856	0.3327573537826538	0.0	0.0	0.0	0.35738155245780945	0.0	0.7281485199928284	0.0	0.0	0.0	0.868707001209259	0.2804722487926483	0.7823103070259094	1.192312240600586	0.7241716384887695	0.31308284401893616	0.6501876711845398	1.3299996852874756	0.0	0.0	0.0	0.37896865606307983	0.0	0.0	1.3800276517868042	0.4014158546924591	0.0	0.0	0.49818184971809387	1.3812780380249023	0.4841538667678833	0.0	1.3118516206741333	0.3870072662830353	0.3216198682785034	0.0	0.0	0.0	0.5015434622764587
1.2422089576721191	0.4430326223373413	0.0	0.951714038848877	0.0	0.0	2.4919850826263428	0.0	0.6487091183662415	0.0	0.0	0.0	0.3874078094959259	0.0	0.0	0.7735574841499329	0.31346505880355835	0.47073158621788025	0.6789088249206543	0.1769864410161972	0.5269503593444824	0.37022897601127625	0.0	0.5534170866012573	1.3795644044876099	0.2842378616333008	0.0	0.0	0.0	0.394111692905426	0.0	0.6779493689537048	0.0	0.0	0.0	0.858045220375061	0.336335152387619	0.7596967220306396	1.1818881034851074	0.6978130340576172	0.2503250241279602	0.6879395842552185	1.3083747625350952	0.0	0.0	0.0	0.3582569658756256	0.0	0.0	1.3463588953018188	0.36178910732269287	0.0	0.0	0.4880470037460327	1.3305468559265137	0.44255831837654114	0.0	1.2935603857040405	0.3676045835018158	0.29931676387786865	0.0	0.0	0.0	0.5011215209960938
1.1802165508270264	0.4516145586967468	0.0	0.8048200607299805	0.0	0.0	2.5678048133850098	0.0	0.6406393647193909	0.0	0.0	0.0	0.3715648353099823	0.0	0.0	0.8038219213485718	0.30350637435913086	0.48695626854896545	0.6782656311988831	0.12522999942302704	0.5297954678535461	0.39596202969551086	0.0	0.5130943655967712	1.3792593479156494	0.2852151691913605	0.0	0.0	0.0	0.38022133708000183	0.0	0.6621838212013245	0.0	0.0	0.0	0.8320080637931824	0.20121224224567413	0.6865410804748535	1.1742806434631348	0.694637656211853	0.32212376594543457	0.6420135498046875	1.3228005170822144	0.0	0.0	0.0	0.36171141266822815	0.0	0.0	1.3531599044799805	0.3669343590736389	0.0	0.0	0.4083951711654663	1.3405768871307373	0.509781002998352	0.0	1.3370656967163086	0.4436672329902649	0.26260459423065186	0.0	0.0	0.0	0.5366640090942383
1.2036492824554443	0.47294706106185913	0.0	0.8269727230072021	0.0	0.0	2.4672956466674805	0.0	0.6888124942779541	0.0	0.0	0.0	0.3922910690307617	0.0	0.0	0.7562029361724854	0.3172862231731415	0.4642188847064972	0.6681424379348755	0.13725341856479645	0.5346204042434692	0.367618203163147	0.0	0.503497302532196	1.3853795528411865	0.30740875005722046	0.0	0.0	0.0	0.39231622219085693	0.0	0.6658220291137695	0.0	0.0	0.0	0.8979742527008057	0.21171584725379944	0.7055463790893555	1.1694437265396118	0.7267147302627563	0.2516733705997467	0.64047771692276	1.3310221433639526	0.0	0.0	0.0	0.3748224973678589	0.0	0.0	1.3755816221237183	0.4040645360946655	0.0	0.0	0.4758775532245636	1.3296327590942383	0.47296515107154846	0.0	1.2586398124694824	0.3669920265674591	0.26333314180374146	0.0	0.0	0.0	0.5251202583312988
1.2245343923568726	0.4560299217700958	0.0	0.8376250863075256	0.0	0.0	2.5492100715637207	0.0	0.67906254529953	0.0	0.0	0.0	0.3754894435405731	0.0	0.0	0.8133451342582703	0.34663549065589905	0.4814375042915344	0.6841526031494141	0.12752611935138702	0.5441323518753052	0.3610900640487671	0.0	0.49495553970336914	1.402742624282837	0.30343708395957947	0.0	0.0	0.0	0.3796592950820923	0.0	0.6750746369361877	0.0	0.0	0.0	0.847511887550354	0.21161150932312012	0.7093924880027771	1.1786409616470337	0.7226278781890869	0.283837229013443	0.6267592906951904	1.3263418674468994	0.0	0.0	0.0	0.3545440435409546	0.0	0.0	1.344736933708191	0.3753691613674164	0.0	0.0	0.4362673759460449	1.336743712425232	0.45976272225379944	0.0	1.300061821937561	0.42136746644973755	0.26618465781211853	0.0	0.0	0.0	0.5065551400184631
1.2081613540649414	0.46834927797317505	0.0	0.819598913192749	0.0	0.0	2.4698598384857178	0.0	0.6829333305358887	0.0	0.0	0.0	0.4135197103023529	0.0	0.0	0.7582647204399109	0.34136533737182617	0.4746590554714203	0.7098868489265442	0.11645041406154633	0.5148712396621704	0.3501027226448059	0.0	0.4971277117729187	1.3698499202728271	0.32902997732162476	0.0	0.0	0.0	0.390909880399704	0.0	0.7251249551773071	0.0	0.0	0.0	0.8947401642799377	0.20466217398643494	0.7240501046180725	1.1634430885314941	0.7346395254135132	0.2998267710208893	0.6174288392066956	1.3254320621490479	0.0	0.0	0.0	0.34196746349334717	0.0	0.0	1.3307898044586182	0.4762609601020813	0.0	0.0	0.4259776473045349	1.3319367170333862	0.5197728276252747	0.0	1.2781140804290771	0.4232924282550812	0.3252080976963043	0.0	0.0	0.0	0.5749763250350952
1.229974627494812	0.4604816734790802	0.0	0.83758544921875	0.0	0.0	2.471872568130493	0.0	0.7022834420204163	0.0	0.0	0.0	0.4251258671283722	0.0	0.0	0.8176020979881287	0.3222234845161438	0.47472164034843445	0.6600773334503174	0.14847739040851593	0.596606433391571	0.3623429238796234	0.0	0.5245187878608704	1.397997260093689	0.31392693519592285	0.0	0.0	0.0	0.3840846121311188	0.0	0.6699603796005249	0.0	0.0	0.0	0.8521547913551331	0.4124146103858948	0.6952462196350098	1.175997018814087	0.7216141223907471	0.2325567603111267	0.6307581067085266	1.318233609199524	0.0	0.0	0.0	0.36501672863960266	0.0	0.0	1.4468128681182861	0.48518943786621094	0.0	0.0	0.42044275999069214	1.3328450918197632	0.43842172622680664	0.0	1.2979679107666016	0.45188817381858826	0.29914432764053345	0.0	0.0	0.0	0.5255142450332642
1.2313565015792847	0.43073540925979614	0.0	0.816785454750061	0.0	0.0	2.606308698654175	0.0	0.7062628865242004	0.0	0.0	0.0	0.3859478831291199	0.0	0.0	0.7494631409645081	0.31251782178878784	0.48335033655166626	0.6978407502174377	0.10738860070705414	0.5224114656448364	0.37319526076316833	0.0	0.4877958297729492	1.3654675483703613	0.31453827023506165	0.0	0.0	0.0	0.3803081214427948	0.0	0.698431134223938	0.0	0.0	0.0	0.8635120391845703	0.2113080471754074	0.6856420636177063	1.191259503364563	0.7029136419296265	0.303276002407074	0.6297832131385803	1.305193543434143	0.0	0.0	0.0	0.33736518025398254	0.0	0.0	1.3151580095291138	0.4581543803215027	0.0	0.0	0.45971909165382385	1.3552638292312622	0.4540551006793976	0.0	1.2863826751708984	0.37739691138267517	0.3366236686706543	0.0	0.0	0.0	0.501004695892334
1.2174866199493408	0.4731822907924652	0.0	0.8063587546348572	0.0	0.0	2.493988513946533	0.0	0.6520485281944275	0.0	0.0	0.0	0.37463539838790894	0.0	0.0	0.7708824872970581	0.31091463565826416	0.478046178817749	0.693872332572937	0.1420784890651703	0.541083574295044	0.36055389046669006	0.0	0.4937918186187744	1.388697624206543	0.28627660870552063	0.0	0.0	0.0	0.3552223742008209	0.0	0.7005258202552795	0.0	0.0	0.0	0.8449501991271973	0.2022739052772522	0.6860266327857971	1.160763144493103	0.7200595140457153	0.2700306177139282	0.6259469389915466	1.2757102251052856	0.0	0.0	0.0	0.35255149006843567	0.0	0.0	1.3614952564239502	0.382693350315094	0.0	0.0	0.40723735094070435	1.3295471668243408	0.4988313615322113	0.0	1.3093165159225464	0.3806781768798828	0.3101174235343933	0.0	0.0	0.0	0.4968097507953644
1.231400966644287	0.4541770815849304	0.0	0.8178379535675049	0.0	0.0	2.4943084716796875	0.0	0.6721460819244385	0.0	0.0	0.0	0.3828898072242737	0.0	0.0	0.7981637120246887	0.3129417598247528	0.4916212558746338	0.6811745166778564	0.136323481798172	0.5644797682762146	0.3945660889148712	0.0	0.49634766578674316	1.3915477991104126	0.3174879252910614	0.0	0.0	0.0	0.3807429075241089	0.0	0.6720289587974548	0.0	0.0	0.0	0.8371056318283081	0.24274827539920807	0.7074159979820251	1.1841481924057007	0.6976106762886047	0.25678348541259766	0.624074399471283	1.307355523109436	0.0	0.0	0.0	0.3453407287597656	0.0	0.0	1.3667489290237427	0.39841410517692566	0.0	0.0	0.4303743541240692	1.3630759716033936	0.4572983384132385	0.0	1.3392707109451294	0.378084659576416	0.2620406150817871	0.0	0.0	0.0	0.5376312732696533
1.230794906616211	0.45446914434432983	0.0	0.8487551212310791	0.0	0.0	2.506720542907715	0.0	0.6694222092628479	0.0	0.0	0.0	0.40055954456329346	0.0	0.0	0.7793746590614319	0.31075412034988403	0.4673716425895691	0.6848953366279602	0.12554794549942017	0.5577186942100525	0.35871627926826477	0.0	0.5108904838562012	1.3893671035766602	0.3156187832355499	0.0	0.0	0.0	0.36321571469306946	0.0	0.6564377546310425	0.0	0.0	0.0	0.8606464266777039	0.22262930870056152	0.6901645660400391	1.175004482269287	0.6966351270675659	0.25114089250564575	0.6525861024856567	1.3028181791305542	0.0	0.0	0.0	0.3488090932369232	0.0	0.0	1.358681082725525	0.37994614243507385	0.0	0.0	0.4056876599788666	1.3391929864883423	0.4477275013923645	0.0	1.2724348306655884	0.39156174659729004	0.2701224088668823	0.0	0.0	0.0	0.502196729183197
1.2021597623825073	0.4360963702201843	0.0	0.8072628378868103	0.0	0.0	2.5990920066833496	0.0	0.6599283218383789	0.0	0.0	0.0	0.370952308177948	0.0	0.0	0.8024134039878845	0.31602323055267334	0.477658212184906	0.6722679734230042	0.12637344002723694	0.5245484709739685	0.36675357818603516	0.0	0.4880572557449341	1.3663331270217896	0.2951013743877411	0.0	0.0	0.0	0.3657905161380768	0.0	0.6538454294204712	0.0	0.0	0.0	0.8504788279533386	0.21286150813102722	0.7005409002304077	1.1817817687988281	0.709494411945343	0.254457950592041	0.6405404210090637	1.3204047679901123	0.0	0.0	0.0	0.3553566634654999	0.0	0.0	1.345377802848816	0.3773534893989563	0.0	0.0	0.42052748799324036	1.3762226104736328	0.45733463764190674	0.0	1.2851592302322388	0.39152273535728455	0.2608020007610321	0.0	0.0	0.0	0.5000099539756775
1.2705767154693604	0.4530884623527527	0.0	0.8168532848358154	0.0	0.0	2.4796531200408936	0.0	0.6760948300361633	0.0	0.0	0.0	0.3750831186771393	0.0	0.0	0.7741405963897705	0.33594223856925964	0.46516498923301697	0.6825650334358215	0.10343039035797119	0.555793821811676	0.3384707272052765	0.0	0.478604257106781	1.3961864709854126	0.30209577083587646	0.0	0.0	0.0	0.3706985116004944	0.0	0.6659980416297913	0.0	0.0	0.0	0.8428903818130493	0.37594008445739746	0.6899095177650452	1.177851915359497	0.7262200713157654	0.2367996722459793	0.6642234325408936	1.3313664197921753	0.0	0.0	0.0	0.3566682040691376	0.0	0.0	1.3297158479690552	0.3486717641353607	0.0	0.0	0.43621954321861267	1.3450733423233032	0.45917168259620667	0.0	1.2972689867019653	0.38946351408958435	0.26794227957725525	0.0	0.0	0.0	0.5062015652656555
1.2162048816680908	0.45708566904067993	0.0	0.8728752136230469	0.0	0.0	2.5483505725860596	0.0	0.6708922982215881	0.0	0.0	0.0	0.3755463659763336	0.0	0.0	0.7764574289321899	0.3314170837402344	0.5108993053436279	0.6786775588989258	0.10349191725254059	0.5475080013275146	0.3690108060836792	0.0	0.4750807285308838	1.362242579460144	0.3717392683029175	0.0	0.0	0.0	0.38462239503860474	0.0	0.6608160734176636	0.0	0.0	0.0	0.8566877245903015	0.38578423857688904	0.6905859708786011	1.1629687547683716	0.7212020754814148	0.32022494077682495	0.6070085167884827	1.2824344635009766	0.0	0.0	0.0	0.3515290319919586	0.0	0.0	1.3694392442703247	0.3472083806991577	0.0	0.0	0.4479469954967499	1.3288676738739014	0.43254292011260986	0.0	1.2897298336029053	0.3896210491657257	0.2646224796772003	0.0	0.0	0.0	0.4880456328392029
1.2390217781066895	0.42853572964668274	0.0	0.8386940360069275	0.0	0.0	2.5130674839019775	0.0	0.6972174644470215	0.0	0.0	0.0	0.41990065574645996	0.0	0.0	0.7988443374633789	0.32826194167137146	0.4684256613254547	0.6709688901901245	0.1293303221464157	0.5632789134979248	0.37106502056121826	0.0	0.5060283541679382	1.3703105449676514	0.2974383533000946	0.0	0.0	0.0	0.3868531286716461	0.0	0.6729076504707336	0.0	0.0	0.0	0.8473783135414124	0.21130500733852386	0.7073585391044617	1.1793819665908813	0.7104315161705017	0.2780650854110718	0.6283751130104065	1.3149356842041016	0.0	0.0	0.0	0.37515661120414734	0.0	0.0	1.414854645729065	0.36943501234054565	0.0	0.0	0.42345482110977173	1.3306465148925781	0.4633795917034149	0.0	1.3041566610336304	0.4504724442958832	0.29898568987846375	0.0	0.0	0.0	0.5388957858085632
1.2064164876937866	0.4565223753452301	0.0	0.8435742855072021	0.0	0.0	2.476245164871216	0.0	0.7053574919700623	0.0	0.0	0.0	0.3968988358974457	0.0	0.0	0.7716867327690125	0.3724502921104431	0.48858442902565	0.7089110016822815	0.12401147186756134	0.5599946975708008	0.37624144554138184	0.0	0.47421011328697205	1.3973761796951294	0.29402250051498413	0.0	0.0	0.0	0.3950487971305847	0.0	0.6761475801467896	0.0	0.0	0.0	0.8642304539680481	0.2281016856431961	0.6946682929992676	1.1841270923614502	0.7105154395103455	0.2772257924079895	0.6241738200187683	1.2667282819747925	0.0	0.0	0.0	0.3696361780166626	0.0	0.0	1.3828924894332886	0.3603672385215759	0.0	0.0	0.42835313081741333	1.3080204725265503	0.45400795340538025	0.0	1.283789873123169	0.39587387442588806	0.2769435942173004	0.0	0.0	0.0	0.5544640421867371
1.2393543720245361	0.45934513211250305	0.0	0.8295018076896667	0.0	0.0	2.604724884033203	0.0	0.6976597309112549	0.0	0.0	0.0	0.36791348457336426	0.0	0.0	0.7812581658363342	0.3631366193294525	0.47116363048553467	0.6826040148735046	0.12604980170726776	0.5246157050132751	0.3709459900856018	0.0	0.48204314708709717	1.3796497583389282	0.3531516194343567	0.0	0.0	0.0	0.37377211451530457	0.0	0.6747626662254333	0.0	0.0	0.0	0.8538267612457275	0.2324037253856659	0.7161247134208679	1.2249956130981445	0.7035587430000305	0.28179189562797546	0.6406392455101013	1.332754135131836	0.0	0.0	0.0	0.3390933573246002	0.0	0.0	1.3676989078521729	0.38408488035202026	0.0	0.0	0.445724219083786	1.3467626571655273	0.4669947922229767	0.0	1.3181098699569702	0.37416985630989075	0.27566996216773987	0.0	0.0	0.0	0.4912815988063812
1.2265154123306274	0.4640052020549774	0.0	0.8506885766983032	0.0	0.0	2.531745433807373	0.0	0.730955958366394	0.0	0.0	0.0	0.3881377875804901	0.0	0.0	0.7721667885780334	0.3430388271808624	0.47135305404663086	0.6735180616378784	0.1322665810585022	0.5420948266983032	0.36218127608299255	0.0	0.4946848154067993	1.3634607791900635	0.36051589250564575	0.0	0.0	0.0	0.3793776035308838	0.0	0.6778112053871155	0.0	0.0	0.0	0.8431249856948853	0.2300097495317459	0.7088122963905334	1.1802680492401123	0.7110827565193176	0.2959175705909729	0.6424470543861389	1.3584054708480835	0.0	0.0	0.0	0.3550049364566803	0.0	0.0	1.3353593349456787	0.4857466220855713	0.0	0.0	0.48385462164878845	1.3748338222503662	0.4574297368526459	0.0	1.2970277070999146	0.3729981780052185	0.274344265460968	0.0	0.0	0.0	0.49688905477523804
1.2361565828323364	0.42488422989845276	0.0	0.9064517617225647	0.0	0.0	2.563594102859497	0.0	0.7314357161521912	0.0	0.0	0.0	0.42274773120880127	0.0	0.0	0.8248554468154907	0.34293651580810547	0.4556749165058136	0.6682109832763672	0.12262474000453949	0.6045209169387817	0.3762030601501465	0.0	0.5165948867797852	1.3932108879089355	0.3297420144081116	0.0	0.0	0.0	0.3827914595603943	0.0	0.6554974317550659	0.0	0.0	0.0	0.8453443050384521	0.23539763689041138	0.6919978260993958	1.1707885265350342	0.719907283782959	0.3024544417858124	0.6274539828300476	1.3347957134246826	0.0	0.0	0.0	0.3777376115322113	0.0	0.0	1.4402273893356323	0.4618486762046814	0.0	0.0	0.4252075254917145	1.340219259262085	0.47516873478889465	0.0	1.3320881128311157	0.45074644684791565	0.2779087424278259	0.0	0.0	0.0	0.5042567849159241
1.2587839365005493	0.4988289773464203	0.0	0.8329502940177917	0.0	0.0	2.520479917526245	0.0	0.6707894802093506	0.0	0.0	0.0	0.40089619159698486	0.0	0.0	0.7686508297920227	0.3441694974899292	0.48259854316711426	0.7098699808120728	0.12078163772821426	0.5460936427116394	0.3786611557006836	0.0	0.48788130283355713	1.3748507499694824	0.33286768198013306	0.0	0.0	0.0	0.39206013083457947	0.0	0.6931553483009338	0.0	0.0	0.0	0.892891526222229	0.23610647022724152	0.7204504013061523	1.1878700256347656	0.7328381538391113	0.27117952704429626	0.6724451780319214	1.3581751585006714	0.0	0.0	0.0	0.3570907413959503	0.0	0.0	1.3554643392562866	0.36339402198791504	0.0	0.0	0.4717804491519928	1.3815466165542603	0.4585300385951996	0.0	1.3152190446853638	0.39415043592453003	0.2813691794872284	0.0	0.0	0.0	0.5012998580932617
1.2401548624038696	0.47202253341674805	0.0	0.9440807700157166	0.0	0.0	2.530198335647583	0.0	0.6701118350028992	0.0	0.0	0.0	0.3699120581150055	0.0	0.0	0.7624868750572205	0.33404654264450073	0.475796103477478	0.6965944766998291	0.136161208152771	0.5412617921829224	0.34826013445854187	0.0	0.5926194190979004	1.3962981700897217	0.3124493360519409	0.0	0.0	0.0	0.38515567779541016	0.0	0.6872547268867493	0.0	0.0	0.0	0.8519203662872314	0.270152747631073	0.7161426544189453	1.1732367277145386	0.7317573428153992	0.266061931848526	0.634956955909729	1.3150391578674316	0.0	0.0	0.0	0.3874977231025696	0.0	0.0	1.3223766088485718	0.36848559975624084	0.0	0.0	0.49824652075767517	1.3642514944076538	0.43131348490715027	0.0	1.3079581260681152	0.3840179443359375	0.25960448384284973	0.0	0.0	0.0	0.5177921056747437
1.2246304750442505	0.455319881439209	0.0	0.8230083584785461	0.0	0.0	2.4709925651550293	0.0	0.6734506487846375	0.0	0.0	0.0	0.382669061422348	0.0	0.0	0.7797970175743103	0.3217290937900543	0.48124995827674866	0.6609132885932922	0.13709840178489685	0.5438856482505798	0.37140992283821106	0.0	0.50418621301651	1.3925528526306152	0.3109109103679657	0.0	0.0	0.0	0.37183135747909546	0.0	0.6848033666610718	0.0	0.0	0.0	0.8758044242858887	0.20595335960388184	0.6907821893692017	1.1631269454956055	0.711887776851654	0.2606640160083771	0.6322809457778931	1.3263139724731445	0.0	0.0	0.0	0.363411009311676	0.0	0.0	1.3569505214691162	0.4080856144428253	0.0	0.0	0.42179301381111145	1.3411036729812622	0.45118045806884766	0.0	1.30063796043396	0.4094473123550415	0.2801083028316498	0.0	0.0	0.0	0.5090013146400452
1.2447447776794434	0.5038086771965027	0.0	0.9671001434326172	0.0	0.0	2.5153284072875977	0.0	0.6856977343559265	0.0	0.0	0.0	0.3754507601261139	0.0	0.0	0.7796998023986816	0.3432766795158386	0.4781931936740875	0.7109829187393188	0.13177968561649323	0.534735918045044	0.3682343065738678	0.0	0.6204106211662292	1.3717316389083862	0.29905515909194946	0.0	0.0	0.0	0.36812329292297363	0.0	0.7061959505081177	0.0	0.0	0.0	0.8621281981468201	0.28560805320739746	0.8030381798744202	1.1632912158966064	0.7299924492835999	0.2712821960449219	0.6620932817459106	1.2941489219665527	0.0	0.0	0.0	0.3922635614871979	0.0	0.0	1.3360530138015747	0.4124840795993805	0.0	0.0	0.4840849041938782	1.3380837440490723	0.5011774301528931	0.0	1.3008803129196167	0.39579257369041443	0.33268439769744873	0.0	0.0	0.0	0.4863237142562866
1.2991178035736084	0.46954214572906494	0.0	0.9554861783981323	0.0	0.0	2.525524854660034	0.0	0.6861381530761719	0.0	0.0	0.0	0.38807278871536255	0.0	0.0	0.8004217147827148	0.34595587849617004	0.46345552802085876	0.7051306962966919	0.13052068650722504	0.5413951873779297	0.38371923565864563	0.0	0.5817226767539978	1.445257306098938	0.2900296747684479	0.0	0.0	0.0	0.3788002133369446	0.0	0.670139729976654	0.0	0.0	0.0	0.905667781829834	0.2809860110282898	0.7356714010238647	1.1977627277374268	0.7186262607574463	0.265031635761261	0.679520845413208	1.325874924659729	0.0	0.0	0.0	0.3691413402557373	0.0	0.0	1.4182040691375732	0.4535355567932129	0.0	0.0	0.48343488574028015	1.3733652830123901	0.44077688455581665	0.0	1.3184483051300049	0.38802745938301086	0.2676418125629425	0.0	0.0	0.0	0.5247105360031128
1.2399650812149048	0.4593927264213562	0.0	0.9278625845909119	0.0	0.0	2.498258352279663	0.0	0.693588137626648	0.0	0.0	0.0	0.36223357915878296	0.0	0.0	0.7826585173606873	0.3222317099571228	0.4711265563964844	0.6942416429519653	0.14541734755039215	0.5605530738830566	0.36023586988449097	0.0	0.5692245960235596	1.3731689453125	0.3125249743461609	0.0	0.0	0.0	0.37090247869491577	0.0	0.6698451042175293	0.0	0.0	0.0	0.8659031391143799	0.3913556635379791	0.7765477895736694	1.1961488723754883	0.7064257860183716	0.2489384412765503	0.633045494556427	1.3171626329421997	0.0	0.0	0.0	0.3741229474544525	0.0	0.0	1.3744841814041138	0.37988340854644775	0.0	0.0	0.48233407735824585	1.3264849185943604	0.4610932767391205	0.0	1.2847665548324585	0.3936832547187805	0.288043349981308	0.0	0.0	0.0	0.5225130319595337
1.2078336477279663	0.46125003695487976	0.0	0.8883435130119324	0.0	0.0	2.4828696250915527	0.0	0.6567286849021912	0.0	0.0	0.0	0.3993799388408661	0.0	0.0	0.7658261656761169	0.3157808482646942	0.5082521438598633	0.6854405403137207	0.13176003098487854	0.5334790945053101	0.37591415643692017	0.0	0.49134203791618347	1.3698523044586182	0.35596728324890137	0.0	0.0	0.0	0.3878476619720459	0.0	0.6817061901092529	0.0	0.0	0.0	0.8847578167915344	0.23601406812667847	0.7381227612495422	1.1674569845199585	0.6931591629981995	0.2780038118362427	0.6537203192710876	1.2919338941574097	0.0	0.0	0.0	0.38223057985305786	0.0	0.0	1.3746360540390015	0.3885107934474945	0.0	0.0	0.4823055565357208	1.3315484523773193	0.4458851218223572	0.0	1.2764843702316284	0.39463743567466736	0.28771689534187317	0.0	0.0	0.0	0.5205627083778381
1.2899162769317627	0.4796507954597473	0.0	0.8482245206832886	0.0	0.0	2.5511536598205566	0.0	0.7167921662330627	0.0	0.0	0.0	0.4153793156147003	0.0	0.0	0.820465624332428	0.36368587613105774	0.5242761373519897	0.7380340099334717	0.12788541615009308	0.5709871649742126	0.40483132004737854	0.0	0.5456086993217468	1.371683120727539	0.33574485778808594	0.0	0.0	0.0	0.37327495217323303	0.0	0.7155869007110596	0.0	0.0	0.0	0.85796719789505	0.2284601628780365	0.7049651145935059	1.213830590248108	0.7122659087181091	0.29398301243782043	0.666684627532959	1.3482402563095093	0.0	0.0	0.0	0.4149239659309387	0.0	0.0	1.4614728689193726	0.46731501817703247	0.0	0.0	0.4199390411376953	1.3631467819213867	0.48013612627983093	0.0	1.32901132106781	0.4908832013607025	0.3630295991897583	0.0	0.0	0.0	0.49072080850601196
1.2269749641418457	0.4507884383201599	0.0	0.817016065120697	0.0	0.0	2.5263874530792236	0.0	0.669404149055481	0.0	0.0	0.0	0.37042874097824097	0.0	0.0	0.7611344456672668	0.30475521087646484	0.4604513347148895	0.6615689396858215	0.11066067218780518	0.5378754138946533	0.35777485370635986	0.0	0.4736552834510803	1.3771884441375732	0.2912214994430542	0.0	0.0	0.0	0.38888052105903625	0.0	0.6523246765136719	0.0	0.0	0.0	0.8460443615913391	0.19962485134601593	0.7011120319366455	1.1807539463043213	0.7031343579292297	0.2460135817527771	0.6222315430641174	1.3321449756622314	0.0	0.0	0.0	0.34568771719932556	0.0	0.0	1.3275794982910156	0.3716270625591278	0.0	0.0	0.4246115982532501	1.3287954330444336	0.4791606068611145	0.0	1.3056584596633911	0.3772455155849457	0.264541894197464	0.0	0.0	0.0	0.5000736713409424
1.242713212966919	0.4369911551475525	0.0	0.8239206075668335	0.0	0.0	2.4742255210876465	0.0	0.6709901094436646	0.0	0.0	0.0	0.36180099844932556	0.0	0.0	0.7689209580421448	0.3627377152442932	0.5121756196022034	0.6920203566551208	0.11710058897733688	0.5514889359474182	0.36760181188583374	0.0	0.4794682562351227	1.348772644996643	0.31556737422943115	0.0	0.0	0.0	0.37634214758872986	0.0	0.6910189390182495	0.0	0.0	0.0	0.8459134697914124	0.26807981729507446	0.6889864206314087	1.1636067628860474	0.706679105758667	0.2807810604572296	0.620191216468811	1.3068058490753174	0.0	0.0	0.0	0.3494001626968384	0.0	0.0	1.3283140659332275	0.36600157618522644	0.0	0.0	0.42856812477111816	1.3118170499801636	0.44078394770622253	0.0	1.2984416484832764	0.38127973675727844	0.30816909670829773	0.0	0.0	0.0	0.5218574404716492
1.2958688735961914	0.4678739607334137	0.0	0.8887829184532166	0.0	0.0	2.6172232627868652	0.0	0.6733569502830505	0.0	0.0	0.0	0.41157710552215576	0.0	0.0	0.8498914837837219	0.3545956313610077	0.48923349380493164	0.7084363698959351	0.11821216344833374	0.5888640880584717	0.3539139926433563	0.0	0.4842580258846283	1.3939703702926636	0.3187311589717865	0.0	0.0	0.0	0.35809803009033203	0.0	0.658661961555481	0.0	0.0	0.0	0.8620558381080627	0.3952018618583679	0.7023413181304932	1.185192584991455	0.7331089377403259	0.274900883436203	0.6306447982788086	1.2811740636825562	0.0	0.0	0.0	0.39022359251976013	0.0	0.0	1.4227185249328613	0.3836536705493927	0.0	0.0	0.39627721905708313	1.3441869020462036	0.4566011130809784	0.0	1.2745777368545532	0.4394047260284424	0.3625921905040741	0.0	0.0	0.0	0.5573859214782715
1.2375255823135376	0.4601922929286957	0.0	0.8428890705108643	0.0	0.0	2.5095200538635254	0.0	0.6573109030723572	0.0	0.0	0.0	0.3725122809410095	0.0	0.0	0.764893114566803	0.34382879734039307	0.48800408840179443	0.683657705783844	0.12514695525169373	0.5268256664276123	0.40500766038894653	0.0	0.4865914583206177	1.374961018562317	0.3061821162700653	0.0	0.0	0.0	0.3976670801639557	0.0	0.6721433997154236	0.0	0.0	0.0	0.8729249835014343	0.2242826223373413	0.7060728669166565	1.1983367204666138	0.7227272391319275	0.27265122532844543	0.6215861439704895	1.299281120300293	0.0	0.0	0.0	0.35576263070106506	0.0	0.0	1.3373332023620605	0.38350391387939453	0.0	0.0	0.4320773780345917	1.309533953666687	0.4684187173843384	0.0	1.287752389907837	0.39945465326309204	0.2890027165412903	0.0	0.0	0.0	0.5559201240539551
1.2106022834777832	0.4809362590312958	0.0	0.8354932069778442	0.0	0.0	2.508559465408325	0.0	0.6762411594390869	0.0	0.0	0.0	0.38791802525520325	0.0	0.0	0.7679957151412964	0.31306639313697815	0.4868583083152771	0.6998319625854492	0.14478318393230438	0.5370559692382812	0.3639618456363678	0.0	0.4747333824634552	1.373238444328308	0.32081013917922974	0.0	0.0	0.0	0.3541293442249298	0.0	0.6983035802841187	0.0	0.0	0.0	0.867255687713623	0.2446829378604889	0.7012752890586853	1.1750222444534302	0.7243608832359314	0.2919524908065796	0.6128332018852234	1.4002158641815186	0.0	0.0	0.0	0.3582483232021332	0.0	0.0	1.361570954322815	0.41005760431289673	0.0	0.0	0.44937756657600403	1.3570574522018433	0.5347921848297119	0.0	1.2952500581741333	0.39540961384773254	0.3126913905143738	0.0	0.0	0.0	0.5312638282775879
1.2525960206985474	0.435362845659256	0.0	0.930279552936554	0.0	0.0	2.552560567855835	0.0	0.7547866702079773	0.0	0.0	0.0	0.4027673900127411	0.0	0.0	0.8203896880149841	0.3396967053413391	0.47267359495162964	0.6931978464126587	0.10219193994998932	0.5599687099456787	0.3845604956150055	0.0	0.49493640661239624	1.3520010709762573	0.3132096230983734	0.0	0.0	0.0	0.41943827271461487	0.0	0.6355975270271301	0.0	0.0	0.0	0.9161653518676758	0.20637890696525574	0.730862557888031	1.2226324081420898	0.7143619656562805	0.28890421986579895	0.6429279446601868	1.3140454292297363	0.0	0.0	0.0	0.37674474716186523	0.0	0.0	1.421281337738037	0.38519787788391113	0.0	0.0	0.415841668844223	1.3505998849868774	0.4557769298553467	0.0	1.2658857107162476	0.46089792251586914	0.2800810635089874	0.0	0.0	0.0	0.5287060141563416
1.2105761766433716	0.43899044394493103	0.0	0.8221775889396667	0.0	0.0	2.4788873195648193	0.0	0.6588573455810547	0.0	0.0	0.0	0.3597204387187958	0.0	0.0	0.7716047763824463	0.33674439787864685	0.4654284119606018	0.6839028596878052	0.10922709107398987	0.5243280529975891	0.3674381673336029	0.0	0.48094993829727173	1.3773775100708008	0.3302008807659149	0.0	0.0	0.0	0.37936657667160034	0.0	0.6639934778213501	0.0	0.0	0.0	0.8311486840248108	0.3878903388977051	0.6776625514030457	1.160495638847351	0.7070325016975403	0.29757097363471985	0.6229497194290161	1.2836241722106934	0.0	0.0	0.0	0.3588123619556427	0.0	0.0	1.3258984088897705	0.36313146352767944	0.0	0.0	0.4143441915512085	1.3264917135238647	0.43057161569595337	0.0	1.2719416618347168	0.36492592096328735	0.2695767879486084	0.0	0.0	0.0	0.4970233738422394
1.2143744230270386	0.47952792048454285	0.0	0.8227147459983826	0.0	0.0	2.5596799850463867	0.0	0.6827570796012878	0.0	0.0	0.0	0.41177332401275635	0.0	0.0	0.7650887370109558	0.35687172412872314	0.46924421191215515	0.6800127625465393	0.1312345266342163	0.5316401124000549	0.4108869135379791	0.0	0.518202006816864	1.4016233682632446	0.30662286281585693	0.0	0.0	0.0	0.40591347217559814	0.0	0.6670176982879639	0.0	0.0	0.0	0.8787297606468201	0.21737751364707947	0.7201930284500122	1.1824599504470825	0.7078539133071899	0.265917032957077	0.6591073870658875	1.3195570707321167	0.0	0.0	0.0	0.35478731989860535	0.0	0.0	1.3713103532791138	0.4493272602558136	0.0	0.0	0.410846084356308	1.371370553970337	0.4319995939731598	0.0	1.30717933177948	0.3844175636768341	0.27025124430656433	0.0	0.0	0.0	0.5385714769363403
1.1978883743286133	0.48852115869522095	0.0	0.9246234893798828	0.0	0.0	2.4926040172576904	0.0	0.680683434009552	0.0	0.0	0.0	0.37375015020370483	0.0	0.0	0.7681567668914795	0.37721288204193115	0.4539443552494049	0.6856821179389954	0.11669960618019104	0.5285823941230774	0.4025832712650299	0.0	0.5689367651939392	1.34658682346344	0.3301083445549011	0.0	0.0	0.0	0.39100247621536255	0.0	0.7262274026870728	0.0	0.0	0.0	0.8418975472450256	0.27708297967910767	0.7617823481559753	1.1701892614364624	0.7068109512329102	0.2471735030412674	0.6276755332946777	1.2870514392852783	0.0	0.0	0.0	0.3488784432411194	0.0	0.0	1.3298498392105103	0.41956910490989685	0.0	0.0	0.4801766872406006	1.310434341430664	0.46771299839019775	0.0	1.2787448167800903	0.365475594997406	0.33668139576911926	0.0	0.0	0.0	0.5035380125045776
1.2272411584854126	0.4265284836292267	0.0	0.9055736660957336	0.0	0.0	2.511505126953125	0.0	0.72308748960495	0.0	0.0	0.0	0.3915066123008728	0.0	0.0	0.8610841035842896	0.30571267008781433	0.462583065032959	0.6483789682388306	0.11161332577466965	0.5857983827590942	0.3521510064601898	0.0	0.5497488379478455	1.3778810501098633	0.3249626159667969	0.0	0.0	0.0	0.36264118552207947	0.0	0.673034131526947	0.0	0.0	0.0	0.8497257232666016	0.2180728316307068	0.6917243599891663	1.1690677404403687	0.696480929851532	0.2866239845752716	0.6236293315887451	1.3280152082443237	0.0	0.0	0.0	0.37401896715164185	0.0	0.0	1.4698506593704224	0.395524263381958	0.0	0.0	0.4139583110809326	1.3928378820419312	0.4774959087371826	0.0	1.2912038564682007	0.4846348166465759	0.3046729862689972	0.0	0.0	0.0	0.4773049056529999
1.2164324522018433	0.5044134855270386	0.0	0.8517358303070068	0.0	0.0	2.5384340286254883	0.0	0.6612257361412048	0.0	0.0	0.0	0.3966776132583618	0.0	0.0	0.7951363325119019	0.3439762592315674	0.5168296098709106	0.7189311981201172	0.14127375185489655	0.5298550128936768	0.379108726978302	0.0	0.4694952666759491	1.3978065252304077	0.3257110118865967	0.0	0.0	0.0	0.37221306562423706	0.0	0.6790886521339417	0.0	0.0	0.0	0.8911816477775574	0.24929308891296387	0.7424177527427673	1.1930495500564575	0.7428023219108582	0.30153581500053406	0.6947908997535706	1.342635989189148	0.0	0.0	0.0	0.369689404964447	0.0	0.0	1.3662676811218262	0.481611967086792	0.0	0.0	0.42309531569480896	1.3523744344711304	0.4495690166950226	0.0	1.295657992362976	0.4342031180858612	0.27682408690452576	0.0	0.0	0.0	0.49367886781692505
1.225192904472351	0.43996647000312805	0.0	0.8210826516151428	0.0	0.0	2.5553529262542725	0.0	0.6634004712104797	0.0	0.0	0.0	0.36999401450157166	0.0	0.0	0.7506745457649231	0.31057921051979065	0.5147091746330261	0.7162249088287354	0.11498071998357773	0.5280099511146545	0.38877660036087036	0.0	0.48583266139030457	1.4018950462341309	0.3180854618549347	0.0	0.0	0.0	0.3994636535644531	0.0	0.6671915650367737	0.0	0.0	0.0	0.8478230834007263	0.27278655767440796	0.7229071855545044	1.1963605880737305	0.7008876800537109	0.29035910964012146	0.6318176984786987	1.2941808700561523	0.0	0.0	0.0	0.3887491822242737	0.0	0.0	1.3366976976394653	0.4942006468772888	0.0	0.0	0.41542288661003113	1.342748761177063	0.4640237092971802	0.0	1.2663077116012573	0.37971988320350647	0.3411715626716614	0.0	0.0	0.0	0.5028436779975891
1.2083282470703125	0.4400421977043152	0.0	0.8227880001068115	0.0	0.0	2.453242778778076	0.0	0.6841448545455933	0.0	0.0	0.0	0.37979966402053833	0.0	0.0	0.7850948572158813	0.3411925733089447	0.481034517288208	0.6805810332298279	0.13169512152671814	0.5355594158172607	0.36177194118499756	0.0	0.49296537041664124	1.3875802755355835	0.30940866470336914	0.0	0.0	0.0	0.42817220091819763	0.0	0.669255256652832	0.0	0.0	0.0	0.8402425646781921	0.22083650529384613	0.7070833444595337	1.185201644897461	0.7034080028533936	0.25104978680610657	0.6146596670150757	1.2931475639343262	0.0	0.0	0.0	0.3683861196041107	0.0	0.0	1.3506691455841064	0.47879478335380554	0.0	0.0	0.4308370053768158	1.3123447895050049	0.4447927176952362	0.0	1.2794575691223145	0.37710946798324585	0.25466808676719666	0.0	0.0	0.0	0.5069471001625061
1.2216185331344604	0.4503066837787628	0.0	0.8330690264701843	0.0	0.0	2.482158899307251	0.0	0.6733408570289612	0.0	0.0	0.0	0.37248826026916504	0.0	0.0	0.7522971034049988	0.3278501331806183	0.496509313583374	0.7046546339988708	0.13938352465629578	0.5295345783233643	0.3671625554561615	0.0	0.4924815893173218	1.384452223777771	0.3106294274330139	0.0	0.0	0.0	0.39798882603645325	0.0	0.6767247319221497	0.0	0.0	0.0	0.8535833954811096	0.21680833399295807	0.6836996078491211	1.1939587593078613	0.7183650732040405	0.2626676857471466	0.6533812880516052	1.3127154111862183	0.0	0.0	0.0	0.3784632980823517	0.0	0.0	1.329417109489441	0.38979437947273254	0.0	0.0	0.42581695318222046	1.3379936218261719	0.46219316124916077	0.0	1.290465235710144	0.3689572215080261	0.29225319623947144	0.0	0.0	0.0	0.49678835272789
1.238382339477539	0.46386170387268066	0.0	0.8567870855331421	0.0	0.0	2.4946908950805664	0.0	0.6750956177711487	0.0	0.0	0.0	0.3676827549934387	0.0	0.0	0.7440274953842163	0.3176851272583008	0.5119545459747314	0.6748782992362976	0.12009979039430618	0.5464414358139038	0.3734475374221802	0.0	0.4755516052246094	1.3802123069763184	0.3708474040031433	0.0	0.0	0.0	0.4330205023288727	0.0	0.6617284417152405	0.0	0.0	0.0	0.8545237183570862	0.2415923774242401	0.7097159028053284	1.1700602769851685	0.7087514996528625	0.31048938632011414	0.612267255783081	1.2863354682922363	0.0	0.0	0.0	0.3605133593082428	0.0	0.0	1.3591153621673584	0.35177427530288696	0.0	0.0	0.43770721554756165	1.3396748304367065	0.45133867859840393	0.0	1.2839025259017944	0.41704532504081726	0.2553192675113678	0.0	0.0	0.0	0.5121302008628845
1.2354563474655151	0.4642903208732605	0.0	0.8524304032325745	0.0	0.0	2.463970899581909	0.0	0.7070497274398804	0.0	0.0	0.0	0.39382389187812805	0.0	0.0	0.7659652829170227	0.37149402499198914	0.4763118624687195	0.6780655980110168	0.11842996627092361	0.538703203201294	0.4024168848991394	0.0	0.4709687829017639	1.3861181735992432	0.3476041257381439	0.0	0.0	0.0	0.40531134605407715	0.0	0.6846173405647278	0.0	0.0	0.0	0.8717469573020935	0.2055225819349289	0.7061865329742432	1.1957319974899292	0.7369590997695923	0.2661074995994568	0.6450449824333191	1.3392229080200195	0.0	0.0	0.0	0.3487980365753174	0.0	0.0	1.3430136442184448	0.37094348669052124	0.0	0.0	0.43084055185317993	1.3252068758010864	0.46542415022850037	0.0	1.2620633840560913	0.3958035707473755	0.28548070788383484	0.0	0.0	0.0	0.5628814101219177
1.2389631271362305	0.4333139955997467	0.0	0.8200387358665466	0.0	0.0	2.539740562438965	0.0	0.6688704490661621	0.0	0.0	0.0	0.3670099675655365	0.0	0.0	0.7901086807250977	0.30945953726768494	0.5504159927368164	0.7163019180297852	0.14323823153972626	0.5560789704322815	0.3558283746242523	0.0	0.49447211623191833	1.372213363647461	0.29994669556617737	0.0	0.0	0.0	0.3817228674888611	0.0	0.6658987998962402	0.0	0.0	0.0	0.8560366034507751	0.3588223159313202	0.7239509224891663	1.1790975332260132	0.7178462147712708	0.33628496527671814	0.617397665977478	1.309349536895752	0.0	0.0	0.0	0.352450966835022	0.0	0.0	1.3413968086242676	0.4930287003517151	0.0	0.0	0.41608038544654846	1.3526644706726074	0.47381120920181274	0.0	1.326403021812439	0.3844435513019562	0.32768678665161133	0.0	0.0	0.0	0.5131630897521973
1.2048894166946411	0.45080333948135376	0.0	0.8093366622924805	0.0	0.0	2.50561785697937	0.0	0.6635905504226685	0.0	0.0	0.0	0.37235012650489807	0.0	0.0	0.768396258354187	0.3156757354736328	0.4863796830177307	0.672136664390564	0.16336309909820557	0.5313724279403687	0.36187681555747986	0.0	0.4825856685638428	1.4015237092971802	0.2857886850833893	0.0	0.0	0.0	0.3800176680088043	0.0	0.6604653000831604	0.0	0.0	0.0	0.8402371406555176	0.19775031507015228	0.6880704760551453	1.1680841445922852	0.6986862421035767	0.25153854489326477	0.619452178478241	1.2921638488769531	0.0	0.0	0.0	0.3818264603614807	0.0	0.0	1.3320918083190918	0.3748636543750763	0.0	0.0	0.40242311358451843	1.3180328607559204	0.4484059512615204	0.0	1.2864019870758057	0.3953808546066284	0.29201769828796387	0.0	0.0	0.0	0.4939163327217102
1.2529418468475342	0.4977021813392639	0.0	0.8309208154678345	0.0	0.0	2.5540473461151123	0.0	0.6667777895927429	0.0	0.0	0.0	0.3881899118423462	0.0	0.0	0.7579850554466248	0.33253517746925354	0.47550255060195923	0.6941852569580078	0.11516975611448288	0.5277697443962097	0.3848836123943329	0.0	0.5278047919273376	1.3895052671432495	0.29010438919067383	0.05916426330804825	0.0	0.0	0.3799096643924713	0.0	0.651489794254303	0.0	0.0	0.0	0.9168649315834045	0.39690595865249634	0.7348518371582031	1.1903114318847656	0.7097877264022827	0.30270808935165405	0.6830273270606995	1.3413439989089966	0.0	0.0	0.0	0.3927558660507202	0.0	0.0	1.3884223699569702	0.44612544775009155	0.0	0.0	0.40674129128456116	1.371718168258667	0.45396724343299866	0.0	1.3106670379638672	0.3600637912750244	0.2589987814426422	0.0	0.0	0.0	0.4965539872646332
1.227548599243164	0.440542072057724	0.0	0.813408613204956	0.0	0.0	2.50663685798645	0.0	0.6596341729164124	0.0	0.0	0.0	0.3741726875305176	0.0	0.0	0.7603966593742371	0.31922245025634766	0.4772765636444092	0.716643214225769	0.11276178807020187	0.5197030305862427	0.4017685651779175	0.0	0.4876778721809387	1.360006332397461	0.3082977533340454	0.0	0.0	0.0	0.36228275299072266	0.0	0.7193425893783569	0.0	0.0	0.0	0.8373668789863586	0.22679181396961212	0.690782368183136	1.1448286771774292	0.6847567558288574	0.289913535118103	0.6281780004501343	1.2751269340515137	0.0	0.0	0.0	0.3303181231021881	0.0	0.0	1.351062536239624	0.37398743629455566	0.0	0.0	0.45630353689193726	1.3107255697250366	0.47597169876098633	0.0	1.2812581062316895	0.37734103202819824	0.3337964117527008	0.0	0.0	0.0	0.4860900938510895
1.2216764688491821	0.43841755390167236	0.0	0.83492511510849	0.0	0.0	2.639399290084839	0.0	0.6696158051490784	0.0	0.0	0.0	0.3732191026210785	0.0	0.0	0.8242223858833313	0.3407902121543884	0.47314730286598206	0.6698616147041321	0.12000185251235962	0.5349922776222229	0.38826167583465576	0.0	0.5090065598487854	1.4173871278762817	0.31492677330970764	0.0	0.0	0.0	0.3900311291217804	0.0	0.6808151602745056	0.0	0.0	0.0	0.873993456363678	0.19147926568984985	0.6982019543647766	1.1713345050811768	0.7212020754814148	0.2782764434814453	0.6303743720054626	1.3230445384979248	0.0	0.0	0.0	0.3565061390399933	0.0	0.0	1.3283191919326782	0.4458540380001068	0.0	0.0	0.4387659728527069	1.3445465564727783	0.46852898597717285	0.0	1.3186146020889282	0.39804449677467346	0.2718484699726105	0.0	0.0	0.0	0.51263028383255
1.2238391637802124	0.47063279151916504	0.0	0.9790056943893433	0.0	0.0	2.5273468494415283	0.0	0.6866992712020874	0.0	0.0	0.0	0.3888842463493347	0.0	0.0	0.7931429743766785	0.3144126534461975	0.5131101608276367	0.6894058585166931	0.13629449903964996	0.5486586689949036	0.3811502158641815	0.0	0.5674262046813965	1.386772871017456	0.36908307671546936	0.0	0.0	0.0	0.36340299248695374	0.0	0.6712659597396851	0.0	0.0	0.0	0.8616917729377747	0.3267294466495514	0.7852646708488464	1.1780250072479248	0.7018118500709534	0.3251538872718811	0.6553167700767517	1.3147085905075073	0.0	0.0	0.0	0.36076614260673523	0.0	0.0	1.3637031316757202	0.3713657557964325	0.0	0.0	0.46046948432922363	1.3360272645950317	0.43583735823631287	0.0	1.3066682815551758	0.4159221947193146	0.31127986311912537	0.0	0.0	0.0	0.4787563979625702
1.2091264724731445	0.4668446481227875	0.0	0.8292204141616821	0.0	0.0	2.4820303916931152	0.0	0.681201159954071	0.0	0.0	0.0	0.36704912781715393	0.0	0.0	0.7984878420829773	0.31500306725502014	0.46554386615753174	0.6777432560920715	0.1252005696296692	0.5435658097267151	0.38352859020233154	0.0	0.48720622062683105	1.3658273220062256	0.305913507938385	0.0	0.0	0.0	0.36322134733200073	0.0	0.6667342782020569	0.0	0.0	0.0	0.8486600518226624	0.23211374878883362	0.7209010720252991	1.1696711778640747	0.6973545551300049	0.2580813765525818	0.6219925880432129	1.30315101146698	0.0	0.0	0.0	0.35942786931991577	0.0	0.0	1.310205101966858	0.4167082905769348	0.0	0.0	0.44778960943222046	1.3341476917266846	0.44493162631988525	0.0	1.276442050933838	0.3667525053024292	0.25700271129608154	0.0	0.0	0.0	0.5059299468994141
1.2374131679534912	0.46057555079460144	0.0	0.8076610565185547	0.0	0.0	2.5105059146881104	0.0	0.6688933968544006	0.0	0.0	0.0	0.36451801657676697	0.0	0.0	0.7548957467079163	0.4034956395626068	0.4800604581832886	0.6851270794868469	0.09976249933242798	0.5412567257881165	0.3646843731403351	0.0	0.47516781091690063	1.3941644430160522	0.3008820116519928	0.0	0.0	0.0	0.39582160115242004	0.0	0.6524604558944702	0.0	0.0	0.0	0.8624457716941833	0.22876377403736115	0.7043616771697998	1.1878174543380737	0.7138148546218872	0.2664739191532135	0.6527596712112427	1.3161216974258423	0.0	0.0	0.0	0.3575393259525299	0.0	0.0	1.3591138124465942	0.48142126202583313	0.0	0.0	0.4160415232181549	1.3479366302490234	0.43602344393730164	0.0	1.3163987398147583	0.38652628660202026	0.2584976255893707	0.0	0.0	0.0	0.49646860361099243
1.1957250833511353	0.4450311064720154	0.0	0.8348464369773865	0.0	0.0	2.470648765563965	0.0	0.7024610638618469	0.0	0.0	0.0	0.36556363105773926	0.0	0.0	0.7739066481590271	0.3422383666038513	0.5086749792098999	0.694579541683197	0.1567424088716507	0.5664367079734802	0.3788900673389435	0.0	0.4920768439769745	1.3997336626052856	0.3054410219192505	0.0	0.0	0.0	0.3916853964328766	0.0	0.6953653693199158	0.0	0.0	0.0	0.8653573989868164	0.2300945520401001	0.6870913505554199	1.1646244525909424	0.740390419960022	0.2711814343929291	0.6322561502456665	1.2976014614105225	0.0	0.0	0.0	0.3968806266784668	0.0	0.0	1.3497906923294067	0.42498692870140076	0.0	0.0	0.4355389475822449	1.3101657629013062	0.4523032605648041	0.0	1.278477668762207	0.3735255002975464	0.31939011812210083	0.0	0.0	0.0	0.5262353420257568
1.2165353298187256	0.44948622584342957	0.0	0.8459972143173218	0.0	0.0	2.4866998195648193	0.0	0.6745219230651855	0.0	0.0	0.0	0.4339878559112549	0.0	0.0	0.7696669101715088	0.3371838629245758	0.4665645658969879	0.705366313457489	0.1472088098526001	0.576572060585022	0.366256445646286	0.0	0.4852120876312256	1.3815408945083618	0.3125370442867279	0.0	0.0	0.0	0.3684034049510956	0.0	0.6726928949356079	0.0	0.0	0.0	0.9031568765640259	0.3987956941127777	0.7261184453964233	1.182037353515625	0.7529946565628052	0.2563660442829132	0.6361244320869446	1.2909504175186157	0.0	0.0	0.0	0.3942234218120575	0.0	0.0	1.376642107963562	0.4762779474258423	0.0	0.0	0.42287522554397583	1.315405011177063	0.4489299952983856	0.0	1.259702444076538	0.390631765127182	0.2930023670196533	0.0	0.0	0.0	0.5467985272407532
1.257286548614502	0.4197823405265808	0.0	0.9035909175872803	0.0	0.0	2.504760503768921	0.0	0.7003663182258606	0.0	0.0	0.0	0.37147319316864014	0.0	0.0	0.7690445780754089	0.3110072910785675	0.46148860454559326	0.6657824516296387	0.10383250564336777	0.5977956652641296	0.36404064297676086	0.0	0.5295329689979553	1.396527647972107	0.29047590494155884	0.0	0.0	0.0	0.3921828269958496	0.0	0.6485300064086914	0.0	0.0	0.0	0.838534951210022	0.23318809270858765	0.6830639839172363	1.1810187101364136	0.6917493939399719	0.280264675617218	0.6322987675666809	1.3014278411865234	0.0	0.0	0.0	0.36419668793678284	0.0	0.0	1.4653594493865967	0.3655339479446411	0.0	0.0	0.4327985942363739	1.338890552520752	0.4744056165218353	0.0	1.2685765027999878	0.4559694528579712	0.30193471908569336	0.0	0.0	0.0	0.4981091618537903
1.2375208139419556	0.4558255970478058	0.0	0.8507741093635559	0.0	0.0	2.522773265838623	0.0	0.6730965375900269	0.0	0.0	0.0	0.3948894739151001	0.0	0.0	0.7811548113822937	0.3743601441383362	0.4974713623523712	0.6952106356620789	0.12446331232786179	0.5458918213844299	0.3758476674556732	0.0	0.4949590563774109	1.3868727684020996	0.3032847046852112	0.0	0.0	0.0	0.3801247775554657	0.0	0.6842526793479919	0.0	0.0	0.0	0.8610398769378662	0.4200781285762787	0.695460319519043	1.1624339818954468	0.705952525138855	0.24715551733970642	0.6366518139839172	1.3018419742584229	0.0	0.0	0.0	0.3464265763759613	0.0	0.0	1.3633064031600952	0.3713003396987915	0.0	0.0	0.456252783536911	1.3477290868759155	0.4519733488559723	0.0	1.2843351364135742	0.38461920619010925	0.2940569818019867	0.0	0.0	0.0	0.504396378993988
1.2146776914596558	0.4792329967021942	0.0	0.8362438082695007	0.0	0.0	2.5259933471679688	0.0	0.6905350089073181	0.0	0.0	0.0	0.38620638847351074	0.0	0.0	0.7868276238441467	0.31018075346946716	0.46350181102752686	0.6883116960525513	0.11176728457212448	0.5382837057113647	0.36689555644989014	0.0	0.49389082193374634	1.385154366493225	0.3195507824420929	0.0	0.0	0.0	0.36917442083358765	0.0	0.669510006904602	0.0	0.0	0.0	0.8498455882072449	0.3794090449810028	0.7063456177711487	1.1603745222091675	0.7229020595550537	0.26457837224006653	0.6146278977394104	1.2714773416519165	0.0	0.0	0.0	0.3515864908695221	0.0	0.0	1.326629638671875	0.46963581442832947	0.0	0.0	0.4401884377002716	1.3378459215164185	0.4399409294128418	0.0	1.3126331567764282	0.39519956707954407	0.27773424983024597	0.0	0.0	0.0	0.5156181454658508
1.2728246450424194	0.48410654067993164	0.0	0.828393280506134	0.0	0.0	2.521529197692871	0.0	0.6645971536636353	0.0	0.0	0.0	0.413911372423172	0.0	0.0	0.7821395993232727	0.3453284800052643	0.49951937794685364	0.6973015666007996	0.12890221178531647	0.5396551489830017	0.35691338777542114	0.0	0.48990634083747864	1.4175153970718384	0.34352999925613403	0.0	0.0	0.0	0.39685457944869995	0.0	0.6802531480789185	0.0	0.0	0.0	0.8706300258636475	0.2536343038082123	0.726262092590332	1.1681724786758423	0.7237728238105774	0.31104615330696106	0.6375023722648621	1.352049708366394	0.0	0.0	0.0	0.39028632640838623	0.0	0.0	1.3477821350097656	0.37271514534950256	0.0	0.0	0.43911778926849365	1.3736834526062012	0.4807310402393341	0.0	1.2861706018447876	0.41521933674812317	0.2697245180606842	0.0	0.0	0.0	0.4981927275657654
1.2270671129226685	0.4765816628932953	0.0	0.8050552010536194	0.0	0.0	2.550934314727783	0.0	0.6374307870864868	0.0	0.0	0.0	0.3614557087421417	0.0	0.0	0.7790171504020691	0.3040377199649811	0.4875165522098541	0.7058075070381165	0.10299330949783325	0.5320630669593811	0.3793962895870209	0.0	0.48357629776000977	1.3811784982681274	0.2955932021141052	0.0	0.0	0.0	0.38705015182495117	0.0	0.6894276738166809	0.0	0.0	0.0	0.867351233959198	0.22976282238960266	0.7042220234870911	1.1741167306900024	0.6910797953605652	0.2603759765625	0.6304811835289001	1.340628981590271	0.0	0.0	0.0	0.3657130002975464	0.0	0.0	1.3427238464355469	0.3722437918186188	0.0	0.0	0.40700092911720276	1.348312497138977	0.49686092138290405	0.0	1.2775089740753174	0.4215919077396393	0.36095502972602844	0.0	0.0	0.0	0.48975348472595215
1.1957931518554688	0.5172226428985596	0.0	0.947318434715271	0.0	0.0	2.5420665740966797	0.0	0.6927167773246765	0.0	0.0	0.0	0.3646627962589264	0.0	0.0	0.7574513554573059	0.3137114644050598	0.5123164057731628	0.6908417344093323	0.15340405702590942	0.5359551310539246	0.36916542053222656	0.0	0.578562319278717	1.3565764427185059	0.36191096901893616	0.0	0.0	0.0	0.3903396427631378	0.0	0.6848511695861816	0.0	0.0	0.0	0.8569223284721375	0.35321226716041565	0.795092761516571	1.1669855117797852	0.6942417025566101	0.32152995467185974	0.6620471477508545	1.289176106452942	0.0	0.0	0.0	0.3463723957538605	0.0	0.0	1.3106260299682617	0.49525341391563416	0.0	0.0	0.4742143750190735	1.3365154266357422	0.42975038290023804	0.0	1.3203232288360596	0.40301820635795593	0.27743667364120483	0.0	0.0	0.0	0.5015427470207214
1.2567651271820068	0.46179625391960144	0.0	0.8189817667007446	0.0	0.0	2.438359498977661	0.0	0.662585437297821	0.0	0.0	0.0	0.3919503092765808	0.0	0.0	0.7809175252914429	0.32645660638809204	0.46350425481796265	0.688452422618866	0.1432001143693924	0.5225503444671631	0.3694872558116913	0.0	0.4831431806087494	1.3853741884231567	0.296889990568161	0.0	0.0	0.0	0.3818280100822449	0.0	0.6679996848106384	0.0	0.0	0.0	0.8443247079849243	0.37790337204933167	0.7162330150604248	1.1743420362472534	0.7072314620018005	0.2565512955188751	0.6673707962036133	1.3020493984222412	0.0	0.0	0.0	0.3616010546684265	0.0	0.0	1.3480072021484375	0.3962559700012207	0.0	0.0	0.4171818792819977	1.315639853477478	0.43724769353866577	0.0	1.2755235433578491	0.3818345069885254	0.2965700328350067	0.0	0.0	0.0	0.5005479454994202
1.2262123823165894	0.4570128321647644	0.0	0.8572708368301392	0.0	0.0	2.5131826400756836	0.0	0.6754486560821533	0.0	0.0	0.0	0.3797973096370697	0.0	0.0	0.7900165915489197	0.30821558833122253	0.48347631096839905	0.6779289841651917	0.1342736929655075	0.5637738704681396	0.3709965646266937	0.0	0.5211336612701416	1.4010206460952759	0.376565158367157	0.0	0.0	0.0	0.3798127770423889	0.0	0.6660931706428528	0.0	0.0	0.0	0.8590530157089233	0.23164847493171692	0.7261293530464172	1.180464267730713	0.6991118788719177	0.2968140244483948	0.6316002607345581	1.280531644821167	0.0	0.0	0.0	0.3575587570667267	0.0	0.0	1.3680996894836426	0.36156153678894043	0.0	0.0	0.4375365078449249	1.3562836647033691	0.466810405254364	0.0	1.3217524290084839	0.42751702666282654	0.25319793820381165	0.0	0.0	0.0	0.5005646347999573
1.2286163568496704	0.4960789382457733	0.0	0.8334813714027405	0.0	0.0	2.522026538848877	0.0	0.6904382109642029	0.0	0.0	0.0	0.3847789764404297	0.0	0.0	0.7828497290611267	0.32915571331977844	0.4710150957107544	0.7035884857177734	0.10780036449432373	0.5918933153152466	0.3876347243785858	0.0	0.5110164880752563	1.3622430562973022	0.32459861040115356	0.0	0.0	0.0	0.3840656578540802	0.0	0.7351837158203125	0.0	0.0	0.0	0.8596550822257996	0.22177419066429138	0.6973636746406555	1.1417886018753052	0.7149292230606079	0.24938882887363434	0.6364631652832031	1.3243094682693481	0.0	0.0	0.0	0.33645376563072205	0.0	0.0	1.3561562299728394	0.3751218914985657	0.0	0.0	0.4481442868709564	1.3360674381256104	0.4731077253818512	0.0	1.2917494773864746	0.37198078632354736	0.30622899532318115	0.0	0.0	0.0	0.520203709602356
1.2233723402023315	0.5146610736846924	0.0	0.8123784065246582	0.0	0.0	2.4562954902648926	0.0	0.7101544737815857	0.0	0.0	0.0	0.3975570499897003	0.0	0.0	0.804816484451294	0.3190537095069885	0.47198882699012756	0.6645048260688782	0.13006466627120972	0.5431610941886902	0.37150004506111145	0.0	0.498110830783844	1.370440125465393	0.32899966835975647	0.0	0.0	0.0	0.39683660864830017	0.0	0.6636140942573547	0.0	0.0	0.0	0.8962957859039307	0.39216136932373047	0.7222443222999573	1.1586577892303467	0.7019476294517517	0.28885871171951294	0.65614914894104	1.332638144493103	0.0	0.0	0.0	0.3650873601436615	0.0	0.0	1.3628696203231812	0.40407031774520874	0.0	0.0	0.4674510955810547	1.337072730064392	0.4741345942020416	0.0	1.2983980178833008	0.3760973811149597	0.29577726125717163	0.0	0.0	0.0	0.5298596620559692
1.288558840751648	0.4420470595359802	0.0	0.9362091422080994	0.0	0.0	2.5330920219421387	0.0	0.7181150317192078	0.0	0.0	0.0	0.4434800148010254	0.0	0.0	0.7855738401412964	0.3343225121498108	0.5059878826141357	0.7209372520446777	0.13054122030735016	0.6170364022254944	0.34891587495803833	0.0	0.5233095288276672	1.3698573112487793	0.3536021113395691	0.0	0.0	0.0	0.393669456243515	0.0	0.6830279231071472	0.0	0.0	0.0	0.8281153440475464	0.2427084594964981	0.6906566619873047	1.1560899019241333	0.7044959664344788	0.32601067423820496	0.6536394357681274	1.297907829284668	0.0	0.0	0.0	0.39761945605278015	0.0	0.0	1.4251090288162231	0.3686668872833252	0.0	0.0	0.41291165351867676	1.3258179426193237	0.44026240706443787	0.0	1.3048574924468994	0.44363343715667725	0.2845156192779541	0.0	0.0	0.0	0.49421441555023193
1.215792179107666	0.4556496739387512	0.0	0.8601846098899841	0.0	0.0	2.5317885875701904	0.0	0.6512635350227356	0.0	0.0	0.0	0.38340431451797485	0.0	0.0	0.7779353857040405	0.30904972553253174	0.5354776382446289	0.735190212726593	0.1333611160516739	0.53371262550354	0.3837546408176422	0.0	0.4985353946685791	1.410133719444275	0.3671960234642029	0.0	0.0	0.0	0.3621770441532135	0.0	0.6763778328895569	0.0	0.0	0.0	0.8364793062210083	0.19750796258449554	0.7100628614425659	1.1793550252914429	0.7142447233200073	0.3178771734237671	0.653649628162384	1.2799228429794312	0.0	0.0	0.0	0.3422371745109558	0.0	0.0	1.3386869430541992	0.40213167667388916	0.0	0.0	0.45152804255485535	1.3256990909576416	0.46982526779174805	0.0	1.3219648599624634	0.4095323085784912	0.26177188754081726	0.0	0.0	0.0	0.5170462131500244
1.2264010906219482	0.47432297468185425	0.0	0.8365665078163147	0.0	0.0	2.496731996536255	0.0	0.6756633520126343	0.0	0.0	0.0	0.40799903869628906	0.0	0.0	0.7623170614242554	0.3104003071784973	0.4734061062335968	0.6746877431869507	0.14300918579101562	0.560224175453186	0.3460080921649933	0.0	0.48682066798210144	1.3772737979888916	0.29777753353118896	0.06052092835307121	0.0	0.0	0.38290345668792725	0.0	0.6504182815551758	0.0	0.0	0.0	0.8519165515899658	0.21279439330101013	0.6972225904464722	1.1979641914367676	0.6992835998535156	0.27792319655418396	0.6203950047492981	1.2787302732467651	0.0	0.0	0.0	0.3590131998062134	0.0	0.0	1.3327726125717163	0.3605550229549408	0.0	0.0	0.4086649417877197	1.3448466062545776	0.44986283779144287	0.0	1.2915997505187988	0.3839077949523926	0.278959721326828	0.0	0.0	0.0	0.5662608742713928
1.2159518003463745	0.42917725443840027	0.0	0.833046019077301	0.0	0.0	2.4906256198883057	0.0	0.6629608273506165	0.0	0.0	0.0	0.36862143874168396	0.0	0.0	0.7677434086799622	0.3912445306777954	0.47889813780784607	0.6687774658203125	0.11638949811458588	0.5335913896560669	0.3852294683456421	0.0	0.4796120822429657	1.3725528717041016	0.2852919399738312	0.0	0.0	0.0	0.39264142513275146	0.0	0.6612510085105896	0.0	0.0	0.0	0.8334668278694153	0.21737246215343475	0.7145242094993591	1.1652448177337646	0.7035831212997437	0.28226518630981445	0.6207428574562073	1.3077689409255981	0.0	0.0	0.0	0.3489949703216553	0.0	0.0	1.3193790912628174	0.36251935362815857	0.0	0.0	0.48163050413131714	1.323915958404541	0.4324079751968384	0.0	1.2856463193893433	0.3757142126560211	0.27417677640914917	0.0	0.0	0.0	0.5071223974227905
1.2205249071121216	0.46321195363998413	0.0	0.8530149459838867	0.0	0.0	2.5470948219299316	0.0	0.6808916330337524	0.0	0.0	0.0	0.3710363209247589	0.0	0.0	0.78104168176651	0.34143319725990295	0.4842959940433502	0.6969919204711914	0.11351276934146881	0.5521878004074097	0.36170175671577454	0.0	0.4835111200809479	1.3890140056610107	0.32092610001564026	0.0	0.0	0.0	0.3792240023612976	0.0	0.6837005615234375	0.0	0.0	0.0	0.8865406513214111	0.38523635268211365	0.7438753843307495	1.171676516532898	0.7148447036743164	0.2462620735168457	0.6222029328346252	1.293340802192688	0.0	0.0	0.0	0.3312477767467499	0.0	0.0	1.3475594520568848	0.37968239188194275	0.0	0.0	0.4217436611652374	1.3434432744979858	0.4625232219696045	0.0	1.2972902059555054	0.45761603116989136	0.3375345766544342	0.0	0.0	0.0	0.5615015029907227
1.2535521984100342	0.43734344840049744	0.0	0.8523555994033813	0.0	0.0	2.598764419555664	0.0	0.6505630612373352	0.0	0.0	0.0	0.41054919362068176	0.0	0.0	0.7998599410057068	0.3190416097640991	0.475717693567276	0.6944350004196167	0.12121113389730453	0.5580880045890808	0.3661193251609802	0.0	0.5295140147209167	1.422903299331665	0.3074228763580322	0.0	0.0	0.0	0.3900235593318939	0.0	0.6871722340583801	0.0	0.0	0.0	0.8325783014297485	0.3803623616695404	0.6858262419700623	1.1772663593292236	0.7489970922470093	0.2673370838165283	0.625697135925293	1.2933930158615112	0.0	0.0	0.0	0.35586822032928467	0.0	0.0	1.417608380317688	0.448158860206604	0.0	0.0	0.4398443400859833	1.3530433177947998	0.4591527581214905	0.0	1.3265024423599243	0.3798275291919708	0.303000271320343	0.0	0.0	0.0	0.4834846556186676
1.2529408931732178	0.45581337809562683	0.0	0.8284969329833984	0.0	0.0	2.586690664291382	0.0	0.6718646883964539	0.0	0.0	0.0	0.4096941351890564	0.0	0.0	0.8053175210952759	0.32298022508621216	0.5035752654075623	0.7090004682540894	0.13917066156864166	0.5757713913917542	0.3671976923942566	0.0	0.5194759368896484	1.366350769996643	0.31518834829330444	0.0	0.0	0.0	0.3665981590747833	0.0	0.6984750032424927	0.0	0.0	0.0	0.8406324982643127	0.40112921595573425	0.7414339184761047	1.1689223051071167	0.6951595544815063	0.25282832980155945	0.6316599249839783	1.3377820253372192	0.0	0.0	0.0	0.35316091775894165	0.0	0.0	1.319822907447815	0.38597652316093445	0.0	0.0	0.422918438911438	1.3388553857803345	0.4703834354877472	0.0	1.271357536315918	0.4037582576274872	0.3218385577201843	0.0	0.0	0.0	0.5395190715789795
1.2406047582626343	0.48609206080436707	0.0	1.035447359085083	0.0	0.0	2.5726242065429688	0.0	0.7012685537338257	0.0	0.0	0.0	0.44069385528564453	0.0	0.0	0.8286867141723633	0.33860084414482117	0.45628857612609863	0.6807312965393066	0.1445891261100769	0.5623093843460083	0.3671805262565613	0.0	0.5317195653915405	1.3833566904067993	0.3968661427497864	0.0	0.0	0.0	0.3815484941005707	0.0	0.6611672043800354	0.0	0.0	0.0	0.8641284108161926	0.31327712535858154	0.7733064293861389	1.1672403812408447	0.7091817259788513	0.38327911496162415	0.666233241558075	1.2796590328216553	0.0	0.0	0.0	0.3739549517631531	0.0	0.0	1.417880892753601	0.3545709252357483	0.0	0.0	0.49469396471977234	1.3542673587799072	0.5068504214286804	0.0	1.2624921798706055	0.4662139415740967	0.2929663360118866	0.0	0.0	0.0	0.5025416016578674
1.212490200996399	0.47272437810897827	0.0	0.8560704588890076	0.0	0.0	2.4657905101776123	0.0	0.6766132712364197	0.0	0.0	0.0	0.37991490960121155	0.0	0.0	0.762357771396637	0.31617334485054016	0.477143257856369	0.662323534488678	0.11650867760181427	0.5306431651115417	0.360538125038147	0.0	0.485015869140625	1.36301851272583	0.31696733832359314	0.0	0.0	0.0	0.39972397685050964	0.0	0.6855055093765259	0.0	0.0	0.0	0.8549267649650574	0.3892991542816162	0.7005202770233154	1.173751711845398	0.7058627009391785	0.29513517022132874	0.6318976879119873	1.326082468032837	0.0	0.0	0.0	0.3375740647315979	0.0	0.0	1.3355275392532349	0.36853286623954773	0.0	0.0	0.4482846260070801	1.3438689708709717	0.4638350009918213	0.0	1.2882888317108154	0.39539477229118347	0.26688915491104126	0.0	0.0	0.0	0.49875524640083313
1.2393006086349487	0.44202888011932373	0.0	0.8217636942863464	0.0	0.0	2.496912956237793	0.0	0.6937747001647949	0.0	0.0	0.0	0.3859936594963074	0.0	0.0	0.7644935250282288	0.32057929039001465	0.4854316711425781	0.712584912776947	0.12160322815179825	0.5263395309448242	0.35775259137153625	0.0	0.4813624620437622	1.392234206199646	0.346719890832901	0.0	0.0	0.0	0.40932396054267883	0.0	0.669445812702179	0.0	0.0	0.0	0.8415791988372803	0.2525145709514618	0.7348904609680176	1.1661224365234375	0.7032871246337891	0.2685750126838684	0.6563381552696228	1.3253910541534424	0.0	0.0	0.0	0.3716558814048767	0.0	0.0	1.3839387893676758	0.39037588238716125	0.0	0.0	0.424808531999588	1.3281798362731934	0.46347475051879883	0.0	1.2926337718963623	0.4047641456127167	0.3222598433494568	0.0	0.0	0.0	0.4973929822444916
1.2354519367218018	0.4561718702316284	0.0	0.8761187195777893	0.0	0.0	2.463665723800659	0.0	0.7001168131828308	0.0	0.0	0.0	0.41642946004867554	0.0	0.0	0.8152757883071899	0.34273573756217957	0.4629938304424286	0.6780772805213928	0.11488531529903412	0.5793579816818237	0.3702963590621948	0.0	0.5172240138053894	1.4171168804168701	0.30670520663261414	0.0	0.0	0.0	0.37915587425231934	0.0	0.663285493850708	0.0	0.0	0.0	0.8593326807022095	0.26231279969215393	0.7036786675453186	1.1719826459884644	0.7118325233459473	0.24833527207374573	0.6114336848258972	1.2848315238952637	0.0	0.0	0.0	0.3813813626766205	0.0	0.0	1.4429212808609009	0.4953526258468628	0.0	0.0	0.4116654396057129	1.313323736190796	0.47145944833755493	0.0	1.3094907999038696	0.4534238278865814	0.2610912322998047	0.0	0.0	0.0	0.5190929174423218
1.248496174812317	0.471686452627182	0.0	0.8786230683326721	0.0	0.0	2.519566059112549	0.0	0.7735046148300171	0.0	0.0	0.0	0.38312390446662903	0.0	0.0	0.7618676424026489	0.33726251125335693	0.5012120604515076	0.7336668372154236	0.14334550499916077	0.5568423867225647	0.412479043006897	0.0	0.48026496171951294	1.4157496690750122	0.3452112376689911	0.0	0.0	0.0	0.40127676725387573	0.0	0.6849549412727356	0.0	0.0	0.0	0.8945350646972656	0.24617919325828552	0.7087403535842896	1.1687055826187134	0.7095212936401367	0.30427780747413635	0.6201683282852173	1.2947665452957153	0.0	0.0	0.0	0.3688181936740875	0.0	0.0	1.4286195039749146	0.38967153429985046	0.0	0.0	0.4126068949699402	1.384462833404541	0.4894985556602478	0.0	1.2899266481399536	0.4206581115722656	0.36316999793052673	0.0	0.0	0.0	0.5619398951530457
1.2143901586532593	0.4732094407081604	0.0	0.9463407397270203	0.0	0.0	2.497089385986328	0.0	0.68513423204422	0.0	0.0	0.0	0.4170216917991638	0.0	0.0	0.7722842693328857	0.34412863850593567	0.47489240765571594	0.6792802810668945	0.136277437210083	0.5614301562309265	0.38098427653312683	0.0	0.5906469225883484	1.360519528388977	0.3325883150100708	0.0	0.0	0.0	0.3902409076690674	0.0	0.6491087675094604	0.0	0.0	0.0	0.8869905471801758	0.28371304273605347	0.7438538670539856	1.1663055419921875	0.7346730828285217	0.31345194578170776	0.6445877552032471	1.3335161209106445	0.0	0.0	0.0	0.3554057478904724	0.0	0.0	1.338235855102539	0.36879298090934753	0.0	0.0	0.4934385418891907	1.3466591835021973	0.44564101099967957	0.0	1.2612851858139038	0.36258548498153687	0.2891494035720825	0.0	0.0	0.0	0.5794335603713989
1.2596253156661987	0.45404067635536194	0.0	0.8912646174430847	0.0	0.0	2.568432092666626	0.0	0.7141020894050598	0.0	0.0	0.0	0.4047035872936249	0.0	0.0	0.8052353262901306	0.3078491687774658	0.4725329875946045	0.6929587721824646	0.12920793890953064	0.5556823015213013	0.38333719968795776	0.0	0.48880985379219055	1.4216026067733765	0.31580349802970886	0.0	0.0	0.0	0.39417171478271484	0.0	0.6689924597740173	0.0	0.0	0.0	0.8540847897529602	0.2043299823999405	0.7036346197128296	1.2035510540008545	0.7024099826812744	0.24489431083202362	0.6316436529159546	1.3293826580047607	0.0	0.0	0.0	0.36372894048690796	0.0	0.0	1.4015275239944458	0.3840954899787903	0.0	0.0	0.4362174868583679	1.318374752998352	0.4599855840206146	0.0	1.3260549306869507	0.3776857852935791	0.30477628111839294	0.0	0.0	0.0	0.49537816643714905
1.228490948677063	0.43873223662376404	0.0	0.848583996295929	0.0	0.0	2.5043063163757324	0.0	0.6532541513442993	0.0	0.0	0.0	0.395422101020813	0.0	0.0	0.7674980759620667	0.33675089478492737	0.4911022186279297	0.6980185508728027	0.10876351594924927	0.5279601812362671	0.36178848147392273	0.0	0.47531408071517944	1.3883665800094604	0.3354457914829254	0.0	0.0	0.0	0.3534908592700958	0.0	0.6852740049362183	0.0	0.0	0.0	0.8498210906982422	0.2629615366458893	0.68940669298172	1.1708810329437256	0.7113813161849976	0.24822130799293518	0.6252698302268982	1.2977616786956787	0.0	0.0	0.0	0.33834925293922424	0.0	0.0	1.3643248081207275	0.37106794118881226	0.0	0.0	0.4087565243244171	1.349396824836731	0.46817746758461	0.0	1.3428795337677002	0.3638167083263397	0.3143138587474823	0.0	0.0	0.0	0.5119247436523438
1.2100898027420044	0.457363486289978	0.0	0.8612424731254578	0.0	0.0	2.5227901935577393	0.0	0.6761009097099304	0.0	0.0	0.0	0.3850175738334656	0.0	0.0	0.7813425660133362	0.3335120379924774	0.5133596658706665	0.6833189129829407	0.11096282303333282	0.5663245916366577	0.3790476322174072	0.0	0.5086538195610046	1.3966642618179321	0.3549003005027771	0.0	0.0	0.0	0.37986326217651367	0.0	0.66131591796875	0.0	0.0	0.0	0.8422927856445312	0.387424111366272	0.7186349034309387	1.1585114002227783	0.7479309439659119	0.2990618646144867	0.6272789239883423	1.2793554067611694	0.0	0.0	0.0	0.37474778294563293	0.0	0.0	1.3492653369903564	0.36725112795829773	0.0	0.0	0.4276273846626282	1.323539137840271	0.4516231119632721	0.0	1.2787127494812012	0.4069128930568695	0.2733142375946045	0.0	0.0	0.0	0.521754801273346
1.2045305967330933	0.47210270166397095	0.0	0.8461405038833618	0.0	0.0	2.498370885848999	0.0	0.6651806831359863	0.0	0.0	0.0	0.35390254855155945	0.0	0.0	0.7813634276390076	0.30639803409576416	0.5211003422737122	0.6899639964103699	0.10878115892410278	0.5592355132102966	0.3737124800682068	0.0	0.48678046464920044	1.3568971157073975	0.3403070867061615	0.0	0.0	0.0	0.3756136894226074	0.0	0.6687755584716797	0.0	0.0	0.0	0.8408494591712952	0.38767966628074646	0.6973094344139099	1.1819846630096436	0.7031326293945312	0.2715284824371338	0.6144824624061584	1.3061281442642212	0.0	0.0	0.0	0.35574856400489807	0.0	0.0	1.3414466381072998	0.3681949973106384	0.0	0.0	0.4513678550720215	1.3224931955337524	0.4311947226524353	0.0	1.3002022504806519	0.4052472710609436	0.25814446806907654	0.0	0.0	0.0	0.49779751896858215
1.2364866733551025	0.46093881130218506	0.0	0.8317318558692932	0.0	0.0	2.5316824913024902	0.0	0.6494961380958557	0.0	0.0	0.0	0.376521497964859	0.0	0.0	0.8095345497131348	0.32716941833496094	0.4699995815753937	0.708225429058075	0.12221041321754456	0.5541535019874573	0.37152230739593506	0.0	0.5015469789505005	1.3757113218307495	0.3034520149230957	0.0	0.0	0.0	0.39377349615097046	0.0	0.6661795973777771	0.0	0.0	0.0	0.8453068137168884	0.21158812940120697	0.7139760255813599	1.1802897453308105	0.7172501683235168	0.25971511006355286	0.6562364101409912	1.3284859657287598	0.0	0.0	0.0	0.38764798641204834	0.0	0.0	1.3477482795715332	0.3628443479537964	0.0	0.0	0.4325796961784363	1.3151237964630127	0.45474228262901306	0.0	1.3122340440750122	0.4213324189186096	0.26499858498573303	0.0	0.0	0.0	0.4956108033657074
1.2188720703125	0.4772462844848633	0.0	0.9412059783935547	0.0	0.0	2.538280963897705	0.0	0.6621967554092407	0.0	0.0	0.0	0.38136887550354004	0.0	0.0	0.7624607682228088	0.3342018127441406	0.47717514634132385	0.6683303117752075	0.15613491833209991	0.5537586212158203	0.35246649384498596	0.0	0.5681345462799072	1.3664379119873047	0.3017067611217499	0.0	0.0	0.0	0.36329925060272217	0.0	0.6620532870292664	0.0	0.0	0.0	0.8907382488250732	0.4077024459838867	0.7961172461509705	1.1826094388961792	0.7019470930099487	0.26820269227027893	0.639546275138855	1.293750286102295	0.0	0.0	0.0	0.356009840965271	0.0	0.0	1.3158304691314697	0.36511412262916565	0.0	0.0	0.435638427734375	1.3397799730300903	0.44133976101875305	0.0	1.2863450050354004	0.3690352737903595	0.28698959946632385	0.0	0.0	0.0	0.5207636952400208
1.209536075592041	0.46529731154441833	0.0	0.8086645007133484	0.0	0.0	2.4850783348083496	0.0	0.6624013185501099	0.0	0.0	0.0	0.3602493405342102	0.0	0.0	0.7908995747566223	0.31596285104751587	0.4555613696575165	0.6770816445350647	0.10821051150560379	0.5378420948982239	0.35792240500450134	0.0	0.48734143376350403	1.3899370431900024	0.2964673936367035	0.0	0.0	0.0	0.39527419209480286	0.0	0.6552533507347107	0.0	0.0	0.0	0.8338800668716431	0.2192710041999817	0.6864010095596313	1.1673369407653809	0.7086696028709412	0.2690499424934387	0.6252949833869934	1.3305659294128418	0.0	0.0	0.0	0.357960045337677	0.0	0.0	1.3302943706512451	0.3653600215911865	0.0	0.0	0.4328998625278473	1.3184318542480469	0.4773612320423126	0.0	1.2990403175354004	0.4014030396938324	0.2569429576396942	0.0	0.0	0.0	0.49949193000793457
1.247738242149353	0.46365031599998474	0.0	0.8605293035507202	0.0	0.0	2.478224515914917	0.0	0.6531429886817932	0.0	0.0	0.0	0.4119805693626404	0.0	0.0	0.7758505344390869	0.33285874128341675	0.4742719233036041	0.6688293218612671	0.13488492369651794	0.5623660683631897	0.3675655126571655	0.0	0.49906572699546814	1.390931248664856	0.30872970819473267	0.0	0.0	0.0	0.38261404633522034	0.0	0.652800440788269	0.0	0.0	0.0	0.8749784231185913	0.22473159432411194	0.7131521701812744	1.180606722831726	0.697118878364563	0.2745417654514313	0.6395778656005859	1.299168348312378	0.0	0.0	0.0	0.36225625872612	0.0	0.0	1.350373387336731	0.3840816915035248	0.0	0.0	0.4127236604690552	1.3468629121780396	0.4367699921131134	0.0	1.2695509195327759	0.40374645590782166	0.28848981857299805	0.0	0.0	0.0	0.5404801964759827
1.2236179113388062	0.5027318000793457	0.0	0.8396812081336975	0.0	0.0	2.5449941158294678	0.0	0.6427006125450134	0.0	0.0	0.0	0.39109787344932556	0.0	0.0	0.7611636519432068	0.3196743130683899	0.4629499912261963	0.6580030918121338	0.1551724076271057	0.5259127616882324	0.3591347336769104	0.0	0.5085638165473938	1.3858534097671509	0.28478050231933594	0.0	0.0	0.0	0.3661162555217743	0.0	0.6518598198890686	0.0	0.0	0.0	0.8826950192451477	0.21242859959602356	0.7034760117530823	1.1766732931137085	0.7156903743743896	0.25921300053596497	0.6440909504890442	1.29725182056427	0.0	0.0	0.0	0.36256057024002075	0.0	0.0	1.3464452028274536	0.41331496834754944	0.0	0.0	0.4529542326927185	1.3512457609176636	0.44156840443611145	0.0	1.3127096891403198	0.38732096552848816	0.2756642997264862	0.0	0.0	0.0	0.4974876940250397
1.2373793125152588	0.48046043515205383	0.0	0.9356086850166321	0.0	0.0	2.5061378479003906	0.0	0.7076759934425354	0.0	0.0	0.0	0.454853355884552	0.0	0.0	0.8582914471626282	0.3483915328979492	0.5172739028930664	0.6701532006263733	0.1241464614868164	0.6081475615501404	0.34584498405456543	0.0	0.5672580599784851	1.4140619039535522	0.33326828479766846	0.0	0.0	0.0	0.3687383532524109	0.0	0.6482506990432739	0.0	0.0	0.0	0.8411288261413574	0.24651110172271729	0.7179692983627319	1.1806530952453613	0.69710773229599	0.2576953172683716	0.6245601177215576	1.2834429740905762	0.0	0.0	0.0	0.37393712997436523	0.0	0.0	1.4788552522659302	0.35189369320869446	0.0	0.0	0.413246214389801	1.3605413436889648	0.4394988417625427	0.0	1.3055371046066284	0.47448453307151794	0.2858966886997223	0.0	0.0	0.0	0.49563682079315186
1.2331901788711548	0.4421524107456207	0.0	0.8312053680419922	0.0	0.0	2.531263589859009	0.0	0.655999481678009	0.0	0.0	0.0	0.3751196563243866	0.0	0.0	0.7967671751976013	0.3295266032218933	0.4634931683540344	0.6607587337493896	0.1271415501832962	0.535533607006073	0.3677166998386383	0.0	0.47863712906837463	1.3952772617340088	0.289136677980423	0.0	0.0	0.0	0.37954965233802795	0.0	0.6665328145027161	0.0	0.0	0.0	0.8623891472816467	0.22890983521938324	0.6913378834724426	1.1599375009536743	0.7255611419677734	0.25428807735443115	0.6144697070121765	1.3167439699172974	0.0	0.0	0.0	0.3625037670135498	0.0	0.0	1.3633979558944702	0.37008437514305115	0.0	0.0	0.4455142617225647	1.3392280340194702	0.4527815282344818	0.0	1.3139150142669678	0.4090682566165924	0.2962840795516968	0.0	0.0	0.0	0.4862896502017975
1.237940788269043	0.47097280621528625	0.0	0.8691748380661011	0.0	0.0	2.550734281539917	0.0	0.6916475296020508	0.0	0.0	0.0	0.40714573860168457	0.0	0.0	0.7953206300735474	0.3318963050842285	0.4931383430957794	0.6743345856666565	0.12808360159397125	0.570076048374176	0.386822909116745	0.0	0.5276037454605103	1.4109954833984375	0.3561115264892578	0.0	0.0	0.0	0.40233615040779114	0.0	0.6822159290313721	0.0	0.0	0.0	0.8984933495521545	0.2368367612361908	0.7023407816886902	1.2202228307724	0.7283262610435486	0.31561851501464844	0.6739031672477722	1.3279560804367065	0.0	0.0	0.0	0.34653469920158386	0.0	0.0	1.4293248653411865	0.41774189472198486	0.0	0.0	0.45582568645477295	1.3601154088974	0.47491052746772766	0.0	1.374429702758789	0.402756929397583	0.2589705288410187	0.0	0.0	0.0	0.4849386513233185
1.2307114601135254	0.5174700617790222	0.0	0.8282595872879028	0.0	0.0	2.573387861251831	0.0	0.6687692999839783	0.0	0.0	0.0	0.3814810812473297	0.0	0.0	0.7579990029335022	0.31715697050094604	0.5005317330360413	0.6772724390029907	0.13131818175315857	0.5484384894371033	0.389746755361557	0.0	0.5017064213752747	1.3754698038101196	0.30637240409851074	0.0	0.0	0.0	0.37115243077278137	0.0	0.7040321826934814	0.0	0.0	0.0	0.8659834861755371	0.2285158336162567	0.7024949193000793	1.1652110815048218	0.6912949681282043	0.26822471618652344	0.6293255090713501	1.299564003944397	0.0	0.0	0.0	0.3717494606971741	0.0	0.0	1.3589013814926147	0.36169835925102234	0.0	0.0	0.4157814681529999	1.3367303609848022	0.46479859948158264	0.0	1.351775884628296	0.38285088539123535	0.26649752259254456	0.0	0.0	0.0	0.5105212330818176
1.1998281478881836	0.4556342661380768	0.0	0.8272340297698975	0.0	0.0	2.448962450027466	0.0	0.6810543537139893	0.0	0.0	0.0	0.3880135118961334	0.0	0.0	0.7468788027763367	0.31809553503990173	0.47083091735839844	0.674563467502594	0.11279009282588959	0.5383279323577881	0.3853428065776825	0.0	0.49631133675575256	1.3789114952087402	0.3162778913974762	0.0	0.0	0.0	0.37764203548431396	0.0	0.6569640636444092	0.0	0.0	0.0	0.8915927410125732	0.20479492843151093	0.7019896507263184	1.1818032264709473	0.6982747316360474	0.28796935081481934	0.6260578632354736	1.3145897388458252	0.0	0.0	0.0	0.3774694502353668	0.0	0.0	1.3555939197540283	0.4072241485118866	0.0	0.0	0.4216150939464569	1.3257555961608887	0.4548323154449463	0.0	1.2660150527954102	0.3518452048301697	0.25980573892593384	0.0	0.0	0.0	0.5093485116958618
1.2563408613204956	0.4575079381465912	0.0	0.917436420917511	0.0	0.0	2.518329381942749	0.0	0.7117371559143066	0.0	0.0	0.0	0.4288012683391571	0.0	0.0	0.830014169216156	0.3258589804172516	0.4952765703201294	0.6799101829528809	0.10190752893686295	0.5886232256889343	0.3647051155567169	0.0	0.5184980034828186	1.4015108346939087	0.3470584750175476	0.0	0.0	0.0	0.39086198806762695	0.0	0.7175499796867371	0.0	0.0	0.0	0.8449702262878418	0.41389867663383484	0.7098610997200012	1.1867533922195435	0.7199518084526062	0.302123099565506	0.6679044961929321	1.2746423482894897	0.0	0.0	0.0	0.3665194511413574	0.0	0.0	1.461930274963379	0.3796091079711914	0.0	0.0	0.4391845166683197	1.3314146995544434	0.48312056064605713	0.0	1.3095552921295166	0.460762619972229	0.32087382674217224	0.0	0.0	0.0	0.5122235417366028
1.280623435974121	0.44512832164764404	0.0	0.8559669256210327	0.0	0.0	2.5458931922912598	0.0	0.6490023732185364	0.0	0.0	0.0	0.37414640188217163	0.0	0.0	0.7758544087409973	0.314269095659256	0.5043834447860718	0.7087409496307373	0.12731604278087616	0.5434129238128662	0.35549867153167725	0.0	0.5045076012611389	1.362939715385437	0.36151739954948425	0.0	0.0	0.0	0.4194023609161377	0.0	0.6762992143630981	0.0	0.0	0.0	0.8750625848770142	0.20568324625492096	0.7418717741966248	1.1708970069885254	0.7064889669418335	0.3180393874645233	0.6530110239982605	1.3032023906707764	0.0	0.0	0.0	0.36517471075057983	0.0	0.0	1.33646559715271	0.4984833300113678	0.0	0.0	0.44278034567832947	1.3155734539031982	0.44714418053627014	0.0	1.2666652202606201	0.4332874119281769	0.26735061407089233	0.0	0.0	0.0	0.5411508083343506
1.2582100629806519	0.4659668207168579	0.0	0.8679250478744507	0.0	0.0	2.493441104888916	0.0	0.7027682065963745	0.0	0.0	0.0	0.36792057752609253	0.0	0.0	0.7569987773895264	0.36615288257598877	0.4677257239818573	0.684768795967102	0.11778195202350616	0.5458136200904846	0.37199363112449646	0.0	0.46650370955467224	1.4071664810180664	0.3170822560787201	0.0	0.0	0.0	0.4267677068710327	0.0	0.6524608135223389	0.0	0.0	0.0	0.8450902104377747	0.31460171937942505	0.6845291256904602	1.1754515171051025	0.7297649383544922	0.29112961888313293	0.6416375637054443	1.296373963356018	0.0	0.0	0.0	0.37816861271858215	0.0	0.0	1.3918756246566772	0.368340402841568	0.0	0.0	0.42567169666290283	1.3476955890655518	0.4602411389350891	0.0	1.3037524223327637	0.3912454843521118	0.268528014421463	0.0	0.0	0.0	0.543482780456543
1.202125906944275	0.4486100673675537	0.0	0.8470332622528076	0.0	0.0	2.534256935119629	0.0	0.6659747362136841	0.0	0.0	0.0	0.37029409408569336	0.0	0.0	0.7984572052955627	0.36752381920814514	0.4749980866909027	0.6675963401794434	0.11941619217395782	0.5355795621871948	0.3580835163593292	0.0	0.4951186776161194	1.37912118434906	0.2982735335826874	0.0	0.0	0.0	0.35889390110969543	0.0	0.6485824584960938	0.0	0.0	0.0	0.8451477885246277	0.19552098214626312	0.7234594821929932	1.1731027364730835	0.7149059176445007	0.30686280131340027	0.6535376310348511	1.3477113246917725	0.0	0.0	0.0	0.3748064637184143	0.0	0.0	1.3292559385299683	0.4734662175178528	0.0	0.0	0.4652690291404724	1.3376846313476562	0.4709150195121765	0.0	1.2988189458847046	0.3974045217037201	0.2655428647994995	0.0	0.0	0.0	0.5016573667526245
1.2322556972503662	0.4596123993396759	0.0	0.8308525085449219	0.0	0.0	2.5022225379943848	0.0	0.6672043800354004	0.0	0.0	0.0	0.3833564519882202	0.0	0.0	0.7865487933158875	0.32767951488494873	0.4700445830821991	0.6912825107574463	0.13512636721134186	0.5287428498268127	0.37147805094718933	0.0	0.5020316243171692	1.3746554851531982	0.29109057784080505	0.0	0.0	0.0	0.4045743942260742	0.0	0.6506654620170593	0.0	0.0	0.0	0.864768385887146	0.21444304287433624	0.6920902729034424	1.1603198051452637	0.7096625566482544	0.25672608613967896	0.6362783312797546	1.2980918884277344	0.0	0.0	0.0	0.36097878217697144	0.0	0.0	1.364038109779358	0.4099288284778595	0.0	0.0	0.4320071339607239	1.318406105041504	0.4533621668815613	0.0	1.2901545763015747	0.3714706301689148	0.2584499716758728	0.0	0.0	0.0	0.5127827525138855
1.2493623495101929	0.43757057189941406	0.0	0.8424238562583923	0.0	0.0	2.528536319732666	0.0	0.6742048263549805	0.0	0.0	0.0	0.3985697627067566	0.0	0.0	0.7581686973571777	0.344149649143219	0.4760671854019165	0.6869747042655945	0.11422492563724518	0.5414624214172363	0.3767746686935425	0.0	0.46567869186401367	1.3651701211929321	0.3286774754524231	0.0	0.0	0.0	0.37765610218048096	0.0	0.6833921074867249	0.0	0.0	0.0	0.8644775748252869	0.22339220345020294	0.6836701035499573	1.1625229120254517	0.7234455943107605	0.28417688608169556	0.6254143118858337	1.3605018854141235	0.0	0.0	0.0	0.3555561602115631	0.0	0.0	1.359614372253418	0.3585164546966553	0.0	0.0	0.42889344692230225	1.3496137857437134	0.47921305894851685	0.0	1.285735845565796	0.3887086808681488	0.26270943880081177	0.0	0.0	0.0	0.5236433744430542
1.2152854204177856	0.4303510785102844	0.0	0.8395593762397766	0.0	0.0	2.4829063415527344	0.0	0.6750532388687134	0.0	0.0	0.0	0.37026992440223694	0.0	0.0	0.7546582221984863	0.319144070148468	0.4692520797252655	0.663612961769104	0.1184627041220665	0.5449138283729553	0.35768675804138184	0.0	0.4869821071624756	1.3938090801239014	0.29969918727874756	0.0	0.0	0.0	0.3772764205932617	0.0	0.6480256915092468	0.0	0.0	0.0	0.843741238117218	0.22361135482788086	0.6753824353218079	1.1599864959716797	0.7255885601043701	0.2570621371269226	0.6324660181999207	1.279140591621399	0.0	0.0	0.0	0.36545318365097046	0.0	0.0	1.3562089204788208	0.38567015528678894	0.0	0.0	0.40102365612983704	1.3316302299499512	0.4440561830997467	0.0	1.2722188234329224	0.3774242103099823	0.266769140958786	0.0	0.0	0.0	0.5038499236106873
1.2572230100631714	0.4441155195236206	0.0	0.9580953121185303	0.0	0.0	2.5265772342681885	0.0	0.7317313551902771	0.0	0.0	0.0	0.4385780692100525	0.0	0.0	0.7986124753952026	0.34638673067092896	0.4752751588821411	0.7135129570960999	0.11368079483509064	0.5637150406837463	0.38271111249923706	0.0	0.5634337663650513	1.4349501132965088	0.2995303273200989	0.0	0.0	0.0	0.3937801718711853	0.0	0.6698737740516663	0.0	0.0	0.0	0.8520939946174622	0.26446256041526794	0.6817642450332642	1.1915396451950073	0.7222474813461304	0.24790845811367035	0.6210312247276306	1.2916905879974365	0.0	0.0	0.0	0.3972201347351074	0.0	0.0	1.3633006811141968	0.377131849527359	0.0	0.0	0.4221577048301697	1.3086800575256348	0.4430656135082245	0.0	1.3298985958099365	0.47088000178337097	0.3064798414707184	0.0	0.0	0.0	0.5384423732757568
1.1893178224563599	0.4708394408226013	0.0	0.8171156048774719	0.0	0.0	2.5844573974609375	0.0	0.6791001558303833	0.0	0.0	0.0	0.37676891684532166	0.0	0.0	0.8115570545196533	0.30896463990211487	0.4729408323764801	0.6660178303718567	0.13650856912136078	0.5181268453598022	0.36951661109924316	0.0	0.4921421408653259	1.4321414232254028	0.29794570803642273	0.0	0.0	0.0	0.3644486665725708	0.0	0.6472980380058289	0.0	0.0	0.0	0.8352885842323303	0.3894948363304138	0.7128076553344727	1.1765661239624023	0.6993141174316406	0.26763656735420227	0.643894612789154	1.2739602327346802	0.0	0.0	0.0	0.3684937655925751	0.0	0.0	1.3584270477294922	0.39339378476142883	0.0	0.0	0.4310835599899292	1.3445757627487183	0.4817824959754944	0.0	1.3021339178085327	0.4278378188610077	0.27406150102615356	0.0	0.0	0.0	0.5120089054107666
1.2139580249786377	0.4499609172344208	0.0	0.8043327331542969	0.0	0.0	2.5391740798950195	0.0	0.6570346355438232	0.0	0.0	0.0	0.3640427887439728	0.0	0.0	0.7392047047615051	0.36193180084228516	0.4741993546485901	0.6893525719642639	0.11780522018671036	0.5250511169433594	0.3856149911880493	0.0	0.46986791491508484	1.3756763935089111	0.29397618770599365	0.0	0.0	0.0	0.39722779393196106	0.0	0.676622211933136	0.0	0.0	0.0	0.8307006359100342	0.2960890233516693	0.6911906599998474	1.1488041877746582	0.7080424427986145	0.272335022687912	0.6480149030685425	1.268815040588379	0.0	0.0	0.0	0.3442835807800293	0.0	0.0	1.3666918277740479	0.3797934949398041	0.0	0.0	0.404255747795105	1.2901597023010254	0.477653443813324	0.0	1.2765827178955078	0.41862425208091736	0.2988170087337494	0.0	0.0	0.0	0.5133668184280396
1.2471997737884521	0.4754239022731781	0.0	0.8529450297355652	0.0	0.0	2.48215651512146	0.0	0.6549214720726013	0.0	0.0	0.0	0.3881409466266632	0.0	0.0	0.7939866781234741	0.3293403387069702	0.5159950852394104	0.6878830194473267	0.12142852693796158	0.5301650762557983	0.3846403658390045	0.0	0.49275970458984375	1.3812040090560913	0.3665076792240143	0.0	0.0	0.0	0.3843415677547455	0.0	0.6752387881278992	0.0	0.0	0.0	0.8508029580116272	0.22649528086185455	0.7133817672729492	1.183583378791809	0.7011163234710693	0.2914904057979584	0.6411249041557312	1.287177562713623	0.0	0.0	0.0	0.356448769569397	0.0	0.0	1.3500690460205078	0.49673226475715637	0.0	0.0	0.43207472562789917	1.3311138153076172	0.4477625787258148	0.0	1.3030292987823486	0.42099615931510925	0.2531987726688385	0.0	0.0	0.0	0.49289220571517944
1.2317719459533691	0.44903919100761414	0.0	0.827214241027832	0.0	0.0	2.451355457305908	0.0	0.650255560874939	0.0	0.0	0.0	0.42321646213531494	0.0	0.0	0.7464026808738708	0.3024158775806427	0.5081068873405457	0.7587630748748779	0.11204129457473755	0.5603004097938538	0.4335252642631531	0.0	0.5405913591384888	1.4068543910980225	0.2920413911342621	0.0	0.0	0.0	0.3798850178718567	0.0	0.6718051433563232	0.0	0.0	0.0	0.9269258975982666	0.3852693736553192	0.7017786502838135	1.2006241083145142	0.6917505860328674	0.2978874146938324	0.6780626773834229	1.2866517305374146	0.0	0.0	0.0	0.36134329438209534	0.0	0.0	1.4179121255874634	0.4352571964263916	0.0	0.0	0.4202345907688141	1.3338996171951294	0.44161003828048706	0.0	1.3076872825622559	0.3627360165119171	0.293711394071579	0.0	0.0	0.0	0.49769511818885803
1.2170523405075073	0.46943581104278564	0.0	0.8099717497825623	0.0	0.0	2.487961769104004	0.0	0.6770004034042358	0.0	0.0	0.0	0.40851861238479614	0.0	0.0	0.7845579981803894	0.330928772687912	0.5142691135406494	0.7033502459526062	0.11352678388357162	0.5822219252586365	0.39723172783851624	0.0	0.4761011302471161	1.3713046312332153	0.3118921220302582	0.0	0.0	0.0	0.38507556915283203	0.0	0.6618699431419373	0.0	0.0	0.0	0.8763999342918396	0.3564523160457611	0.741226851940155	1.2000248432159424	0.7094966173171997	0.2781934440135956	0.6379780769348145	1.3025460243225098	0.0	0.0	0.0	0.36751624941825867	0.0	0.0	1.3231298923492432	0.37545669078826904	0.0	0.0	0.43795350193977356	1.3465622663497925	0.4812805950641632	0.0	1.3165147304534912	0.3891412615776062	0.2771252393722534	0.0	0.0	0.0	0.5575997233390808
1.196390986442566	0.4642754793167114	0.0	0.8148518204689026	0.0	0.0	2.50649094581604	0.0	0.6556558609008789	0.0	0.0	0.0	0.38588497042655945	0.0	0.0	0.7520923614501953	0.3166576325893402	0.4779404401779175	0.6795449256896973	0.12754055857658386	0.5256566405296326	0.3772503733634949	0.0	0.4702689051628113	1.3788655996322632	0.29528290033340454	0.0036236888263374567	0.0	0.0	0.3837425708770752	0.0	0.6609303951263428	0.0	0.0	0.0	0.8532487154006958	0.1942533701658249	0.6895405054092407	1.1668800115585327	0.7169875502586365	0.2508068084716797	0.6270759701728821	1.2865527868270874	0.0	0.0	0.0	0.3699803352355957	0.0	0.0	1.3268637657165527	0.3588905334472656	0.0	0.0	0.4271923899650574	1.3139684200286865	0.4613293409347534	0.0	1.291651964187622	0.3695622384548187	0.2514839470386505	0.0	0.0	0.0	0.5096384882926941
1.24301278591156	0.44504114985466003	0.0	0.9779035449028015	0.0	0.0	2.4742369651794434	0.0	0.6868627071380615	0.0	0.0	0.0	0.3913922905921936	0.0	0.0	0.8304940462112427	0.32621681690216064	0.47916120290756226	0.6853101849555969	0.1476316899061203	0.5527995228767395	0.35618671774864197	0.0	0.5896332859992981	1.3962008953094482	0.3141036629676819	0.0	0.0	0.0	0.36390221118927	0.0	0.6643272638320923	0.0	0.0	0.0	0.8490321040153503	0.2738475203514099	0.7422182559967041	1.1794272661209106	0.7058171629905701	0.25368741154670715	0.6464207172393799	1.3095347881317139	0.0	0.0	0.0	0.38295403122901917	0.0	0.0	1.3590829372406006	0.3661983609199524	0.0	0.0	0.49874114990234375	1.3303347826004028	0.4706460237503052	0.0	1.2977384328842163	0.39873984456062317	0.26017698645591736	0.0	0.0	0.0	0.5039758682250977
1.2388867139816284	0.4420507848262787	0.0	0.8877780437469482	0.0	0.0	2.621502637863159	0.0	0.7014892101287842	0.0	0.0	0.0	0.3937359154224396	0.0	0.0	0.7694317102432251	0.3151884973049164	0.4641496539115906	0.6587620973587036	0.10286334156990051	0.5691425800323486	0.38972699642181396	0.0	0.4861451983451843	1.3569315671920776	0.3843986392021179	0.0	0.0	0.0	0.3805231750011444	0.0	0.6459130644798279	0.0	0.0	0.0	0.8347097039222717	0.20224246382713318	0.7561713457107544	1.165393590927124	0.719140887260437	0.2894496023654938	0.6623472571372986	1.3138773441314697	0.0	0.0	0.0	0.3564700484275818	0.0	0.0	1.4017107486724854	0.3536161184310913	0.0	0.0	0.4290100336074829	1.361477255821228	0.47393998503685	0.0	1.308799386024475	0.3756915330886841	0.2360784262418747	0.0	0.0	0.0	0.4825916290283203
1.282484531402588	0.44954758882522583	0.0	0.9196720123291016	0.0	0.0	2.509570360183716	0.0	0.6927138566970825	0.0	0.0	0.0	0.45224910974502563	0.0	0.0	0.8103580474853516	0.3234635889530182	0.49907222390174866	0.7088945508003235	0.12345405668020248	0.6115890741348267	0.3650429844856262	0.0	0.5360136032104492	1.4012001752853394	0.34449633955955505	0.0	0.0	0.0	0.36419788002967834	0.0	0.6637077927589417	0.0	0.0	0.0	0.8555351495742798	0.2511584460735321	0.7075851559638977	1.172636866569519	0.7455751299858093	0.3016888201236725	0.6355764269828796	1.2946128845214844	0.0	0.0	0.0	0.38696298003196716	0.0	0.0	1.462007761001587	0.3652338683605194	0.0	0.0	0.43197324872016907	1.3426138162612915	0.4497615396976471	0.0	1.3137335777282715	0.4064744710922241	0.2804340720176697	0.0	0.0	0.0	0.5096052289009094
1.2189513444900513	0.4667696952819824	0.0	0.8138681054115295	0.0	0.0	2.4712698459625244	0.0	0.6594976186752319	0.0	0.0	0.0	0.38421210646629333	0.0	0.0	0.7695280313491821	0.34574100375175476	0.4892129898071289	0.7195692658424377	0.1015443205833435	0.5537391901016235	0.3620903491973877	0.0	0.4795307219028473	1.3821513652801514	0.32443374395370483	0.0	0.0	0.0	0.370463103055954	0.0	0.6959421634674072	0.0	0.0	0.0	0.8436204791069031	0.20827476680278778	0.6965258121490479	1.1645079851150513	0.6946318745613098	0.2611377239227295	0.6108036637306213	1.3139710426330566	0.0	0.0	0.0	0.36402419209480286	0.0	0.0	1.3415312767028809	0.38309767842292786	0.0	0.0	0.418243944644928	1.3154853582382202	0.4721718728542328	0.0	1.3094749450683594	0.396310955286026	0.30522823333740234	0.0	0.0	0.0	0.4931681454181671
1.2159314155578613	0.45250651240348816	0.0	0.9708939790725708	0.0	0.0	2.482239246368408	0.0	0.662406325340271	0.0	0.0	0.0	0.3690487742424011	0.0	0.0	0.7567427158355713	0.3137263357639313	0.4647437632083893	0.6758341193199158	0.15744774043560028	0.5396121144294739	0.3650200664997101	0.0	0.5932639837265015	1.377301573753357	0.3014090955257416	0.0	0.0	0.0	0.37257149815559387	0.0	0.6568557620048523	0.0	0.0	0.0	0.8489263653755188	0.28560635447502136	0.7824986577033997	1.1888427734375	0.6997689604759216	0.24549910426139832	0.6640893220901489	1.3206194639205933	0.0	0.0	0.0	0.34870752692222595	0.0	0.0	1.3141307830810547	0.4818017780780792	0.0	0.0	0.49412018060684204	1.3352810144424438	0.4344816505908966	0.0	1.2820844650268555	0.37178534269332886	0.2747274339199066	0.0	0.0	0.0	0.502856969833374
1.2387440204620361	0.4479564428329468	0.0	0.9486063122749329	0.0	0.0	2.5405964851379395	0.0	0.7547506093978882	0.0	0.0	0.0	0.4300096929073334	0.0	0.0	0.8271162509918213	0.33201339840888977	0.45092570781707764	0.6497538685798645	0.10724585503339767	0.5773985385894775	0.3583057224750519	0.0	0.5371389985084534	1.3975049257278442	0.33536410331726074	0.0	0.0	0.0	0.3693493604660034	0.0	0.6468263268470764	0.0	0.0	0.0	0.8348478078842163	0.3859325647354126	0.6783066987991333	1.1841877698898315	0.6938984990119934	0.2516780495643616	0.6174795627593994	1.3145759105682373	0.0	0.0	0.0	0.35231438279151917	0.0	0.0	1.454719066619873	0.35299092531204224	0.0	0.0	0.447462797164917	1.3575350046157837	0.4953276813030243	0.0	1.335083246231079	0.4512723684310913	0.2867160141468048	0.0	0.0	0.0	0.49034935235977173
1.2202255725860596	0.5047490000724792	0.0	0.8587433099746704	0.0	0.0	2.5191903114318848	0.0	0.6666318774223328	0.0	0.0	0.0	0.370187908411026	0.0	0.0	0.7635588645935059	0.31804338097572327	0.5217729806900024	0.6815692782402039	0.13156025111675262	0.5261774659156799	0.3512117266654968	0.0	0.5004675984382629	1.406721591949463	0.3793207108974457	0.0	0.0	0.0	0.3934584856033325	0.0	0.6575818657875061	0.0	0.0	0.0	0.8491549491882324	0.22909031808376312	0.6849622130393982	1.178724765777588	0.7023454308509827	0.33434322476387024	0.6303707957267761	1.3300889730453491	0.0	0.0	0.0	0.36438316106796265	0.0	0.0	1.3452390432357788	0.3869418799877167	0.0	0.0	0.4457782506942749	1.3354347944259644	0.5003265738487244	0.0	1.2773762941360474	0.4276489019393921	0.30099913477897644	0.0	0.0	0.0	0.4959481954574585
1.2190111875534058	0.4536326229572296	0.0	0.8163740634918213	0.0	0.0	2.505218029022217	0.0	0.6598240733146667	0.0	0.0	0.0	0.371511310338974	0.0	0.0	0.7912341952323914	0.3207390308380127	0.45785021781921387	0.6763576865196228	0.11555164307355881	0.5242329835891724	0.34278014302253723	0.0	0.4655337631702423	1.3886610269546509	0.30751127004623413	0.0	0.0	0.0	0.3650757074356079	0.0	0.6525874733924866	0.0	0.0	0.0	0.836338460445404	0.26105499267578125	0.6726393699645996	1.1844210624694824	0.7167900800704956	0.2921209931373596	0.6344205737113953	1.299127221107483	0.0	0.0	0.0	0.34200096130371094	0.0	0.0	1.3358590602874756	0.3768504559993744	0.0	0.0	0.40156084299087524	1.3305070400238037	0.43654370307922363	0.0	1.2828683853149414	0.37181681394577026	0.2684730887413025	0.0	0.0	0.0	0.49428319931030273
1.2508509159088135	0.4528350234031677	0.0	0.9621833562850952	0.0	0.0	2.544813394546509	0.0	0.6839408874511719	0.0	0.0	0.0	0.3908253610134125	0.0	0.0	0.7898856997489929	0.33448758721351624	0.480107843875885	0.708972692489624	0.12453403323888779	0.5458176136016846	0.36071133613586426	0.0	0.5861411690711975	1.409460186958313	0.3018423616886139	0.0	0.0	0.0	0.40672194957733154	0.0	0.6531971096992493	0.0	0.0	0.0	0.8957360982894897	0.27997949719429016	0.7707433700561523	1.1919492483139038	0.6954503059387207	0.2645081579685211	0.6601822972297668	1.3100733757019043	0.0	0.0	0.0	0.34926775097846985	0.0	0.0	1.3537230491638184	0.4212147295475006	0.0	0.0	0.49684616923332214	1.3484036922454834	0.46720704436302185	0.0	1.319082498550415	0.3997946083545685	0.29564717411994934	0.0	0.0	0.0	0.5441209077835083
1.2067698240280151	0.4369901418685913	0.0	0.8249749541282654	0.0	0.0	2.4597373008728027	0.0	0.6611304879188538	0.0	0.0	0.0	0.3752472698688507	0.0	0.0	0.7596410512924194	0.3327738642692566	0.4620213508605957	0.658694326877594	0.12647897005081177	0.5273299217224121	0.35407787561416626	0.0	0.48896360397338867	1.3601622581481934	0.3002435266971588	0.0	0.0	0.0	0.36353573203086853	0.0	0.6450327634811401	0.0	0.0	0.0	0.8244583606719971	0.20020431280136108	0.6892431974411011	1.1664888858795166	0.7113001346588135	0.2517758905887604	0.6286982893943787	1.2964993715286255	0.0	0.0	0.0	0.34280726313591003	0.0	0.0	1.3237025737762451	0.35983335971832275	0.0	0.0	0.4556882381439209	1.309262990951538	0.441030889749527	0.0	1.2806646823883057	0.37606194615364075	0.29752498865127563	0.0	0.0	0.0	0.49695852398872375
1.198456883430481	0.4486868381500244	0.0	0.8181334733963013	0.0	0.0	2.4982845783233643	0.0	0.6515637040138245	0.0	0.0	0.0	0.38531017303466797	0.0	0.0	0.7799496054649353	0.3740348517894745	0.47609370946884155	0.6639760136604309	0.12187805771827698	0.5268978476524353	0.3558371067047119	0.0	0.4971301853656769	1.3676071166992188	0.29799020290374756	0.0	0.0	0.0	0.36531826853752136	0.0	0.6601801514625549	0.0	0.0	0.0	0.8320326209068298	0.3969237804412842	0.709141731262207	1.1502128839492798	0.7322140336036682	0.26694509387016296	0.6391178369522095	1.2852495908737183	0.0	0.0	0.0	0.35701459646224976	0.0	0.0	1.384903073310852	0.38086965680122375	0.0	0.0	0.4147471785545349	1.3124412298202515	0.46296262741088867	0.0	1.290738582611084	0.39607125520706177	0.26594382524490356	0.0	0.0	0.0	0.49447181820869446
1.1908762454986572	0.43450984358787537	0.0	0.8354524374008179	0.0	0.0	2.505141019821167	0.0	0.661297082901001	0.0	0.0	0.0	0.37222960591316223	0.0	0.0	0.7738831043243408	0.3147023618221283	0.4656727612018585	0.6779378652572632	0.11504676938056946	0.5316141843795776	0.35921502113342285	0.0	0.48123833537101746	1.3907843828201294	0.29339390993118286	0.0	0.0	0.0	0.40327557921409607	0.0	0.6598305702209473	0.0	0.0	0.0	0.8499045968055725	0.22017665207386017	0.7068732380867004	1.185011863708496	0.704092800617218	0.25486257672309875	0.6416528224945068	1.2982796430587769	0.0	0.0	0.0	0.3825441598892212	0.0	0.0	1.3441463708877563	0.36294636130332947	0.0	0.0	0.41733285784721375	1.3191733360290527	0.4415897727012634	0.0	1.2696952819824219	0.39500242471694946	0.25270533561706543	0.0	0.0	0.0	0.49992769956588745
1.223958134651184	0.4394359588623047	0.0	0.8424587249755859	0.0	0.0	2.4811275005340576	0.0	0.6808338761329651	0.0	0.0	0.0	0.4383341670036316	0.0	0.0	0.796465277671814	0.3794170320034027	0.5079168677330017	0.7083543539047241	0.1220586746931076	0.5500292181968689	0.39485275745391846	0.0	0.561954915523529	1.3736240863800049	0.3113577961921692	0.0	0.0	0.0	0.3865995705127716	0.0	0.7382713556289673	0.0	0.0	0.0	0.9227335453033447	0.27814483642578125	0.7330313920974731	1.1592087745666504	0.7153507471084595	0.2566589415073395	0.6698501706123352	1.2958835363388062	0.0	0.0	0.0	0.36722472310066223	0.0	0.0	1.4054830074310303	0.38880085945129395	0.0	0.0	0.4361948072910309	1.3106776475906372	0.45915383100509644	0.0	1.3030763864517212	0.3896704316139221	0.33216163516044617	0.0	0.0	0.0	0.5116788744926453
1.2119859457015991	0.4725501835346222	0.0	0.8367645144462585	0.0	0.0	2.4930224418640137	0.0	0.6895747780799866	0.0	0.0	0.0	0.3812497854232788	0.0	0.0	0.7854074835777283	0.3082820475101471	0.4839478135108948	0.6844303011894226	0.11634199321269989	0.5543827414512634	0.35640212893486023	0.0	0.5137684941291809	1.4056968688964844	0.31797733902931213	0.0	0.0	0.0	0.4125397205352783	0.0	0.6814332604408264	0.0	0.0	0.0	0.8693869709968567	0.38491350412368774	0.701353907585144	1.1855394840240479	0.7281038761138916	0.2766667306423187	0.6124194264411926	1.3642878532409668	0.0	0.0	0.0	0.3587747812271118	0.0	0.0	1.3890570402145386	0.5008324384689331	0.0	0.0	0.4481494724750519	1.3362289667129517	0.48575955629348755	0.0	1.3123070001602173	0.40848246216773987	0.2714945077896118	0.0	0.0	0.0	0.5407415628433228
1.2132105827331543	0.4580329656600952	0.0	0.814268171787262	0.0	0.0	2.5266623497009277	0.0	0.6636505722999573	0.0	0.0	0.0	0.39017966389656067	0.0	0.0	0.7680544853210449	0.317432701587677	0.48732244968414307	0.6847754716873169	0.0981849804520607	0.5386871695518494	0.37452182173728943	0.0	0.5066381096839905	1.3590211868286133	0.29968199133872986	0.0	0.0	0.0	0.39198723435401917	0.0	0.6731452345848083	0.0	0.0	0.0	0.8868510723114014	0.40130120515823364	0.7067004442214966	1.1658399105072021	0.6977596282958984	0.26950109004974365	0.657808244228363	1.3321006298065186	0.0	0.0	0.0	0.3700422942638397	0.0	0.0	1.3673360347747803	0.4068785607814789	0.0	0.0	0.41424673795700073	1.3309059143066406	0.4800928831100464	0.0	1.276021957397461	0.38967859745025635	0.28702399134635925	0.0	0.0	0.0	0.5474513173103333
1.2184178829193115	0.4920459985733032	0.0	0.9636474251747131	0.0	0.0	2.556239128112793	0.0	0.7323178648948669	0.0	0.0	0.0	0.3870444893836975	0.0	0.0	0.7658387422561646	0.30698326230049133	0.46338599920272827	0.6854819059371948	0.14466272294521332	0.5390254259109497	0.39943191409111023	0.0	0.5270607471466064	1.3945320844650269	0.29824402928352356	0.0	0.0	0.0	0.37923920154571533	0.0	0.6619214415550232	0.0	0.0	0.0	0.8890533447265625	0.24294975399971008	0.7221692204475403	1.1932194232940674	0.7152906656265259	0.2697790861129761	0.653991162776947	1.3123985528945923	0.0	0.0	0.0	0.36781635880470276	0.0	0.0	1.3584213256835938	0.426065057516098	0.0	0.0	0.5171099305152893	1.312517762184143	0.4567165970802307	0.0	1.334348440170288	0.3937176764011383	0.2719722390174866	0.0	0.0	0.0	0.48687419295310974
1.2107313871383667	0.456290602684021	0.0	0.8563374876976013	0.0	0.0	2.518880844116211	0.0	0.6835695505142212	0.0	0.0	0.0	0.37929147481918335	0.0	0.0	0.7623773813247681	0.33400288224220276	0.5015053153038025	0.7105665802955627	0.13821396231651306	0.5589597821235657	0.3791347146034241	0.0	0.5004515051841736	1.3834811449050903	0.30626994371414185	0.0	0.0	0.0	0.37610647082328796	0.0	0.7106845378875732	0.0	0.0	0.0	0.8330414295196533	0.23943962156772614	0.7072948217391968	1.1742321252822876	0.7257858514785767	0.24380266666412354	0.6332874894142151	1.2827683687210083	0.0	0.0	0.0	0.37118953466415405	0.0	0.0	1.3740109205245972	0.3722057640552521	0.0	0.0	0.42410629987716675	1.3164907693862915	0.468619704246521	0.0	1.2758769989013672	0.40041425824165344	0.32260507345199585	0.0	0.0	0.0	0.5401066541671753
1.227245807647705	0.46142908930778503	0.0	0.8248913884162903	0.0	0.0	2.4865059852600098	0.0	0.6740235686302185	0.0	0.0	0.0	0.3775584101676941	0.0	0.0	0.7886654734611511	0.3400076925754547	0.4949965476989746	0.7144520878791809	0.11863241344690323	0.5439496040344238	0.3938010334968567	0.0	0.48226210474967957	1.3446019887924194	0.2911136746406555	0.0	0.0	0.0	0.3824707865715027	0.0	0.6994129419326782	0.0	0.0	0.0	0.8374468684196472	0.2299317866563797	0.7073292136192322	1.154107689857483	0.7190930247306824	0.2604345679283142	0.6691825985908508	1.3211828470230103	0.0	0.0	0.0	0.3792065978050232	0.0	0.0	1.3300790786743164	0.4782865345478058	0.0	0.0	0.425788551568985	1.3147004842758179	0.465070515871048	0.0	1.2724932432174683	0.3953790068626404	0.3151073157787323	0.0	0.0	0.0	0.4893982708454132
1.2106897830963135	0.488353967666626	0.0	0.9546577334403992	0.0	0.0	2.6084444522857666	0.0	0.6614145636558533	0.0	0.0	0.0	0.40099257230758667	0.0	0.0	0.7530348300933838	0.3200584948062897	0.48620742559432983	0.6668054461479187	0.13933944702148438	0.5392435789108276	0.3599739968776703	0.0	0.6053361892700195	1.3587778806686401	0.3540633022785187	0.0	0.0	0.0	0.36892345547676086	0.0	0.6745779514312744	0.0	0.0	0.0	0.8863223791122437	0.3072841465473175	0.8026316165924072	1.1758540868759155	0.6886792182922363	0.267730176448822	0.634654700756073	1.271572232246399	0.0	0.0	0.0	0.38174501061439514	0.0	0.0	1.3605258464813232	0.36838680505752563	0.0	0.0	0.5264222621917725	1.3546689748764038	0.43875765800476074	0.0	1.269065260887146	0.4118196368217468	0.2905600070953369	0.0	0.0	0.0	0.556117832660675
1.2320753335952759	0.457293838262558	0.0	0.841174304485321	0.0	0.0	2.465447187423706	0.0	0.6566576957702637	0.0	0.0	0.0	0.3825232982635498	0.0	0.0	0.7487857937812805	0.31399789452552795	0.4697960317134857	0.6936576962471008	0.11547605693340302	0.5359047055244446	0.3601765036582947	0.0	0.47722917795181274	1.3752492666244507	0.3130057156085968	0.0	0.0	0.0	0.36762067675590515	0.0	0.6720924973487854	0.0	0.0	0.0	0.8594577312469482	0.22084660828113556	0.6898940801620483	1.1637110710144043	0.7115260362625122	0.25770825147628784	0.6220848560333252	1.3063995838165283	0.0	0.0	0.0	0.3598569631576538	0.0	0.0	1.347843050956726	0.3651930093765259	0.0	0.0	0.41677969694137573	1.3422192335128784	0.4453718364238739	0.0	1.3182123899459839	0.37595850229263306	0.2737705409526825	0.0	0.0	0.0	0.5280823111534119
1.2415519952774048	0.45956194400787354	0.0	0.8533411026000977	0.0	0.0	2.5692033767700195	0.0	0.6887614130973816	0.0	0.0	0.0	0.37602314352989197	0.0	0.0	0.7920621633529663	0.3264683485031128	0.5146999955177307	0.6914111375808716	0.12280946969985962	0.5322017073631287	0.38607800006866455	0.0	0.5065084099769592	1.3915785551071167	0.34624403715133667	0.0	0.0	0.0	0.4218616783618927	0.0	0.6897372603416443	0.0	0.0	0.0	0.8620359897613525	0.20894010365009308	0.718016505241394	1.1905399560928345	0.704727053642273	0.3098253011703491	0.6286507248878479	1.3218716382980347	0.0	0.0	0.0	0.3432715833187103	0.0	0.0	1.3849506378173828	0.4096362292766571	0.0	0.0	0.5065992474555969	1.3604072332382202	0.4814627766609192	0.0	1.3180155754089355	0.40748798847198486	0.25892406702041626	0.0	0.0	0.0	0.5116944909095764
1.2201709747314453	0.4378558099269867	0.0	0.8451364040374756	0.0	0.0	2.458566904067993	0.0	0.671765148639679	0.0	0.0	0.0	0.3786218464374542	0.0	0.0	0.7916659712791443	0.3691338300704956	0.4499139189720154	0.6807990074157715	0.1212015151977539	0.5654426217079163	0.3472468852996826	0.0	0.49936094880104065	1.386356234550476	0.29860150814056396	0.0	0.0	0.0	0.3643820881843567	0.0	0.6847822070121765	0.0	0.0	0.0	0.8478755354881287	0.21824179589748383	0.7077603340148926	1.1682945489883423	0.727705717086792	0.25831732153892517	0.6307098865509033	1.2962690591812134	0.0	0.0	0.0	0.34515026211738586	0.0	0.0	1.381602168083191	0.37021103501319885	0.0	0.0	0.41458040475845337	1.3529547452926636	0.4371497929096222	0.0	1.304267168045044	0.40059274435043335	0.2484736293554306	0.0	0.0	0.0	0.5341195464134216
1.193953514099121	0.501611590385437	0.0	0.8039364218711853	0.0	0.0	2.54333758354187	0.0	0.6687723398208618	0.0	0.0	0.0	0.3821868896484375	0.0	0.0	0.7892871499061584	0.34757018089294434	0.47993728518486023	0.6787340044975281	0.12041788548231125	0.5312935709953308	0.36242932081222534	0.0	0.505817711353302	1.364844560623169	0.3041468560695648	0.0	0.0	0.0	0.3878974914550781	0.0	0.696716845035553	0.0	0.0	0.0	0.8855174779891968	0.2208389937877655	0.6929625868797302	1.1811699867248535	0.7186921238899231	0.27824047207832336	0.6169564723968506	1.363832950592041	0.0	0.0	0.0	0.3679199516773224	0.0	0.0	1.3701037168502808	0.46715453267097473	0.0	0.0	0.4723280072212219	1.3404605388641357	0.46748119592666626	0.0	1.3104404211044312	0.4249889850616455	0.26114511489868164	0.0	0.0	0.0	0.507781445980072
1.2264796495437622	0.4598983824253082	0.0	0.914048433303833	0.0	0.0	2.5273375511169434	0.0	0.6624858975410461	0.0	0.0	0.0	0.3794298768043518	0.0	0.0	0.7918245196342468	0.3401751220226288	0.5065858960151672	0.7338424921035767	0.14185672998428345	0.5444265604019165	0.38404977321624756	0.0	0.6244803667068481	1.3600881099700928	0.3104824423789978	0.0	0.0	0.0	0.37345531582832336	0.0	0.6985455751419067	0.0	0.0	0.0	0.8326200842857361	0.23361320793628693	0.7202625274658203	1.1856402158737183	0.6965094804763794	0.3154902458190918	0.6209118962287903	1.2969690561294556	0.0	0.0	0.0	0.3426474630832672	0.0	0.0	1.3595547676086426	0.36087289452552795	0.0	0.0	0.46710944175720215	1.3136377334594727	0.4942070245742798	0.0	1.2965548038482666	0.38822317123413086	0.32631680369377136	0.0	0.0	0.0	0.4895164966583252
1.2557084560394287	0.46334967017173767	0.0	0.8757785558700562	0.0	0.0	2.4680685997009277	0.0	0.6905736327171326	0.0	0.0	0.0	0.38821935653686523	0.0	0.0	0.7944099307060242	0.3323288857936859	0.48170992732048035	0.6941284537315369	0.13870012760162354	0.5805224180221558	0.3876500725746155	0.0	0.491951584815979	1.4189226627349854	0.30638277530670166	0.0	0.0	0.0	0.37974244356155396	0.0	0.6510451436042786	0.0	0.0	0.0	0.8546809554100037	0.22864192724227905	0.685809314250946	1.1852786540985107	0.7130891680717468	0.2809315323829651	0.6403416991233826	1.3104687929153442	0.0	0.0	0.0	0.3703729808330536	0.0	0.0	1.364044427871704	0.3842307925224304	0.0	0.0	0.41346222162246704	1.3425120115280151	0.4520319998264313	0.0	1.2987332344055176	0.39908701181411743	0.3170965015888214	0.0	0.0	0.0	0.5327010750770569
1.236115574836731	0.4954710304737091	0.0	0.8404948711395264	0.0	0.0	2.493551015853882	0.0	0.7153592705726624	0.0	0.0	0.0	0.392580509185791	0.0	0.0	0.7748838663101196	0.37864431738853455	0.5164194703102112	0.718370258808136	0.13506729900836945	0.5433485507965088	0.4338551461696625	0.0	0.4927223026752472	1.409303903579712	0.3587363064289093	0.0	0.0	0.0	0.39110851287841797	0.0	0.7135148048400879	0.0	0.0	0.0	0.8659205436706543	0.23834984004497528	0.7185350060462952	1.1870543956756592	0.7224448323249817	0.3088679015636444	0.6601642370223999	1.2990562915802002	0.0	0.0	0.0	0.3859032094478607	0.0	0.0	1.4034695625305176	0.4076637327671051	0.0	0.0	0.42003297805786133	1.3364485502243042	0.4791433811187744	0.0	1.3268046379089355	0.41583916544914246	0.31100672483444214	0.0	0.0	0.0	0.5146970748901367
1.211391568183899	0.4278548061847687	0.0	0.8267678022384644	0.0	0.0	2.45591139793396	0.0	0.655798077583313	0.0	0.0	0.0	0.3739873468875885	0.0	0.0	0.7686887979507446	0.34129834175109863	0.4973919987678528	0.6716798543930054	0.1166650578379631	0.5468353629112244	0.3699815273284912	0.0	0.4960860311985016	1.376296043395996	0.2946752607822418	0.0	0.0	0.0	0.4087119400501251	0.0	0.6602226495742798	0.0	0.0	0.0	0.8691070079803467	0.21231169998645782	0.7610175609588623	1.16725754737854	0.7112075090408325	0.25110289454460144	0.6370359063148499	1.2765852212905884	0.0	0.0	0.0	0.3566642701625824	0.0	0.0	1.329357385635376	0.46921008825302124	0.0	0.0	0.4147493839263916	1.298365592956543	0.45331352949142456	0.0	1.2676399946212769	0.37851467728614807	0.2735080122947693	0.0	0.0	0.0	0.5117920637130737
1.2014172077178955	0.474823534488678	0.0	0.8218243718147278	0.0	0.0	2.466975450515747	0.0	0.6859105229377747	0.0	0.0	0.0	0.3763999044895172	0.0	0.0	0.7907713055610657	0.332028865814209	0.46449047327041626	0.662213921546936	0.1218394860625267	0.5459035038948059	0.352262943983078	0.0	0.49657055735588074	1.3887571096420288	0.31648483872413635	0.0	0.0	0.0	0.36994490027427673	0.0	0.6682629585266113	0.0	0.0	0.0	0.8407512307167053	0.2223988026380539	0.7052269577980042	1.1724659204483032	0.7081612348556519	0.2745145857334137	0.6138219237327576	1.3304461240768433	0.0	0.0	0.0	0.348621666431427	0.0	0.0	1.3387517929077148	0.39109084010124207	0.0	0.0	0.41718634963035583	1.3313761949539185	0.4814317226409912	0.0	1.3096754550933838	0.40375494956970215	0.24839738011360168	0.0	0.0	0.0	0.49275174736976624
1.260298728942871	0.44019684195518494	0.0	0.8637204766273499	0.0	0.0	2.5655360221862793	0.0	0.6611570715904236	0.0	0.0	0.0	0.3776646554470062	0.0	0.0	0.7819994688034058	0.31256210803985596	0.509843647480011	0.6780821084976196	0.11097913235425949	0.541458785533905	0.3629140555858612	0.0	0.48042401671409607	1.4107187986373901	0.30217090249061584	0.0	0.0	0.0	0.3863743543624878	0.0	0.6550600528717041	0.0	0.0	0.0	0.9219264984130859	0.24360507726669312	0.7147541046142578	1.1800488233566284	0.7108539938926697	0.25471484661102295	0.6514768004417419	1.302722692489624	0.0	0.0	0.0	0.3486577868461609	0.0	0.0	1.366744041442871	0.3818165361881256	0.0	0.0	0.42501553893089294	1.3608542680740356	0.4634058177471161	0.0	1.2980507612228394	0.3828127086162567	0.2708990275859833	0.0	0.0	0.0	0.49362748861312866
1.212875485420227	0.4399050176143646	0.0	0.8115988373756409	0.0	0.0	2.4757275581359863	0.0	0.6599323153495789	0.0	0.0	0.0	0.3958664834499359	0.0	0.0	0.7793545722961426	0.31486424803733826	0.4684220552444458	0.6600148677825928	0.10838817059993744	0.5330277681350708	0.37748202681541443	0.0	0.4945424795150757	1.4100276231765747	0.28497689962387085	0.0	0.0	0.0	0.3658684194087982	0.0	0.6636289954185486	0.0	0.0	0.0	0.8700246810913086	0.21422919631004333	0.7056559324264526	1.1691430807113647	0.7323523163795471	0.2580314576625824	0.6285361051559448	1.2785674333572388	0.0	0.0	0.0	0.3551773130893707	0.0	0.0	1.3737456798553467	0.4149424731731415	0.0	0.0	0.4240627586841583	1.3432763814926147	0.44385218620300293	0.0	1.2819448709487915	0.368470698595047	0.2637909948825836	0.0	0.0	0.0	0.5044054388999939
1.2194370031356812	0.47140878438949585	0.0	0.8323904871940613	0.0	0.0	2.5274581909179688	0.0	0.7025235891342163	0.0	0.0	0.0	0.3817305564880371	0.0	0.0	0.7899113297462463	0.31708022952079773	0.4745194613933563	0.7166422605514526	0.12667682766914368	0.5238208174705505	0.3628021776676178	0.0	0.48915186524391174	1.3908425569534302	0.3125803470611572	0.0	0.0	0.0	0.38237473368644714	0.0	0.6620674133300781	0.0	0.0	0.0	0.8829556703567505	0.2018812745809555	0.7305879592895508	1.1813981533050537	0.7080001831054688	0.27220621705055237	0.6211578249931335	1.301266074180603	0.0	0.0	0.0	0.35834118723869324	0.0	0.0	1.3569239377975464	0.37354856729507446	0.0	0.0	0.4518490433692932	1.3570538759231567	0.4941188395023346	0.0	1.3098574876785278	0.3881843686103821	0.26532450318336487	0.0	0.0	0.0	0.5020352602005005
1.2204848527908325	0.4542371928691864	0.0	0.8234847784042358	0.0	0.0	2.5162241458892822	0.0	0.6520779728889465	0.0	0.0	0.0	0.3620136082172394	0.0	0.0	0.7614544630050659	0.3242407739162445	0.4663972556591034	0.6817469000816345	0.11823146045207977	0.5291871428489685	0.37097272276878357	0.0	0.48005083203315735	1.413697361946106	0.29769739508628845	0.0	0.0	0.0	0.3809817433357239	0.0	0.6631800532341003	0.0	0.0	0.0	0.847049355506897	0.27486151456832886	0.7106953859329224	1.1925371885299683	0.700905978679657	0.264152854681015	0.6357335448265076	1.3020931482315063	0.0	0.0	0.0	0.39539575576782227	0.0	0.0	1.3367451429367065	0.3700336813926697	0.0	0.0	0.4116984009742737	1.3526405096054077	0.4510067105293274	0.0	1.3172167539596558	0.37564581632614136	0.2761046886444092	0.0	0.0	0.0	0.5026381611824036
1.2105863094329834	0.45471492409706116	0.0	0.8408450484275818	0.0	0.0	2.5064797401428223	0.0	0.6766656637191772	0.0	0.0	0.0	0.3639202117919922	0.0	0.0	0.7848254442214966	0.3201596140861511	0.4710860550403595	0.6962694525718689	0.1226445809006691	0.5756208896636963	0.39499038457870483	0.0	0.48059213161468506	1.3739169836044312	0.31408146023750305	0.0	0.0	0.0	0.40131574869155884	0.0	0.6504217386245728	0.0	0.0	0.0	0.8430358171463013	0.2598811388015747	0.7108765244483948	1.178546667098999	0.7099888324737549	0.25125986337661743	0.6135741472244263	1.3148621320724487	0.0	0.0	0.0	0.38334232568740845	0.0	0.0	1.3412388563156128	0.39974096417427063	0.0	0.0	0.4647161364555359	1.339555025100708	0.4385376572608948	0.0	1.2917858362197876	0.3850753605365753	0.2633976936340332	0.0	0.0	0.0	0.5260910987854004
1.238160490989685	0.466216117143631	0.0	0.8652493953704834	0.0	0.0	2.469106674194336	0.0	0.6618966460227966	0.0	0.0	0.0	0.3687492609024048	0.0	0.0	0.8007445931434631	0.3303989768028259	0.4825190603733063	0.7129217982292175	0.11519733816385269	0.5657101273536682	0.35827621817588806	0.0	0.47967424988746643	1.3978544473648071	0.31408002972602844	0.0	0.0	0.0	0.3976951241493225	0.0	0.6860173344612122	0.0	0.0	0.0	0.8442770838737488	0.20874275267124176	0.7020226120948792	1.1957008838653564	0.7040550112724304	0.257531076669693	0.6633138060569763	1.3626309633255005	0.0	0.0	0.0	0.35015496611595154	0.0	0.0	1.3540388345718384	0.38524940609931946	0.0	0.0	0.4333477318286896	1.3397125005722046	0.4764707386493683	0.0	1.2756859064102173	0.39862990379333496	0.31327512860298157	0.0	0.0	0.0	0.5063611268997192
1.2496180534362793	0.5064632892608643	0.0	0.8623750805854797	0.0	0.0	2.5102221965789795	0.0	0.6873998641967773	0.0	0.0	0.0	0.40747061371803284	0.0	0.0	0.799275815486908	0.32110902667045593	0.4557451903820038	0.6746762990951538	0.1335844099521637	0.5636445879936218	0.3753395676612854	0.0	0.5282990336418152	1.4070909023284912	0.32935014367103577	0.0	0.0	0.0	0.3833984136581421	0.0	0.6741539239883423	0.0	0.0	0.0	0.8614698052406311	0.23219387233257294	0.7270470261573792	1.1870173215866089	0.7184525728225708	0.2767776548862457	0.6526799201965332	1.2872852087020874	0.0	0.0	0.0	0.3900468647480011	0.0	0.0	1.3419970273971558	0.40794461965560913	0.0	0.0	0.4360528588294983	1.3691858053207397	0.44926947355270386	0.0	1.3227558135986328	0.3984275162220001	0.2830212712287903	0.0	0.0	0.0	0.5568720102310181
1.2357739210128784	0.4345944821834564	0.0	0.8376699686050415	0.0	0.0	2.501262903213501	0.0	0.6787715554237366	0.0	0.0	0.0	0.37333568930625916	0.0	0.0	0.771978497505188	0.32295605540275574	0.5417750477790833	0.6998817324638367	0.11783461272716522	0.5470051169395447	0.3856014609336853	0.0	0.4718930721282959	1.3826500177383423	0.34066808223724365	0.0	0.0	0.0	0.3977268636226654	0.0	0.6867260932922363	0.0	0.0	0.0	0.8497755527496338	0.21050560474395752	0.7316514253616333	1.1830650568008423	0.6891747713088989	0.311624139547348	0.6410601735115051	1.2779242992401123	0.0	0.0	0.0	0.35658901929855347	0.0	0.0	1.3550914525985718	0.3599150776863098	0.0	0.0	0.4189974367618561	1.3278782367706299	0.44084203243255615	0.0	1.2637081146240234	0.3791576623916626	0.2798067629337311	0.0	0.0	0.0	0.49551382660865784
1.2409621477127075	0.46747735142707825	0.0	0.8748441934585571	0.0	0.0	2.492398262023926	0.0	0.6762269139289856	0.0	0.0	0.0	0.37861010432243347	0.0	0.0	0.7682621479034424	0.31979143619537354	0.5051624178886414	0.7391846776008606	0.11498336493968964	0.5554262399673462	0.39255592226982117	0.0	0.48260343074798584	1.4157278537750244	0.3573400378227234	0.0	0.0	0.0	0.39655953645706177	0.0	0.6843319535255432	0.0	0.0	0.0	0.8688345551490784	0.2209552526473999	0.6991127729415894	1.1846529245376587	0.731665849685669	0.31422749161720276	0.6271954774856567	1.312689185142517	0.0	0.0	0.0	0.3629450798034668	0.0	0.0	1.377400517463684	0.384352445602417	0.0	0.0	0.4467519521713257	1.3471546173095703	0.4585185647010803	0.0	1.3096307516098022	0.41003236174583435	0.2661750316619873	0.0	0.0	0.0	0.4961782693862915
1.2414993047714233	0.45508265495300293	0.0	0.8138118386268616	0.0	0.0	2.5276002883911133	0.0	0.6580200791358948	0.0	0.0	0.0	0.3804083466529846	0.0	0.0	0.7522215247154236	0.32401618361473083	0.47508659958839417	0.6638163328170776	0.10764189064502716	0.5384330749511719	0.3582339882850647	0.0	0.49546635150909424	1.3679356575012207	0.2842041254043579	0.0	0.0	0.0	0.3679787218570709	0.0	0.6552045941352844	0.0	0.0	0.0	0.8795691728591919	0.23267197608947754	0.6910557746887207	1.1742292642593384	0.696806013584137	0.2617896795272827	0.6355249285697937	1.3199936151504517	0.0	0.0	0.0	0.3623164892196655	0.0	0.0	1.3478597402572632	0.39690181612968445	0.0	0.0	0.41120854020118713	1.33544921875	0.4564914107322693	0.0	1.2906162738800049	0.38765236735343933	0.2547995150089264	0.0	0.0	0.0	0.5146887302398682
1.2311556339263916	0.42284664511680603	0.0	0.808273196220398	0.0	0.0	2.4959278106689453	0.0	0.6631467342376709	0.0	0.0	0.0	0.3808531165122986	0.0	0.0	0.7566499710083008	0.3064928948879242	0.46549180150032043	0.6909950375556946	0.10632579773664474	0.5338240265846252	0.36076590418815613	0.0	0.5019189715385437	1.3793449401855469	0.2976020276546478	0.0	0.0	0.0	0.3875150978565216	0.0	0.6614835858345032	0.0	0.0	0.0	0.8781815767288208	0.20243149995803833	0.7010171413421631	1.1601225137710571	0.7141767740249634	0.29199108481407166	0.6487842798233032	1.2828757762908936	0.0	0.0	0.0	0.33722081780433655	0.0	0.0	1.3389098644256592	0.4073668122291565	0.0	0.0	0.42143377661705017	1.2958920001983643	0.43676167726516724	0.0	1.2645114660263062	0.3733004629611969	0.255421906709671	0.0	0.0	0.0	0.4980987012386322
1.2199018001556396	0.4771272838115692	0.0	0.9024147391319275	0.0	0.0	2.478363037109375	0.0	0.6891769766807556	0.0	0.0	0.0	0.44132477045059204	0.0	0.0	0.8363107442855835	0.32612916827201843	0.45416098833084106	0.6684831380844116	0.11788323521614075	0.604947030544281	0.3520257771015167	0.0	0.5304126143455505	1.3631577491760254	0.3279931843280792	0.0	0.0	0.0	0.4037424921989441	0.0	0.6870697140693665	0.0	0.0	0.0	0.8582735061645508	0.24015475809574127	0.6979042291641235	1.1951384544372559	0.7268935441970825	0.2615566551685333	0.6321450471878052	1.3559720516204834	0.0	0.0	0.0	0.4118022918701172	0.0	0.0	1.437548279762268	0.45815348625183105	0.0	0.0	0.4008873403072357	1.3280342817306519	0.48961758613586426	0.0	1.2839977741241455	0.4598294496536255	0.2855108082294464	0.0	0.0	0.0	0.5008576512336731
1.2716453075408936	0.4638255536556244	0.0	0.8424528241157532	0.0	0.0	2.5217485427856445	0.0	0.7029339671134949	0.0	0.0	0.0	0.3576517105102539	0.0	0.0	0.7844853401184082	0.30865493416786194	0.5054208636283875	0.7116838097572327	0.12256041169166565	0.515469491481781	0.38981083035469055	0.0	0.47541940212249756	1.3990000486373901	0.31490597128868103	0.0	0.0	0.0	0.3779338300228119	0.0	0.7143849730491638	0.0	0.0	0.0	0.8723177313804626	0.269323468208313	0.7136667966842651	1.1967535018920898	0.7014290690422058	0.28906184434890747	0.6368308663368225	1.307802677154541	0.0	0.0	0.0	0.39730533957481384	0.0	0.0	1.361045002937317	0.46130168437957764	0.0	0.0	0.4945472180843353	1.3247756958007812	0.4895491302013397	0.0	1.2958881855010986	0.3830612897872925	0.3186314105987549	0.0	0.0	0.0	0.4997762441635132
1.2138136625289917	0.479912132024765	0.0	0.8164271712303162	0.0	0.0	2.5428013801574707	0.0	0.6650503873825073	0.0	0.0	0.0	0.37678879499435425	0.0	0.0	0.7497469186782837	0.3203078806400299	0.48936864733695984	0.6709800362586975	0.13961537182331085	0.5266999006271362	0.36189115047454834	0.0	0.494507759809494	1.3817707300186157	0.28092876076698303	0.0	0.0	0.0	0.38025152683258057	0.0	0.641878068447113	0.0	0.0	0.0	0.8458009362220764	0.21421349048614502	0.7194560170173645	1.1874843835830688	0.697239339351654	0.25936365127563477	0.619029700756073	1.275543212890625	0.0	0.0	0.0	0.37221282720565796	0.0	0.0	1.3391584157943726	0.4042762815952301	0.0	0.0	0.4174327254295349	1.3355567455291748	0.4406074285507202	0.0	1.2855459451675415	0.37505650520324707	0.30909398198127747	0.0	0.0	0.0	0.510617196559906
1.2023979425430298	0.4399276375770569	0.0	0.933954119682312	0.0	0.0	2.529059410095215	0.0	0.6577572822570801	0.0	0.0	0.0	0.3737744688987732	0.0	0.0	0.7855757474899292	0.3380967080593109	0.4564383625984192	0.6678065657615662	0.12794527411460876	0.5441157221794128	0.3565114140510559	0.0	0.5804547667503357	1.4039055109024048	0.2961018681526184	0.0	0.0	0.0	0.3789803683757782	0.0	0.6615189909934998	0.0	0.0	0.0	0.8542998433113098	0.2623690366744995	0.7503611445426941	1.1830908060073853	0.6951595544815063	0.31208717823028564	0.6354240775108337	1.2913250923156738	0.0	0.0	0.0	0.3440540134906769	0.0	0.0	1.3253496885299683	0.3756019175052643	0.0	0.0	0.47795504331588745	1.3150004148483276	0.4811280071735382	0.0	1.2860647439956665	0.42514532804489136	0.2879718840122223	0.0	0.0	0.0	0.5046059489250183
1.2672016620635986	0.46333086490631104	0.0	0.869480311870575	0.0	0.0	2.527344226837158	0.0	0.6933082342147827	0.0	0.0	0.0	0.3881908655166626	0.0	0.0	0.7552962303161621	0.33558183908462524	0.4905145466327667	0.6660024523735046	0.1191585436463356	0.5990517139434814	0.36728018522262573	0.0	0.48056358098983765	1.3773691654205322	0.35206469893455505	0.0	0.0	0.0	0.37520402669906616	0.0	0.6853765845298767	0.0	0.0	0.0	0.8876307010650635	0.24153144657611847	0.6846919059753418	1.1770683526992798	0.7233917713165283	0.3313313126564026	0.6332195401191711	1.295341968536377	0.0	0.0	0.0	0.3902128338813782	0.0	0.0	1.36845862865448	0.36552587151527405	0.0	0.0	0.44822725653648376	1.3542696237564087	0.4462394416332245	0.0	1.315533995628357	0.3808782696723938	0.2543480396270752	0.0	0.0	0.0	0.5034011602401733
1.2274097204208374	0.4697950482368469	0.0	0.8276825547218323	0.0	0.0	2.473386526107788	0.0	0.6547348499298096	0.0	0.0	0.0	0.37886399030685425	0.0	0.0	0.7677733302116394	0.38673144578933716	0.49200382828712463	0.6939287781715393	0.11461713910102844	0.5451124906539917	0.3585337996482849	0.0	0.49767622351646423	1.3775672912597656	0.3008931875228882	0.0	0.0	0.0	0.38387128710746765	0.0	0.6647592782974243	0.0	0.0	0.0	0.8846467733383179	0.23274078965187073	0.7304866313934326	1.1675411462783813	0.7142645120620728	0.2733977735042572	0.6407073736190796	1.2962888479232788	0.0	0.0	0.0	0.3732636868953705	0.0	0.0	1.3825604915618896	0.40258195996284485	0.0	0.0	0.42778250575065613	1.3556870222091675	0.4405480623245239	0.0	1.2828477621078491	0.3586200475692749	0.3133862018585205	0.0	0.0	0.0	0.5073021650314331
1.2149239778518677	0.442047119140625	0.0	0.8291743993759155	0.0	0.0	2.468379259109497	0.0	0.6645689010620117	0.0	0.0	0.0	0.36161401867866516	0.0	0.0	0.774932861328125	0.32643336057662964	0.4586792290210724	0.6793254017829895	0.11859633028507233	0.5325083136558533	0.36800697445869446	0.0	0.490374892950058	1.380475401878357	0.30105793476104736	0.0	0.0	0.0	0.37814614176750183	0.0	0.6607844829559326	0.0	0.0	0.0	0.8452903628349304	0.20110362768173218	0.7098926901817322	1.1697800159454346	0.7005518674850464	0.25241655111312866	0.6266095638275146	1.3144938945770264	0.0	0.0	0.0	0.3451066017150879	0.0	0.0	1.339990258216858	0.36696702241897583	0.0	0.0	0.4651661515235901	1.3175796270370483	0.43060654401779175	0.0	1.2951143980026245	0.3733692765235901	0.25550687313079834	0.0	0.0	0.0	0.5000878572463989
1.2177801132202148	0.4400031566619873	0.0	0.8368495106697083	0.0	0.0	2.5208816528320312	0.0	0.6616968512535095	0.0	0.0	0.0	0.3945333957672119	0.0	0.0	0.7767331600189209	0.34015506505966187	0.49415966868400574	0.6866747140884399	0.09935617446899414	0.5745842456817627	0.38008439540863037	0.0	0.505474865436554	1.3802989721298218	0.30914682149887085	0.0	0.0	0.0	0.3999413847923279	0.0	0.6847488880157471	0.0	0.0	0.0	0.8808276653289795	0.23222661018371582	0.7037222385406494	1.1583833694458008	0.692898154258728	0.2725789546966553	0.639919638633728	1.3049170970916748	0.0	0.0	0.0	0.38415318727493286	0.0	0.0	1.3590844869613647	0.3787091076374054	0.0	0.0	0.4189869463443756	1.3235244750976562	0.46082043647766113	0.0	1.2869315147399902	0.3888776898384094	0.29352298378944397	0.0	0.0	0.0	0.5025392174720764
1.2243602275848389	0.43573763966560364	0.0	0.8576222062110901	0.0	0.0	2.5030696392059326	0.0	0.66921466588974	0.0	0.0	0.0	0.37791717052459717	0.0	0.0	0.7652703523635864	0.36018410325050354	0.47306105494499207	0.675033688545227	0.12895254790782928	0.5456255674362183	0.36781200766563416	0.0	0.49609044194221497	1.397721767425537	0.31222233176231384	0.0	0.0	0.0	0.38147568702697754	0.0	0.6650930047035217	0.0	0.0	0.0	0.8473480939865112	0.19954630732536316	0.6854220032691956	1.172049880027771	0.7094861268997192	0.27642109990119934	0.6573757529258728	1.332011342048645	0.0	0.0	0.0	0.3400917649269104	0.0	0.0	1.3572136163711548	0.40515056252479553	0.0	0.0	0.4296572506427765	1.3556097745895386	0.46231135725975037	0.0	1.2759082317352295	0.4024868309497833	0.2613925635814667	0.0	0.0	0.0	0.4901740849018097
1.2133623361587524	0.4783683121204376	0.0	0.9191019535064697	0.0	0.0	2.5629374980926514	0.0	0.6715698838233948	0.0	0.0	0.0	0.39378851652145386	0.0	0.0	0.7542936205863953	0.3447827696800232	0.5311552882194519	0.7062903046607971	0.13421186804771423	0.5377668738365173	0.3700951933860779	0.0	0.5757577419281006	1.3883967399597168	0.42694902420043945	0.0	0.0	0.0	0.3895311653614044	0.0	0.6740239858627319	0.0	0.0	0.0	0.8648581504821777	0.28490355610847473	0.7601967453956604	1.1666370630264282	0.749169111251831	0.38141384720802307	0.6393386125564575	1.319482445716858	0.0	0.0	0.0	0.3561544120311737	0.0	0.0	1.3476601839065552	0.401500403881073	0.0	0.0	0.4940720796585083	1.3885380029678345	0.4670085310935974	0.0	1.29777193069458	0.4229460060596466	0.2662529945373535	0.0	0.0	0.0	0.4983683228492737
1.2653238773345947	0.4621386229991913	0.0	0.8506408929824829	0.0	0.0	2.498441696166992	0.0	0.6613947749137878	0.0	0.0	0.0	0.3859037458896637	0.0	0.0	0.7910813093185425	0.32214823365211487	0.5052798986434937	0.691421627998352	0.1324395090341568	0.5322073101997375	0.3574807941913605	0.0	0.4844745695590973	1.3923918008804321	0.29552897810935974	0.0	0.0	0.0	0.3704912066459656	0.0	0.6741647720336914	0.0	0.0	0.0	0.868644118309021	0.2141697108745575	0.7037489414215088	1.1899832487106323	0.7213729619979858	0.29715368151664734	0.6658129096031189	1.322224736213684	0.0	0.0	0.0	0.3430019021034241	0.0	0.0	1.3527252674102783	0.37128740549087524	0.0	0.0	0.4260580539703369	1.3405531644821167	0.4575566053390503	0.0	1.2937798500061035	0.43042781949043274	0.27115941047668457	0.0	0.0	0.0	0.5555176734924316
1.2125614881515503	0.44804105162620544	0.0	0.8564326763153076	0.0	0.0	2.5020933151245117	0.0	0.70258629322052	0.0	0.0	0.0	0.37456828355789185	0.0	0.0	0.7864729762077332	0.3338864743709564	0.47848212718963623	0.6963675618171692	0.1144467294216156	0.5573915839195251	0.3721659779548645	0.0	0.4863644242286682	1.385462760925293	0.33909642696380615	0.0	0.0	0.0	0.3953993618488312	0.0	0.6681495308876038	0.0	0.0	0.0	0.8640591502189636	0.2260139137506485	0.7211369872093201	1.177334189414978	0.705223560333252	0.2947620749473572	0.6237295269966125	1.3701530694961548	0.0	0.0	0.0	0.36656126379966736	0.0	0.0	1.3394321203231812	0.449934184551239	0.0	0.0	0.4507565498352051	1.3387670516967773	0.47299063205718994	0.0	1.2974268198013306	0.39661574363708496	0.2927754819393158	0.0	0.0	0.0	0.5237465500831604
1.2897025346755981	0.4627719521522522	0.0	0.8422444462776184	0.0	0.0	2.544935941696167	0.0	0.6726081967353821	0.0	0.0	0.0	0.36266908049583435	0.0	0.0	0.7706687450408936	0.3426145911216736	0.4513390064239502	0.6994582414627075	0.11944407224655151	0.5599477291107178	0.3717401921749115	0.0	0.5253852605819702	1.375863790512085	0.29026785492897034	0.0	0.0	0.0	0.38388070464134216	0.0	0.6592252850532532	0.0	0.0	0.0	0.9073423147201538	0.21023356914520264	0.7370184659957886	1.159285306930542	0.7156533598899841	0.2632981538772583	0.667930006980896	1.3607574701309204	0.0	0.0	0.0	0.4044046103954315	0.0	0.0	1.392503261566162	0.40491512417793274	0.0	0.0	0.4374334514141083	1.306873083114624	0.4373478591442108	0.0	1.2866026163101196	0.3656958341598511	0.3030521869659424	0.0	0.0	0.0	0.5385316610336304
1.2325782775878906	0.46273425221443176	0.0	0.8186123967170715	0.0	0.0	2.646960735321045	0.0	0.6772643327713013	0.0	0.0	0.0	0.3750743269920349	0.0	0.0	0.7855246663093567	0.32166579365730286	0.5251325368881226	0.6936559677124023	0.11889978498220444	0.5426691174507141	0.3726482391357422	0.0	0.47978153824806213	1.3728783130645752	0.3110000491142273	0.0	0.0	0.0	0.39073070883750916	0.0	0.6457392573356628	0.0	0.0	0.0	0.8613191246986389	0.2334211766719818	0.7015516757965088	1.1764883995056152	0.6911635994911194	0.3496039807796478	0.6087744235992432	1.285765528678894	0.0	0.0	0.0	0.37632933259010315	0.0	0.0	1.3682570457458496	0.48180532455444336	0.0	0.0	0.441249817609787	1.343253254890442	0.4571738541126251	0.0	1.2779388427734375	0.42598655819892883	0.27866753935813904	0.0	0.0	0.0	0.52177494764328
1.2296960353851318	0.4807552397251129	0.0	0.8631234765052795	0.0	0.0	2.5632400512695312	0.0	0.65854412317276	0.0	0.0	0.0	0.41984161734580994	0.0	0.0	0.7468365430831909	0.32989436388015747	0.49912816286087036	0.7091834545135498	0.1301104873418808	0.5411929488182068	0.35725709795951843	0.0	0.4878257215023041	1.370527982711792	0.355819970369339	0.0	0.0	0.0	0.4226017892360687	0.0	0.6916396021842957	0.0	0.0	0.0	0.8579590916633606	0.19849467277526855	0.7279468178749084	1.1983788013458252	0.7012782692909241	0.31350192427635193	0.6429049968719482	1.287629246711731	0.0	0.0	0.0	0.3606773018836975	0.0	0.0	1.3489662408828735	0.39495086669921875	0.0	0.0	0.43468186259269714	1.3352235555648804	0.4638003408908844	0.0	1.2790663242340088	0.4219653308391571	0.2787154018878937	0.0	0.0	0.0	0.5694899559020996
1.2369399070739746	0.44836410880088806	0.0	0.8269645571708679	0.0	0.0	2.616708755493164	0.0	0.661456286907196	0.0	0.0	0.0	0.3634200096130371	0.0	0.0	0.8056076765060425	0.30647629499435425	0.5069981813430786	0.705332338809967	0.11295261979103088	0.5266921520233154	0.36885014176368713	0.0	0.48735368251800537	1.3805408477783203	0.36267271637916565	0.0	0.0	0.0	0.39204367995262146	0.0	0.6810762882232666	0.0	0.0	0.0	0.8612198233604431	0.187387615442276	0.7290116548538208	1.1815497875213623	0.6902570724487305	0.34606534242630005	0.6538415551185608	1.3116393089294434	0.0	0.0	0.0	0.330706924200058	0.0	0.0	1.3439316749572754	0.3962971866130829	0.0	0.0	0.4325174391269684	1.3767375946044922	0.45388931035995483	0.0	1.3442257642745972	0.41608110070228577	0.2858124077320099	0.0	0.0	0.0	0.4991008937358856
1.2180379629135132	0.4398603141307831	0.0	0.9158216714859009	0.0	0.0	2.5518574714660645	0.0	0.668544352054596	0.0	0.0	0.0	0.3907504677772522	0.0	0.0	0.7642521262168884	0.3540622889995575	0.5034862160682678	0.7307525277137756	0.11294809728860855	0.5549387335777283	0.3743549883365631	0.0	0.5779889225959778	1.4332401752471924	0.3533819615840912	0.0	0.0	0.0	0.4128933846950531	0.0	0.6906051635742188	0.0	0.0	0.0	0.8623047471046448	0.3070180118083954	0.7515939474105835	1.1771204471588135	0.7236840128898621	0.2903396189212799	0.6550744771957397	1.3173843622207642	0.0	0.0	0.0	0.3569774031639099	0.0	0.0	1.3643301725387573	0.36089783906936646	0.0	0.0	0.4677988886833191	1.3721370697021484	0.44295594096183777	0.0	1.30229914188385	0.4106617271900177	0.27331769466400146	0.0	0.0	0.0	0.5045520663261414
1.2355812788009644	0.43115490674972534	0.0	0.8373905420303345	0.0	0.0	2.473198413848877	0.0	0.6906328201293945	0.0	0.0	0.0	0.3955748677253723	0.0	0.0	0.7699772119522095	0.3091323673725128	0.48693034052848816	0.6923264265060425	0.14286364614963531	0.5711833238601685	0.39001765847206116	0.0	0.4767746329307556	1.3932706117630005	0.33733996748924255	0.0	0.0	0.0	0.3925589919090271	0.0	0.6550877094268799	0.0	0.0	0.0	0.8857331275939941	0.228062242269516	0.6992840766906738	1.1589250564575195	0.7109843492507935	0.32078835368156433	0.6346058249473572	1.3388923406600952	0.0	0.0	0.0	0.3790409564971924	0.0	0.0	1.382815957069397	0.4954379200935364	0.0	0.0	0.4263652265071869	1.3408433198928833	0.4602694511413574	0.0	1.3135179281234741	0.3988420069217682	0.26993104815483093	0.0	0.0	0.050726063549518585	0.5229969024658203
1.2327406406402588	0.4590041935443878	0.0	0.8063400983810425	0.0	0.0	2.485069751739502	0.0	0.6714906692504883	0.0	0.0	0.0	0.3803535997867584	0.0	0.0	0.7488208413124084	0.3275871276855469	0.46004024147987366	0.682681143283844	0.12279069423675537	0.539006233215332	0.3604121804237366	0.0	0.4681057035923004	1.3699136972427368	0.3373046815395355	0.0	0.0	0.0	0.3710300326347351	0.0	0.6522256135940552	0.0	0.0	0.0	0.8547603487968445	0.3645400404930115	0.7000402808189392	1.172802209854126	0.7062538266181946	0.2931002676486969	0.6509341597557068	1.3326630592346191	0.0	0.0	0.0	0.3382962644100189	0.0	0.0	1.3183265924453735	0.36626818776130676	0.0	0.0	0.41984909772872925	1.3656436204910278	0.46678996086120605	0.0	1.2816969156265259	0.3890540301799774	0.26876917481422424	0.0	0.0	0.0	0.5010002255439758
1.3258157968521118	0.5018283724784851	0.0	0.9269179701805115	0.0	0.0	2.499398946762085	0.0	0.7050608396530151	0.0	0.0	0.0	0.44092756509780884	0.0	0.0	0.8505910038948059	0.35848209261894226	0.4454415738582611	0.7391586303710938	0.12358241528272629	0.5840413570404053	0.35007143020629883	0.0	0.5201837420463562	1.4001754522323608	0.3325102925300598	0.0	0.0	0.0	0.37560003995895386	0.0	0.6631196737289429	0.0	0.0	0.0	0.8524227142333984	0.2416323721408844	0.6640442609786987	1.173454761505127	0.7441235780715942	0.2617325484752655	0.616959273815155	1.2656351327896118	0.0	0.0	0.0	0.3668617904186249	0.0	0.0	1.4463006258010864	0.4725586473941803	0.0	0.0	0.3939545750617981	1.3314166069030762	0.4657735526561737	0.0	1.3210208415985107	0.4449562132358551	0.31810280680656433	0.0	0.0	0.0	0.487354576587677
1.2340984344482422	0.4696183502674103	0.0	0.8611165881156921	0.0	0.0	2.518418312072754	0.0	0.6793516278266907	0.0	0.0	0.0	0.3625824451446533	0.0	0.0	0.7771026492118835	0.37410876154899597	0.47322970628738403	0.6977415680885315	0.12002198398113251	0.537556529045105	0.37211349606513977	0.0	0.4991798400878906	1.3701027631759644	0.3483297824859619	0.0	0.0	0.0	0.3968157172203064	0.0	0.6835175156593323	0.0	0.0	0.0	0.9177651405334473	0.23687435686588287	0.7340927720069885	1.1754164695739746	0.7185443043708801	0.3001246452331543	0.6186559200286865	1.2858927249908447	0.0	0.0	0.0	0.3637266755104065	0.0	0.0	1.3519725799560547	0.3739462196826935	0.0	0.0	0.4198417365550995	1.34065580368042	0.4755171537399292	0.0	1.2907168865203857	0.42970010638237	0.3572657108306885	0.0	0.0	0.0	0.5683847069740295
1.2423338890075684	0.47981664538383484	0.0	0.8181279301643372	0.0	0.0	2.532426118850708	0.0	0.6712955236434937	0.0	0.0	0.0	0.3983583450317383	0.0	0.0	0.7814368605613708	0.3406701683998108	0.4549846947193146	0.7086121439933777	0.13287557661533356	0.5254237055778503	0.3883093297481537	0.0	0.4805198907852173	1.3592524528503418	0.2946021854877472	0.0	0.0	0.0	0.3959697186946869	0.0	0.6761602759361267	0.0	0.0	0.0	0.852211594581604	0.21267934143543243	0.7168635725975037	1.161489486694336	0.7239857912063599	0.2995014488697052	0.631120502948761	1.298048496246338	0.0	0.0	0.0	0.3414968252182007	0.0	0.0	1.3350309133529663	0.3869793117046356	0.0	0.0	0.4179103970527649	1.3111393451690674	0.46992480754852295	0.0	1.2710024118423462	0.428098201751709	0.3753372132778168	0.0	0.0	0.0	0.5397295355796814
1.2566137313842773	0.46100038290023804	0.0	0.8253085017204285	0.0	0.0	2.4687976837158203	0.0	0.6649841070175171	0.0	0.0	0.0	0.3960215449333191	0.0	0.0	0.757739245891571	0.3398510813713074	0.5262551307678223	0.6944814324378967	0.10711611062288284	0.5410078167915344	0.35855725407600403	0.0	0.4913046061992645	1.368899941444397	0.3051338493824005	0.0	0.0	0.0	0.3706144690513611	0.0	0.6516351699829102	0.0	0.0	0.0	0.9049124717712402	0.20528610050678253	0.6893876791000366	1.1745247840881348	0.7318801283836365	0.28116801381111145	0.6068460941314697	1.2748535871505737	0.0	0.0	0.0	0.3563358187675476	0.0	0.0	1.337088942527771	0.3876766562461853	0.0	0.0	0.4138204753398895	1.3088217973709106	0.42786672711372375	0.0	1.2996855974197388	0.39977049827575684	0.3056580126285553	0.0	0.0	0.0	0.5615882277488708
1.2435070276260376	0.45008385181427	0.0	0.8551540374755859	0.0	0.0	2.508092164993286	0.0	0.6669880747795105	0.0	0.0	0.0	0.40358099341392517	0.0	0.0	0.7669593691825867	0.3253650367259979	0.47169438004493713	0.6989031434059143	0.11178188771009445	0.5369338393211365	0.37982311844825745	0.0	0.48575258255004883	1.4069937467575073	0.30708959698677063	0.0	0.0	0.0	0.3837006986141205	0.0	0.6599137187004089	0.0	0.0	0.0	0.8943449258804321	0.37642475962638855	0.6991905570030212	1.1696531772613525	0.7274629473686218	0.27589237689971924	0.6316311955451965	1.3048583269119263	0.0	0.0	0.0	0.3328576385974884	0.0	0.0	1.3666390180587769	0.386739045381546	0.0	0.0	0.42520707845687866	1.3432756662368774	0.4303685128688812	0.0	1.3134067058563232	0.38838985562324524	0.2522726356983185	0.0	0.0	0.0	0.5062108635902405
1.2139313220977783	0.44726940989494324	0.0	0.8863519430160522	0.0	0.0	2.499589681625366	0.0	0.6891844868659973	0.0	0.0	0.0	0.4023735821247101	0.0	0.0	0.7774673104286194	0.3295160233974457	0.49184903502464294	0.6901794075965881	0.13195045292377472	0.5512564778327942	0.3703092336654663	0.0	0.5003194808959961	1.410992980003357	0.3155265152454376	0.0	0.0	0.0	0.40091484785079956	0.0	0.6690703630447388	0.0	0.0	0.0	0.8730905055999756	0.2432863414287567	0.7176268696784973	1.1909911632537842	0.7078431248664856	0.2595410645008087	0.6437153220176697	1.3196557760238647	0.0	0.0	0.0	0.37329378724098206	0.0	0.0	1.368154525756836	0.404693603515625	0.0	0.0	0.4220309257507324	1.351820945739746	0.4505060911178589	0.0	1.3045825958251953	0.3929847478866577	0.2771102786064148	0.0	0.0	0.0	0.5564319491386414
1.2585667371749878	0.43721434473991394	0.0	0.9166995882987976	0.0	0.0	2.489485263824463	0.0	0.7115217447280884	0.0	0.0	0.0	0.45982566475868225	0.0	0.0	0.8585037589073181	0.36724624037742615	0.48139262199401855	0.6807990670204163	0.11531558632850647	0.5511809587478638	0.35167938470840454	0.0	0.5703415870666504	1.4358750581741333	0.2951272428035736	0.0	0.0	0.0	0.35485413670539856	0.0	0.6481028199195862	0.0	0.0	0.0	0.8480441570281982	0.22817644476890564	0.6895973682403564	1.2114635705947876	0.727520763874054	0.27697089314460754	0.6200626492500305	1.2746104001998901	0.0	0.0	0.0	0.4320042133331299	0.0	0.0	1.4844112396240234	0.3643511235713959	0.0	0.0	0.4126872718334198	1.396619200706482	0.4463356137275696	0.0	1.3560446500778198	0.43726617097854614	0.257708340883255	0.0	0.0	0.0	0.49118664860725403
1.2028380632400513	0.4718334972858429	0.0	0.8831875920295715	0.0	0.0	2.5970494747161865	0.0	0.6781265735626221	0.0	0.0	0.0	0.40504923462867737	0.0	0.0	0.8384951949119568	0.33497434854507446	0.4845227003097534	0.7160529494285583	0.14240315556526184	0.5711157917976379	0.35855841636657715	0.0	0.6139205098152161	1.3755098581314087	0.30476438999176025	0.0	0.0	0.0	0.3955623209476471	0.0	0.664117157459259	0.0	0.0	0.0	0.8611664772033691	0.3896101117134094	0.7548659443855286	1.1618038415908813	0.7285940051078796	0.26188310980796814	0.6520871520042419	1.3226702213287354	0.0	0.0	0.0	0.3815629780292511	0.0	0.0	1.3580857515335083	0.3707360327243805	0.0	0.0	0.4479126036167145	1.3331822156906128	0.44566217064857483	0.0	1.2846598625183105	0.38962322473526	0.27476561069488525	0.0	0.0	0.0	0.5303694605827332
1.2488380670547485	0.456793874502182	0.0	0.9223496317863464	0.0	0.0	2.535928249359131	0.0	0.6686082482337952	0.0	0.0	0.0	0.43742460012435913	0.0	0.0	0.8322277665138245	0.33229249715805054	0.4729704260826111	0.6619231700897217	0.11486221849918365	0.6384897232055664	0.3655930161476135	0.0	0.5553798675537109	1.4094523191452026	0.3123091459274292	0.0	0.0	0.0	0.3799177408218384	0.0	0.6596490740776062	0.0	0.0	0.0	0.8396316170692444	0.4204767644405365	0.6834142804145813	1.1868979930877686	0.6982210278511047	0.2468724250793457	0.6268557906150818	1.3412013053894043	0.0	0.0	0.0	0.4441010057926178	0.0	0.0	1.4155596494674683	0.37317922711372375	0.0	0.0	0.41840746998786926	1.3645679950714111	0.4720590114593506	0.0	1.3003826141357422	0.4320462644100189	0.26250454783439636	0.0	0.0	0.0	0.5073283910751343
1.2506413459777832	0.46522268652915955	0.0	0.8536253571510315	0.0	0.0	2.458430528640747	0.0	0.6565783619880676	0.0	0.0	0.0	0.39732104539871216	0.0	0.0	0.7728245854377747	0.33503615856170654	0.49727433919906616	0.7128026485443115	0.12058533728122711	0.6034716367721558	0.3933723270893097	0.0	0.5691187381744385	1.455129861831665	0.2999066710472107	0.0	0.0	0.0	0.3736476004123688	0.0	0.7077069282531738	0.0	0.0	0.0	0.8324833512306213	0.22088482975959778	0.7047787308692932	1.2036399841308594	0.7155043482780457	0.24795249104499817	0.6658591032028198	1.2581007480621338	0.0	0.0	0.0	0.3566367030143738	0.0	0.0	1.487895131111145	0.5093357563018799	0.0	0.0	0.4090132415294647	1.352590799331665	0.47111162543296814	0.0	1.3511232137680054	0.5106799006462097	0.3059854507446289	0.0	0.0	0.0	0.4870041608810425
1.2105937004089355	0.4385967552661896	0.0	0.8176546692848206	0.0	0.0	2.4889869689941406	0.0	0.6979883313179016	0.0	0.0	0.0	0.3690269887447357	0.0	0.0	0.7455429434776306	0.31926608085632324	0.46369031071662903	0.6661819219589233	0.11480360478162766	0.5548937320709229	0.3772278428077698	0.0	0.4818921983242035	1.3658429384231567	0.3212765157222748	0.0	0.0	0.0	0.3843131959438324	0.0	0.6421524882316589	0.0	0.0	0.0	0.890215277671814	0.39373812079429626	0.7201502323150635	1.1802226305007935	0.7120873928070068	0.2838901877403259	0.6099916100502014	1.325548529624939	0.0	0.0	0.0	0.35273510217666626	0.0	0.0	1.3297573328018188	0.3566574156284332	0.0	0.0	0.446213960647583	1.3075284957885742	0.45111197233200073	0.0	1.2751221656799316	0.365496426820755	0.257307767868042	0.0	0.0	0.0	0.5206822156906128
1.2107304334640503	0.44983750581741333	0.0	0.825857937335968	0.0	0.0	2.547224521636963	0.0	0.6856140494346619	0.0	0.0	0.0	0.3770456314086914	0.0	0.0	0.7914406061172485	0.3560704290866852	0.46837738156318665	0.6784836053848267	0.12068407982587814	0.5294549465179443	0.3804658353328705	0.0	0.49497559666633606	1.395867943763733	0.3023501932621002	0.0	0.0	0.0	0.3863008916378021	0.0	0.6676856875419617	0.0	0.0	0.0	0.841729462146759	0.198434516787529	0.6758215427398682	1.1676292419433594	0.694176435470581	0.24947240948677063	0.6290669441223145	1.3224208354949951	0.0	0.0	0.0	0.37775248289108276	0.0	0.0	1.3805091381072998	0.38982826471328735	0.0	0.0	0.423174113035202	1.3306808471679688	0.4454265236854553	0.0	1.2980178594589233	0.3935094475746155	0.27853548526763916	0.0	0.0	0.0	0.5111915469169617
1.2383084297180176	0.4583307206630707	0.0	0.9910568594932556	0.0	0.0	2.541820526123047	0.0	0.6981436610221863	0.0	0.0	0.0	0.38651150465011597	0.0	0.0	0.8281009197235107	0.34644952416419983	0.4982989430427551	0.7277460694313049	0.13661229610443115	0.5666384100914001	0.37187281250953674	0.0	0.58477383852005	1.4068832397460938	0.36368730664253235	0.0	0.0	0.0	0.4303423762321472	0.0	0.6747745275497437	0.0	0.0	0.0	0.8719349503517151	0.2752394378185272	0.8036184310913086	1.2100281715393066	0.7405330538749695	0.2561236023902893	0.6499719619750977	1.3204948902130127	0.0	0.0	0.0	0.3561278283596039	0.0	0.0	1.357326626777649	0.48618313670158386	0.0	0.0	0.4708814024925232	1.340383529663086	0.442414790391922	0.0	1.3129558563232422	0.3962443768978119	0.25194844603538513	0.0	0.0	0.0	0.5156210064888
1.266566276550293	0.47598105669021606	0.0	0.8256357312202454	0.0	0.0	2.590535879135132	0.0	0.647341251373291	0.0	0.0	0.0	0.38576754927635193	0.0	0.0	0.7590467929840088	0.30629533529281616	0.46685791015625	0.6863083839416504	0.10602883994579315	0.5553350448608398	0.3439357578754425	0.0	0.4989669620990753	1.4037631750106812	0.3047710657119751	0.0	0.0	0.0	0.39962413907051086	0.0	0.6581708192825317	0.0	0.0	0.0	0.8820574283599854	0.23031365871429443	0.712106466293335	1.2010868787765503	0.7258912920951843	0.254883736371994	0.6743859052658081	1.3294792175292969	0.0	0.0	0.0	0.3791281580924988	0.0	0.0	1.3544827699661255	0.3843260407447815	0.0	0.0	0.42556318640708923	1.3605868816375732	0.4423736333847046	0.0	1.3035697937011719	0.38500598073005676	0.2449476271867752	0.0	0.0	0.0	0.5068060755729675
1.209737777709961	0.4681287407875061	0.0	0.970262885093689	0.0	0.0	2.497734308242798	0.0	0.6707256436347961	0.0	0.0	0.0	0.3737328052520752	0.0	0.0	0.7576563358306885	0.3250772953033447	0.5013534426689148	0.676411509513855	0.13485194742679596	0.5319249033927917	0.3641733229160309	0.0	0.5995470285415649	1.3866162300109863	0.28183138370513916	0.0	0.0	0.0	0.39908522367477417	0.0	0.6645730137825012	0.0	0.0	0.0	0.836199164390564	0.29623979330062866	0.7897903919219971	1.169561505317688	0.7145711183547974	0.3086797297000885	0.6395249366760254	1.2877740859985352	0.0	0.0	0.0	0.3485954999923706	0.0	0.0	1.3455533981323242	0.3706587851047516	0.0	0.0	0.5007381439208984	1.3204597234725952	0.4412488043308258	0.0	1.2822154760360718	0.4154362380504608	0.2582811713218689	0.0	0.0	0.0	0.49647730588912964
1.222133755683899	0.45985716581344604	0.0	0.8485703468322754	0.0	0.0	2.577253580093384	0.0	0.6693089008331299	0.0	0.0	0.0	0.4050152599811554	0.0	0.0	0.7725393772125244	0.346996933221817	0.4986524283885956	0.6963375210762024	0.13087350130081177	0.5603616237640381	0.3767033517360687	0.0	0.5045658349990845	1.3943252563476562	0.29386284947395325	0.0	0.0	0.0	0.4119603633880615	0.0	0.6591702103614807	0.0	0.0	0.0	0.8569110631942749	0.1961325705051422	0.7113684415817261	1.1800519227981567	0.7257964611053467	0.2669621706008911	0.6341361403465271	1.3229618072509766	0.0	0.0	0.0	0.34179428219795227	0.0	0.0	1.3429616689682007	0.49293771386146545	0.0	0.0	0.4389870762825012	1.327500343322754	0.43544909358024597	0.0	1.3328895568847656	0.390409380197525	0.284031480550766	0.0	0.0	0.0	0.5509612560272217
1.249461054801941	0.4458402395248413	0.0	0.8397901058197021	0.0	0.0	2.4771347045898438	0.0	0.7006860375404358	0.0	0.0	0.0	0.3835383951663971	0.0	0.0	0.7602041959762573	0.3270284831523895	0.4623897075653076	0.7227270603179932	0.11642644554376602	0.5658349394798279	0.36676546931266785	0.0	0.4952652156352997	1.429671049118042	0.32301875948905945	0.0	0.0	0.0	0.3726474344730377	0.0	0.6567619442939758	0.0	0.0	0.0	0.8622450232505798	0.4003707766532898	0.7029113173484802	1.2000453472137451	0.7078455090522766	0.256278932094574	0.6411386132240295	1.323737621307373	0.0	0.0	0.0	0.3705226182937622	0.0	0.0	1.3277075290679932	0.37697547674179077	0.0	0.0	0.48146507143974304	1.3567531108856201	0.4483191668987274	0.0	1.3030586242675781	0.38172098994255066	0.27692094445228577	0.0	0.0	0.0	0.5233801603317261
1.2899518013000488	0.47696149349212646	0.0	0.8577998876571655	0.0	0.0	2.475588083267212	0.0	0.6867242455482483	0.0	0.0	0.0	0.42873865365982056	0.0	0.0	0.7571419477462769	0.3239199221134186	0.46642670035362244	0.6760544776916504	0.11999298632144928	0.547920286655426	0.3453686237335205	0.0	0.49699097871780396	1.3810923099517822	0.32517707347869873	0.0	0.0	0.0	0.3745841979980469	0.0	0.6698018908500671	0.0	0.0	0.0	0.8471624851226807	0.41731858253479004	0.7136494517326355	1.1609747409820557	0.7165226936340332	0.3072149455547333	0.6679936647415161	1.3523812294006348	0.0	0.0	0.0	0.34141305088996887	0.0	0.0	1.3427847623825073	0.4746754765510559	0.0	0.0	0.4338988959789276	1.3583173751831055	0.46676161885261536	0.0	1.3118574619293213	0.4032265543937683	0.2828353941440582	0.0	0.0	0.0	0.5382289886474609
1.2262790203094482	0.4258511960506439	0.0	0.8023468255996704	0.0	0.0	2.5469748973846436	0.0	0.6974954009056091	0.0	0.0	0.0	0.4018639028072357	0.0	0.0	0.8101310729980469	0.37134644389152527	0.47513559460639954	0.7038781642913818	0.14789044857025146	0.5473048686981201	0.3528623580932617	0.0	0.4856765866279602	1.3963717222213745	0.3005017340183258	0.0	0.0	0.0	0.3689153492450714	0.0	0.6680764555931091	0.0	0.0	0.0	0.8488659858703613	0.3737938404083252	0.6684276461601257	1.171359896659851	0.7252143025398254	0.2580339312553406	0.6271306872367859	1.2841925621032715	0.0	0.0	0.0	0.38600146770477295	0.0	0.0	1.3655948638916016	0.39004698395729065	0.0	0.0	0.44545018672943115	1.321657657623291	0.44961583614349365	0.0	1.3214893341064453	0.3923584520816803	0.3237612843513489	0.0	0.0	0.0	0.5801826119422913
1.229533314704895	0.46381810307502747	0.0	0.8741675019264221	0.0	0.0	2.5006842613220215	0.0	0.7042924761772156	0.0	0.0	0.0	0.3999963700771332	0.0	0.0	0.7928850054740906	0.3465724289417267	0.48533880710601807	0.6789293885231018	0.15499278903007507	0.5653169751167297	0.4019329845905304	0.0	0.48602163791656494	1.3915252685546875	0.31646087765693665	0.0	0.0	0.0	0.4025769829750061	0.0	0.6845360994338989	0.0	0.0	0.0	0.9002724289894104	0.23030324280261993	0.7266140580177307	1.191644310951233	0.6986116170883179	0.26267874240875244	0.652636706829071	1.357306957244873	0.0	0.0	0.0	0.36607471108436584	0.0	0.0	1.3471131324768066	0.383840948343277	0.0	0.0	0.4492295980453491	1.330889344215393	0.46518832445144653	0.0	1.302099585533142	0.3936275243759155	0.29000112414360046	0.0	0.0	0.0	0.5452317595481873
1.2202898263931274	0.4548671841621399	0.0	0.8170895576477051	0.0	0.0	2.4509878158569336	0.0	0.6837166547775269	0.0	0.0	0.0	0.39105719327926636	0.0	0.0	0.7659561634063721	0.32137563824653625	0.49133238196372986	0.6842502951622009	0.14013610780239105	0.5372533798217773	0.3782278895378113	0.0	0.49637672305107117	1.4048616886138916	0.3022085428237915	0.0	0.0	0.0	0.3721518814563751	0.0	0.6621274948120117	0.0	0.0	0.0	0.889007031917572	0.21627496182918549	0.7192087769508362	1.1845916509628296	0.7212944626808167	0.2641545534133911	0.6464883089065552	1.302873969078064	0.0	0.0	0.0	0.3759472072124481	0.0	0.0	1.3536678552627563	0.40300971269607544	0.0	0.0	0.4681794047355652	1.3237345218658447	0.43305253982543945	0.0	1.2658755779266357	0.39612555503845215	0.2738674283027649	0.0	0.0	0.0	0.5138174295425415
1.235400676727295	0.4643663465976715	0.0	0.8276863694190979	0.0	0.0	2.5113179683685303	0.0	0.6716887354850769	0.0	0.0	0.0	0.3942059874534607	0.0	0.0	0.7521491050720215	0.34011703729629517	0.4957405924797058	0.6804670095443726	0.12823691964149475	0.5542591214179993	0.3569597601890564	0.0	0.490241676568985	1.3836379051208496	0.30032873153686523	0.0	0.0	0.0	0.3627305030822754	0.0	0.6744651794433594	0.0	0.0	0.0	0.8781846165657043	0.21706178784370422	0.7091564536094666	1.1823163032531738	0.7292527556419373	0.2677629292011261	0.612342119216919	1.299298644065857	0.0	0.0	0.0	0.3683643341064453	0.0	0.0	1.315969705581665	0.3628152012825012	0.0	0.0	0.4172283113002777	1.3803462982177734	0.4542875289916992	0.0	1.302900791168213	0.36894941329956055	0.2708778977394104	0.0	0.0	0.0	0.5087352991104126
1.2357492446899414	0.4500790536403656	0.0	0.8252248764038086	0.0	0.0	2.4927215576171875	0.0	0.703251302242279	0.0	0.0	0.0	0.4092961847782135	0.0	0.0	0.7756911516189575	0.3187696039676666	0.4791851043701172	0.709827721118927	0.10849934071302414	0.5313810706138611	0.37424415349960327	0.0	0.49742674827575684	1.3751163482666016	0.3242557942867279	0.0	0.0	0.0	0.39550837874412537	0.0	0.6719673275947571	0.0	0.0	0.0	0.853281557559967	0.3856791853904724	0.715628445148468	1.1616779565811157	0.7426427006721497	0.29433926939964294	0.6500824689865112	1.3237944841384888	0.0	0.0	0.0	0.37288427352905273	0.0	0.0	1.3616632223129272	0.3665059208869934	0.0	0.0	0.4346984028816223	1.3461686372756958	0.4730429947376251	0.0	1.2968896627426147	0.3863440752029419	0.2575675845146179	0.0	0.0	0.0	0.49175432324409485
1.2106326818466187	0.45229944586753845	0.0	0.878376841545105	0.0	0.0	2.538006544113159	0.0	0.6733083128929138	0.0	0.0	0.0	0.41061365604400635	0.0	0.0	0.7656975984573364	0.32557326555252075	0.4653192162513733	0.6918712258338928	0.12800443172454834	0.5212677717208862	0.3494643568992615	0.0	0.472823828458786	1.3768813610076904	0.3181385397911072	0.0	0.0	0.0	0.37507885694503784	0.0	0.6756124496459961	0.0	0.0	0.0	0.8779584169387817	0.1975204050540924	0.7677175402641296	1.1867728233337402	0.7039967775344849	0.3288940191268921	0.6649900674819946	1.2985163927078247	0.0	0.0	0.0	0.3367965519428253	0.0	0.0	1.356433391571045	0.3877318501472473	0.0	0.0	0.4271804094314575	1.3234189748764038	0.45052003860473633	0.0	1.2678675651550293	0.38025712966918945	0.2490302324295044	0.0	0.0	0.0	0.5420490503311157
1.2631475925445557	0.42776036262512207	0.0	0.9201478362083435	0.0	0.0	2.5031065940856934	0.0	0.721052348613739	0.0	0.0	0.0	0.43481165170669556	0.0	0.0	0.8431456685066223	0.3260943591594696	0.469363272190094	0.667195737361908	0.10132580250501633	0.611165463924408	0.35829800367355347	0.0	0.53550785779953	1.409744143486023	0.32561495900154114	0.0	0.0	0.0	0.36901339888572693	0.0	0.6459252238273621	0.0	0.0	0.0	0.8742251396179199	0.2445593774318695	0.7113059759140015	1.1894495487213135	0.6966292858123779	0.2700643241405487	0.6034014821052551	1.329361915588379	0.0	0.0	0.0	0.38921767473220825	0.0	0.0	1.4619314670562744	0.3660561740398407	0.0	0.0	0.39798980951309204	1.3534488677978516	0.486056923866272	0.0	1.3082351684570312	0.46312251687049866	0.29183414578437805	0.0	0.0	0.0	0.5016681551933289
1.238566279411316	0.47068876028060913	0.0	0.9618655443191528	0.0	0.0	2.498217821121216	0.0	0.7267251014709473	0.0	0.0	0.0	0.4862985908985138	0.0	0.0	0.8272641897201538	0.35372209548950195	0.4792112410068512	0.6950324773788452	0.1256905496120453	0.6367101669311523	0.37113386392593384	0.0	0.596596896648407	1.3869673013687134	0.3211749494075775	0.0	0.0	0.0	0.3688353896141052	0.0	0.6999399662017822	0.0	0.0	0.0	0.8653541207313538	0.4015531837940216	0.7645711302757263	1.1765518188476562	0.7002183198928833	0.2674427032470703	0.6310001611709595	1.2763389348983765	0.0	0.0	0.0	0.39860326051712036	0.0	0.0	1.4915975332260132	0.38639476895332336	0.0	0.0	0.48447737097740173	1.335179328918457	0.4508652687072754	0.0	1.2913029193878174	0.4765738546848297	0.32387885451316833	0.0	0.0	0.0	0.5578474998474121
1.2885829210281372	0.5098178386688232	0.0	0.9204663634300232	0.0	0.0	2.545240640640259	0.0	0.6758339405059814	0.0	0.0	0.0	0.4142971634864807	0.0	0.0	0.808774471282959	0.3389034867286682	0.49836164712905884	0.7079495787620544	0.14008328318595886	0.5509870052337646	0.35817813873291016	0.0	0.5861337780952454	1.4431450366973877	0.3525080382823944	0.0	0.0	0.0	0.38429003953933716	0.0	0.6555395722389221	0.0	0.0	0.0	0.8454552292823792	0.28091761469841003	0.7758880853652954	1.1959726810455322	0.7043285965919495	0.3067223131656647	0.6580024361610413	1.3427073955535889	0.0	0.0	0.0	0.39223065972328186	0.0	0.0	1.3182824850082397	0.49660855531692505	0.0	0.0	0.5406773090362549	1.369194507598877	0.47213202714920044	0.0	1.3006913661956787	0.45031675696372986	0.2853107452392578	0.0	0.0	0.0	0.5134749412536621
1.268752932548523	0.4942789673805237	0.0	0.860507607460022	0.0	0.0	2.494548797607422	0.0	0.6552203893661499	0.0	0.0	0.0	0.3595588803291321	0.0	0.0	0.7599713802337646	0.3259046971797943	0.5143697261810303	0.7266525030136108	0.1354217529296875	0.5390738248825073	0.3591174781322479	0.0	0.520068883895874	1.3835923671722412	0.37500184774398804	0.0	0.0	0.0	0.41330429911613464	0.0	0.7142817378044128	0.0	0.0	0.0	0.8522523641586304	0.2579653263092041	0.70819491147995	1.1890488862991333	0.6994772553443909	0.3479768633842468	0.6466138958930969	1.3170548677444458	0.0	0.0	0.0	0.35653120279312134	0.0	0.0	1.3479666709899902	0.38416916131973267	0.0	0.0	0.4616086483001709	1.3373769521713257	0.497823566198349	0.0	1.2815933227539062	0.39218196272850037	0.3289172649383545	0.0	0.0	0.0	0.5058664083480835
1.2841722965240479	0.4722210168838501	0.0	0.8863049149513245	0.0	0.0	2.5557258129119873	0.0	0.7043737173080444	0.0	0.0	0.0	0.4948141872882843	0.0	0.0	0.8693466186523438	0.37281954288482666	0.45296457409858704	0.6933640241622925	0.11164157837629318	0.6295590996742249	0.3478529453277588	0.0	0.5997485518455505	1.3997331857681274	0.3350115716457367	0.0	0.0	0.0	0.42001470923423767	0.0	0.6528208255767822	0.0	0.0	0.0	0.84392911195755	0.3037334680557251	0.7762819528579712	1.1964633464813232	0.6994315385818481	0.3634716272354126	0.6270616054534912	1.325194001197815	0.0	0.0	0.0	0.39643144607543945	0.0	0.0	1.3483011722564697	0.37792736291885376	0.0	0.0	0.4984094500541687	1.3206504583358765	0.4542329013347626	0.0	1.3140692710876465	0.48422306776046753	0.3431261479854584	0.0	0.0	0.0	0.5386499762535095
1.270934820175171	0.4920552372932434	0.0	0.8410526514053345	0.0	0.0	2.5420632362365723	0.0	0.6760072112083435	0.0	0.0	0.0	0.38864561915397644	0.0	0.0	0.7809738516807556	0.34780025482177734	0.4889192283153534	0.6919615268707275	0.1395520269870758	0.5532762408256531	0.3782384395599365	0.0	0.5055446028709412	1.4080144166946411	0.31514525413513184	0.0	0.0	0.0	0.3806440532207489	0.0	0.6733718514442444	0.0	0.0	0.0	0.8567491173744202	0.4185601472854614	0.7320893406867981	1.182665228843689	0.7088450193405151	0.2562316954135895	0.6960816383361816	1.3331269025802612	0.0	0.0	0.0	0.3898325562477112	0.0	0.0	1.3739084005355835	0.37084782123565674	0.0	0.0	0.44356828927993774	1.3595058917999268	0.47770223021507263	0.0	1.3052486181259155	0.42243513464927673	0.3011890649795532	0.0	0.0	0.0	0.5446892380714417
1.2508779764175415	0.4707709848880768	0.0	0.8912888765335083	0.0	0.0	2.5277318954467773	0.0	0.7036879658699036	0.0	0.0	0.0	0.42266955971717834	0.0	0.0	0.764556348323822	0.37060123682022095	0.46265095472335815	0.6639921069145203	0.12304066866636276	0.5950802564620972	0.34944549202919006	0.0	0.5248236060142517	1.3946009874343872	0.2950085997581482	0.0	0.0	0.0	0.38022372126579285	0.0	0.6427304148674011	0.0	0.0	0.0	0.8874340057373047	0.240616112947464	0.7181596755981445	1.1924957036972046	0.7027700543403625	0.254361629486084	0.654224693775177	1.2850614786148071	0.0	0.0	0.0	0.38078758120536804	0.0	0.0	1.4390783309936523	0.35618284344673157	0.0	0.0	0.41606467962265015	1.3499783277511597	0.47985804080963135	0.0	1.333680272102356	0.4613209068775177	0.27928346395492554	0.0	0.0	0.0	0.5062227249145508
1.2443499565124512	0.46981412172317505	0.0	0.8205687403678894	0.0	0.0	2.517094135284424	0.0	0.6928827166557312	0.0	0.0	0.0	0.40729188919067383	0.0	0.0	0.7808788418769836	0.3271339237689972	0.49243754148483276	0.7202476859092712	0.11559730023145676	0.5242602229118347	0.3869416415691376	0.0	0.5156391859054565	1.4161585569381714	0.3317708969116211	0.0	0.0	0.0	0.367620587348938	0.0	0.6828734278678894	0.0	0.0	0.0	0.8785514235496521	0.2174767255783081	0.691005527973175	1.17660653591156	0.7158167362213135	0.2598783075809479	0.6486562490463257	1.3473634719848633	0.0	0.0	0.0	0.33458957076072693	0.0	0.0	1.3801716566085815	0.3640565872192383	0.0	0.0	0.42887061834335327	1.3482290506362915	0.45834359526634216	0.0	1.3015031814575195	0.3824855387210846	0.28225862979888916	0.0	0.0	0.0	0.5081732273101807
1.2475775480270386	0.44707682728767395	0.0	0.9631384015083313	0.0	0.0	2.531467914581299	0.0	0.6730128526687622	0.0	0.0	0.0	0.4369942545890808	0.0	0.0	0.8072664737701416	0.3329508900642395	0.5182157754898071	0.6886168718338013	0.1433219015598297	0.6005685925483704	0.3660576641559601	0.0	0.5771746039390564	1.3810616731643677	0.36854320764541626	0.0	0.0	0.0	0.39389392733573914	0.0	0.6645064353942871	0.0	0.0	0.0	0.8456912636756897	0.27564892172813416	0.7527497410774231	1.1824119091033936	0.7091336846351624	0.2915169298648834	0.6402919888496399	1.2881852388381958	0.0	0.0	0.0	0.38905245065689087	0.0	0.0	1.4359807968139648	0.5033463835716248	0.0	0.0	0.4780009090900421	1.3348110914230347	0.46954402327537537	0.0	1.282395601272583	0.44919508695602417	0.2667783796787262	0.0	0.0	0.0	0.49480512738227844
1.2092645168304443	0.46781113743782043	0.0	0.8874921798706055	0.0	0.0	2.59503436088562	0.0	0.657490611076355	0.0	0.0	0.0	0.38674136996269226	0.0	0.0	0.7535267472267151	0.3047630786895752	0.5096517205238342	0.7163994312286377	0.12691205739974976	0.5228234529495239	0.40025609731674194	0.0	0.486225962638855	1.3752497434616089	0.34615978598594666	0.0	0.0	0.0	0.3814815580844879	0.0	0.6739152073860168	0.0	0.0	0.0	0.8919065594673157	0.39285600185394287	0.7391160726547241	1.1755772829055786	0.716854453086853	0.3344593346118927	0.6687483191490173	1.3436095714569092	0.0	0.0	0.0	0.35271063446998596	0.0	0.0	1.4330477714538574	0.36682990193367004	0.0	0.0	0.423916220664978	1.3640987873077393	0.48939022421836853	0.0	1.282828450202942	0.3948567509651184	0.27060675621032715	0.0	0.0	0.0	0.5026808381080627
1.2482799291610718	0.4676603376865387	0.0	0.9656738042831421	0.0	0.0	2.4913041591644287	0.0	0.6711835265159607	0.0	0.0	0.0	0.3874574601650238	0.0	0.0	0.7809737324714661	0.3356441855430603	0.5093039274215698	0.7034600973129272	0.1526477336883545	0.5511621236801147	0.377643346786499	0.0	0.6054997444152832	1.4062434434890747	0.3076753318309784	0.0	0.0	0.0	0.39859166741371155	0.0	0.7063169479370117	0.0	0.0	0.0	0.8633197546005249	0.2799404263496399	0.7865840792655945	1.1637823581695557	0.7210574150085449	0.26125746965408325	0.6633201837539673	1.3271899223327637	0.0	0.0	0.0	0.3777882754802704	0.0	0.0	1.334731101989746	0.38337063789367676	0.0	0.0	0.501675009727478	1.3311347961425781	0.4501376748085022	0.0	1.3064743280410767	0.40568965673446655	0.3166631758213043	0.0	0.0	0.0	0.5340672731399536
1.2075408697128296	0.47822752594947815	0.0	0.9478271007537842	0.0	0.0	2.5512843132019043	0.0	0.6676499247550964	0.0	0.0	0.0	0.38546034693717957	0.0	0.0	0.7522702217102051	0.337959349155426	0.4760565161705017	0.6920068264007568	0.15013262629508972	0.5419768691062927	0.36795875430107117	0.0	0.5996050238609314	1.3882417678833008	0.29958418011665344	0.0	0.0	0.0	0.39113011956214905	0.0	0.6723928451538086	0.0	0.0	0.0	0.8761453628540039	0.4105936884880066	0.7868208885192871	1.1700226068496704	0.7197964787483215	0.283328652381897	0.60985267162323	1.28526771068573	0.0	0.0	0.0	0.35413858294487	0.0	0.0	1.3224270343780518	0.3713201582431793	0.0	0.0	0.5165677666664124	1.3668655157089233	0.4522755742073059	0.0	1.309195637702942	0.3644286096096039	0.25021791458129883	0.0	0.0	0.0	0.5086488127708435
1.2283543348312378	0.44737768173217773	0.0	0.8227857947349548	0.0	0.0	2.5083940029144287	0.0	0.6723341941833496	0.0	0.0	0.0	0.3856821358203888	0.0	0.0	0.7447972297668457	0.3143303692340851	0.4697396457195282	0.6763421893119812	0.12803585827350616	0.5738370418548584	0.35036325454711914	0.0	0.49123454093933105	1.3954367637634277	0.3145129382610321	0.0	0.0	0.0	0.3736898601055145	0.0	0.6804123520851135	0.0	0.0	0.0	0.8591348528862	0.3884541988372803	0.6894016861915588	1.176721453666687	0.7032288312911987	0.27326369285583496	0.6342417597770691	1.3095173835754395	0.0	0.0	0.0	0.36797091364860535	0.0	0.0	1.3611215353012085	0.39180096983909607	0.0	0.0	0.4222126305103302	1.3347959518432617	0.4518142640590668	0.0	1.3009999990463257	0.3854476511478424	0.2703823447227478	0.0	0.0	0.0	0.5438953638076782
1.2082692384719849	0.4609939754009247	0.0	0.8238362073898315	0.0	0.0	2.470858335494995	0.0	0.6676139235496521	0.0	0.0	0.0	0.3959929049015045	0.0	0.0	0.7821747064590454	0.3605305254459381	0.4689335525035858	0.6926839351654053	0.10845369100570679	0.5327426791191101	0.3539516031742096	0.0	0.4943127930164337	1.3752552270889282	0.3108886778354645	0.0	0.0	0.0	0.38659465312957764	0.0	0.654261589050293	0.0	0.0	0.0	0.8681021332740784	0.20133861899375916	0.7165544033050537	1.1756800413131714	0.7090800404548645	0.2781062424182892	0.6257725358009338	1.292966365814209	0.0	0.0	0.0	0.35852542519569397	0.0	0.0	1.3299317359924316	0.4654710292816162	0.0	0.0	0.39731019735336304	1.3171517848968506	0.46045929193496704	0.0	1.2866922616958618	0.4110824167728424	0.2688789963722229	0.0	0.0	0.0	0.5475698709487915
1.2918140888214111	0.4618958830833435	0.0	0.8438239097595215	0.0	0.0	2.5486018657684326	0.0	0.7208040952682495	0.0	0.0	0.0	0.4230426549911499	0.0	0.0	0.825096845626831	0.359456330537796	0.49811413884162903	0.667363166809082	0.11924738436937332	0.5973824262619019	0.3993980884552002	0.0	0.5282889604568481	1.3986550569534302	0.38078513741493225	0.0	0.0	0.0	0.3767779767513275	0.0	0.6659297943115234	0.0	0.0	0.0	0.8849139213562012	0.23849135637283325	0.7263170480728149	1.1665148735046387	0.7113364338874817	0.2920215129852295	0.6208195090293884	1.3190454244613647	0.0	0.0	0.0	0.38595297932624817	0.0	0.0	1.4508112668991089	0.38049912452697754	0.0	0.0	0.4375441372394562	1.3820862770080566	0.5268191695213318	0.0	1.3516925573349	0.46727171540260315	0.2954094707965851	0.0	0.0	0.0	0.5329300165176392
1.2814885377883911	0.4946218430995941	0.0	0.8775716423988342	0.0	0.0	2.5675711631774902	0.0	0.6635918021202087	0.0	0.0	0.0	0.3882007598876953	0.0	0.0	0.7734224796295166	0.3416970372200012	0.5212495923042297	0.6881587505340576	0.1055462509393692	0.5459956526756287	0.3887185752391815	0.0	0.52133709192276	1.4211184978485107	0.3603370487689972	0.0	0.0	0.0	0.38167354464530945	0.0	0.6577349901199341	0.0	0.0	0.0	0.9035400152206421	0.40403881669044495	0.6985949277877808	1.221190094947815	0.7141393423080444	0.3286897540092468	0.6591209769248962	1.2958983182907104	0.0	0.0	0.0	0.36209845542907715	0.0	0.0	1.387679934501648	0.3729133605957031	0.0	0.0	0.487433522939682	1.3660218715667725	0.4869496822357178	0.0	1.2702748775482178	0.4376281797885895	0.2544403076171875	0.0	0.0	0.0	0.5145450830459595
1.2184501886367798	0.4934130609035492	0.0	0.9491097927093506	0.0	0.0	2.53979754447937	0.0	0.6908994317054749	0.0	0.0	0.0	0.3680347800254822	0.0	0.0	0.7514132857322693	0.32440394163131714	0.4942673146724701	0.6794296503067017	0.14790581166744232	0.5287957787513733	0.36813563108444214	0.0	0.5927761793136597	1.3708970546722412	0.2928782105445862	0.0	0.0	0.0	0.40930765867233276	0.0	0.676927924156189	0.0	0.0	0.0	0.8579699993133545	0.2992388606071472	0.7743251919746399	1.1662819385528564	0.7102771401405334	0.26034051179885864	0.6554833650588989	1.3256332874298096	0.0	0.0	0.0	0.3612157106399536	0.0	0.0	1.332599401473999	0.37265586853027344	0.0	0.0	0.4998231828212738	1.3234306573867798	0.4886344075202942	0.0	1.3264273405075073	0.37602025270462036	0.27431145310401917	0.0	0.0	0.0	0.5363615155220032
1.2405580282211304	0.463584303855896	0.0	0.8618379831314087	0.0	0.0	2.4707062244415283	0.0	0.6784069538116455	0.0	0.0	0.0	0.37694182991981506	0.0	0.0	0.78873211145401	0.31751543283462524	0.5053470134735107	0.6990904808044434	0.11731350421905518	0.5355103611946106	0.40225571393966675	0.0	0.49191707372665405	1.4150660037994385	0.3112621009349823	0.0	0.0	0.0	0.39571893215179443	0.0	0.7005807757377625	0.0	0.0	0.0	0.8534949421882629	0.22245541214942932	0.7129542827606201	1.1884807348251343	0.7205535769462585	0.27401354908943176	0.6531909704208374	1.3481316566467285	0.0	0.0	0.0	0.4098878502845764	0.0	0.0	1.3486357927322388	0.39836883544921875	0.0	0.0	0.42027750611305237	1.384756088256836	0.5159744024276733	0.0	1.303052306175232	0.42241692543029785	0.3194108009338379	0.0	0.0	0.0	0.5254693627357483
1.2573798894882202	0.4683692455291748	0.0	0.8248853087425232	0.0	0.0	2.5450315475463867	0.0	0.6452206373214722	0.0	0.0	0.0	0.42903944849967957	0.0	0.0	0.7629216313362122	0.3357810080051422	0.494353711605072	0.6705110669136047	0.1274743676185608	0.5234108567237854	0.39288145303726196	0.0	0.5434335470199585	1.4118714332580566	0.29735761880874634	0.0	0.0	0.0	0.39908596873283386	0.0	0.6566565036773682	0.0	0.0	0.0	0.9364435076713562	0.395805299282074	0.7325811386108398	1.1707347631454468	0.7048633098602295	0.2781318128108978	0.6635186076164246	1.3005493879318237	0.0	0.0	0.0	0.3711370527744293	0.0	0.0	1.4177148342132568	0.42216911911964417	0.0	0.0	0.4289062023162842	1.3517968654632568	0.4129101037979126	0.0	1.3048111200332642	0.36428722739219666	0.2842286229133606	0.0	0.0	0.0	0.49967899918556213
1.208141803741455	0.42439424991607666	0.0	0.8079530000686646	0.0	0.0	2.4936764240264893	0.0	0.6890432834625244	0.0	0.0	0.0	0.3805463910102844	0.0	0.0	0.7476364374160767	0.3361912965774536	0.499146431684494	0.7129696607589722	0.15701806545257568	0.5231699347496033	0.36450672149658203	0.0	0.4794590473175049	1.4164849519729614	0.3081606328487396	0.0	0.0	0.0	0.3833179175853729	0.0	0.7120802998542786	0.0	0.0	0.0	0.8847969174385071	0.23003435134887695	0.7140427827835083	1.1843763589859009	0.7464379668235779	0.2525591254234314	0.6426525712013245	1.2887452840805054	0.0	0.0	0.0	0.3573017120361328	0.0	0.0	1.364641785621643	0.4749201238155365	0.0	0.0	0.4153326153755188	1.3325464725494385	0.4763212502002716	0.0	1.2688078880310059	0.3929668962955475	0.3209666311740875	0.0	0.0	0.0	0.5237868428230286
1.2069190740585327	0.42351624369621277	0.0	0.9268587231636047	0.0	0.0	2.5058255195617676	0.0	0.7078300714492798	0.0	0.0	0.0	0.40236973762512207	0.0	0.0	0.8823426961898804	0.31526070833206177	0.4436017870903015	0.6529648303985596	0.12470866739749908	0.6118013858795166	0.3361329138278961	0.0	0.5605354309082031	1.4526093006134033	0.3069181740283966	0.0	0.0	0.0	0.3792242705821991	0.0	0.6516587138175964	0.0	0.0	0.0	0.8330702781677246	0.3891686201095581	0.6780417561531067	1.1596531867980957	0.6928578019142151	0.27899426221847534	0.6074163913726807	1.2736104726791382	0.0	0.0	0.0	0.3902253806591034	0.0	0.0	1.5134387016296387	0.4208061099052429	0.0	0.0	0.39756226539611816	1.3646162748336792	0.44724342226982117	0.0	1.3124003410339355	0.4979318082332611	0.2744511663913727	0.0	0.0	0.0	0.5023694634437561
1.2303404808044434	0.44610902667045593	0.0	0.906046450138092	0.0	0.0	2.500210762023926	0.0	0.6926770210266113	0.0	0.0	0.0	0.4177734851837158	0.0	0.0	0.8308625817298889	0.34500616788864136	0.46480846405029297	0.6780449748039246	0.15809622406959534	0.6231934428215027	0.38705578446388245	0.0	0.5474334955215454	1.3951977491378784	0.3085687458515167	0.0	0.0	0.0	0.3811993896961212	0.0	0.6413049101829529	0.0	0.0	0.0	0.8536503911018372	0.2235066443681717	0.7189013361930847	1.1742864847183228	0.7169437408447266	0.23995570838451385	0.6268563270568848	1.3025617599487305	0.0	0.0	0.0	0.400765597820282	0.0	0.0	1.4450101852416992	0.4001871943473816	0.0	0.0	0.4061124622821808	1.3359715938568115	0.4648802876472473	0.0	1.288254737854004	0.4609718918800354	0.28039538860321045	0.0	0.0	0.0	0.5032177567481995
1.2204543352127075	0.4241347908973694	0.0	0.8198444247245789	0.0	0.0	2.4347517490386963	0.0	0.6472855806350708	0.0	0.0	0.0	0.3772832155227661	0.0	0.0	0.7674791812896729	0.3146997392177582	0.4661683738231659	0.683013379573822	0.12140099704265594	0.5195235013961792	0.3843400478363037	0.0	0.4763434827327728	1.360642671585083	0.2906781733036041	0.0	0.0	0.0	0.4023899435997009	0.0	0.6468865871429443	0.0	0.0	0.0	0.8531389236450195	0.23015323281288147	0.7071083188056946	1.1809837818145752	0.7021616101264954	0.24436639249324799	0.6470087766647339	1.3040056228637695	0.0	0.0	0.0	0.40121886134147644	0.0	0.0	1.3397883176803589	0.3646693229675293	0.0	0.0	0.4120832085609436	1.3162702322006226	0.45585405826568604	0.0	1.2641534805297852	0.3659387230873108	0.2837948799133301	0.0	0.0	0.0	0.4953441917896271
1.2444745302200317	0.47715088725090027	0.0	0.8804401755332947	0.0	0.0	2.51137375831604	0.0	0.7228712439537048	0.0	0.0	0.0	0.43567192554473877	0.0	0.0	0.7729154825210571	0.3639639914035797	0.497923880815506	0.706394374370575	0.12713322043418884	0.5649711489677429	0.3865271806716919	0.0	0.524442195892334	1.4139013290405273	0.3405907154083252	0.0	0.0	0.0	0.43438291549682617	0.0	0.6989291906356812	0.0	0.0	0.0	0.8898062705993652	0.2145424634218216	0.7095369100570679	1.1901726722717285	0.7297886610031128	0.26963740587234497	0.6536164283752441	1.3630324602127075	0.0	0.0	0.0	0.3778844475746155	0.0	0.0	1.3879674673080444	0.39558181166648865	0.0	0.0	0.4428705871105194	1.4113415479660034	0.48459097743034363	0.0	1.3298157453536987	0.40225228667259216	0.314663290977478	0.0	0.0	0.0	0.5391298532485962
1.2319626808166504	0.4478541910648346	0.0	0.8519023656845093	0.0	0.0	2.541015863418579	0.0	0.6794672012329102	0.0	0.0	0.0	0.39009058475494385	0.0	0.0	0.7920458912849426	0.3312424123287201	0.45596107840538025	0.6724613904953003	0.11697869002819061	0.5371795296669006	0.3920154869556427	0.0	0.5109131932258606	1.3560206890106201	0.2928667664527893	0.0	0.0	0.0	0.3965412974357605	0.0	0.6413742899894714	0.0	0.0	0.0	0.8452225923538208	0.21388493478298187	0.7533947825431824	1.1730631589889526	0.710928738117218	0.28193992376327515	0.6190935969352722	1.3267712593078613	0.0	0.0	0.0	0.3593278229236603	0.0	0.0	1.3409712314605713	0.37597522139549255	0.0	0.0	0.41764187812805176	1.3221553564071655	0.4654584228992462	0.0	1.2885557413101196	0.38103872537612915	0.2829311192035675	0.0	0.0	0.0	0.5120567083358765
1.222059965133667	0.46398064494132996	0.0	0.9785314798355103	0.0	0.0	2.5434670448303223	0.0	0.690346360206604	0.0	0.0	0.0	0.4249871075153351	0.0	0.0	0.7710463404655457	0.3548646867275238	0.4695168733596802	0.7324078679084778	0.14149153232574463	0.5440375208854675	0.40857550501823425	0.0	0.5887814164161682	1.3678261041641235	0.3575880229473114	0.0	0.0	0.0	0.39317139983177185	0.0	0.6673826575279236	0.0	0.0	0.0	0.9148956537246704	0.23630642890930176	0.7560427188873291	1.149566411972046	0.7228524684906006	0.3322621285915375	0.6980302333831787	1.3462252616882324	0.0	0.0	0.0	0.35542383790016174	0.0	0.0	1.3915587663650513	0.4262329339981079	0.0	0.0	0.4594227969646454	1.330497145652771	0.4886181354522705	0.0	1.3094393014907837	0.3829733729362488	0.321854829788208	0.0	0.0	0.0	0.5188462734222412
1.2498916387557983	0.4396975040435791	0.0	0.8511286973953247	0.0	0.0	2.513678550720215	0.0	0.6839064359664917	0.0	0.0	0.0	0.395332932472229	0.0	0.0	0.7674700021743774	0.3187694847583771	0.5125521421432495	0.6926769614219666	0.1035386174917221	0.577795147895813	0.3848394453525543	0.0	0.5219424366950989	1.3729623556137085	0.3105120062828064	0.0	0.0	0.0	0.39302393794059753	0.0	0.6549434661865234	0.0	0.0	0.0	0.8647315502166748	0.23466473817825317	0.7138973474502563	1.1729764938354492	0.6945553421974182	0.26666373014450073	0.6492939591407776	1.3063430786132812	0.0	0.0	0.0	0.35776546597480774	0.0	0.0	1.3829313516616821	0.4122624695301056	0.0	0.0	0.4289263188838959	1.3546086549758911	0.45596665143966675	0.0	1.3389387130737305	0.3751015067100525	0.29411861300468445	0.0	0.0	0.0	0.5153201222419739
1.1941558122634888	0.4492957293987274	0.0	0.8411549925804138	0.0	0.0	2.49857234954834	0.0	0.6784462332725525	0.0	0.0	0.0	0.3863711953163147	0.0	0.0	0.7669965624809265	0.33199453353881836	0.4634722173213959	0.6810330152511597	0.1193980872631073	0.538684070110321	0.3779587745666504	0.0	0.4853608012199402	1.3691471815109253	0.29815760254859924	0.0	0.0	0.0	0.39641425013542175	0.0	0.6768672466278076	0.0	0.0	0.0	0.8772262334823608	0.22578129172325134	0.7236698269844055	1.153271198272705	0.7026673555374146	0.2552544176578522	0.618207573890686	1.3235701322555542	0.0	0.0	0.0	0.35666677355766296	0.0	0.0	1.332488775253296	0.3629625737667084	0.0	0.0	0.4599279463291168	1.341533899307251	0.4423733651638031	0.0	1.2777551412582397	0.3894721567630768	0.26244306564331055	0.0	0.0	0.0	0.4946030378341675
1.2233229875564575	0.48801949620246887	0.0	0.8234215378761292	0.0	0.0	2.493285894393921	0.0	0.6507663726806641	0.0	0.0	0.0	0.38303858041763306	0.0	0.0	0.7701750993728638	0.3458418548107147	0.5398001670837402	0.708464503288269	0.12505285441875458	0.5320420265197754	0.3964516520500183	0.0	0.5063732266426086	1.4003316164016724	0.3119019567966461	0.0	0.0	0.0	0.41407257318496704	0.0	0.6975099444389343	0.0	0.0	0.0	0.8580612540245056	0.24793609976768494	0.6897572875022888	1.1743470430374146	0.702091634273529	0.2847478687763214	0.6300404071807861	1.3028141260147095	0.0	0.0	0.0	0.35842365026474	0.0	0.0	1.3615206480026245	0.38633546233177185	0.0	0.0	0.460906445980072	1.3321654796600342	0.46810418367385864	0.0	1.278334617614746	0.38165420293807983	0.31814512610435486	0.0	0.0	0.0	0.5085465908050537
1.216235637664795	0.4829319715499878	0.0	0.8186104893684387	0.0	0.0	2.487225294113159	0.0	0.6807680130004883	0.0	0.0	0.0	0.37263593077659607	0.0	0.0	0.7399744987487793	0.3351219594478607	0.4654079079627991	0.6600812673568726	0.12795233726501465	0.5371124148368835	0.37026768922805786	0.0	0.5071484446525574	1.3632296323776245	0.31691840291023254	0.0	0.0	0.0	0.3861102759838104	0.0	0.705479085445404	0.0	0.0	0.0	0.8633941411972046	0.21240316331386566	0.7014338970184326	1.1730726957321167	0.6934323310852051	0.2744942903518677	0.6412532925605774	1.337429404258728	0.0	0.0	0.0	0.3459077477455139	0.0	0.0	1.307871699333191	0.3494980037212372	0.0	0.0	0.4638117253780365	1.3632302284240723	0.45371901988983154	0.0	1.2756738662719727	0.3864578306674957	0.2727193832397461	0.0	0.0	0.0	0.5111222863197327
1.2388701438903809	0.4582796096801758	0.0	0.8506110906600952	0.0	0.0	2.518444299697876	0.0	0.6881739497184753	0.0	0.0	0.0	0.38283875584602356	0.0	0.0	0.7765552401542664	0.33411866426467896	0.4638017416000366	0.6832020282745361	0.11452246457338333	0.5416555404663086	0.38364577293395996	0.0	0.4888201951980591	1.3847182989120483	0.31186458468437195	0.0	0.0	0.0	0.4181225299835205	0.0	0.6831405758857727	0.0	0.0	0.0	0.8655995726585388	0.21387901902198792	0.7218701839447021	1.1649155616760254	0.706946611404419	0.27076172828674316	0.6216517686843872	1.3047913312911987	0.0	0.0	0.0	0.3722459077835083	0.0	0.0	1.351704716682434	0.3604181706905365	0.0	0.0	0.4503015875816345	1.3258213996887207	0.4645999073982239	0.0	1.3012821674346924	0.3685796856880188	0.252949982881546	0.0	0.0	0.0	0.5005136728286743
1.2326825857162476	0.46259865164756775	0.0	0.8204514980316162	0.0	0.0	2.4718871116638184	0.0	0.6530659794807434	0.0	0.0	0.0	0.364865779876709	0.0	0.0	0.766126811504364	0.3398416042327881	0.45278656482696533	0.6727766394615173	0.11760934442281723	0.5428933501243591	0.3824252486228943	0.0	0.4776643216609955	1.3987706899642944	0.30535590648651123	0.0	0.0	0.0	0.39017415046691895	0.0	0.655940055847168	0.0	0.0	0.0	0.8603244423866272	0.21827585995197296	0.6956254839897156	1.1739698648452759	0.7278011441230774	0.25787779688835144	0.6481465697288513	1.3011852502822876	0.0	0.0	0.0	0.35787302255630493	0.0	0.0	1.342957854270935	0.3672356605529785	0.0	0.0	0.4175880253314972	1.3250584602355957	0.43592897057533264	0.0	1.2997983694076538	0.3821905851364136	0.2922416925430298	0.0	0.0	0.0	0.558055579662323
1.2199597358703613	0.4694422781467438	0.0	0.8430323600769043	0.0	0.0	2.618051767349243	0.0	0.6678346395492554	0.0	0.0	0.0	0.4070031940937042	0.0	0.0	0.7658343315124512	0.3973619043827057	0.49826711416244507	0.6898869276046753	0.12137460708618164	0.5344632863998413	0.3708018362522125	0.0	0.5022977590560913	1.3868011236190796	0.2977198660373688	0.0	0.0	0.0	0.38176414370536804	0.0	0.6640396118164062	0.0	0.0	0.0	0.8791041374206543	0.2458236813545227	0.6843291521072388	1.1787831783294678	0.6944592595100403	0.2898223102092743	0.6314290761947632	1.3379120826721191	0.0	0.0	0.0	0.3537449538707733	0.0	0.0	1.354373574256897	0.47037774324417114	0.0	0.0	0.4672692120075226	1.344344973564148	0.4355156123638153	0.0	1.3064299821853638	0.3916715383529663	0.2946202754974365	0.0	0.0	0.0	0.5573529005050659
1.2184287309646606	0.4395875334739685	0.0	0.8433197140693665	0.0	0.0	2.445866823196411	0.0	0.6672564148902893	0.0	0.0	0.0	0.39632755517959595	0.0	0.0	0.768904447555542	0.3251650035381317	0.4816182553768158	0.6621995568275452	0.12471748143434525	0.5181231498718262	0.3644970655441284	0.0	0.4785211980342865	1.3713918924331665	0.2984836995601654	0.0	0.0	0.0	0.3814469873905182	0.0	0.6606349349021912	0.0	0.0	0.0	0.842117965221405	0.40145212411880493	0.6921389102935791	1.1777715682983398	0.6842482686042786	0.24853743612766266	0.6210959553718567	1.2828218936920166	0.0	0.0	0.0	0.38756099343299866	0.0	0.0	1.3419270515441895	0.47071582078933716	0.0	0.0	0.43828192353248596	1.3339210748672485	0.47525882720947266	0.0	1.2744369506835938	0.3954640328884125	0.3019922375679016	0.0	0.0	0.0	0.49559664726257324
1.2312088012695312	0.4807625412940979	0.0	0.9179813861846924	0.0	0.0	2.5626704692840576	0.0	0.6588107347488403	0.0	0.0	0.0	0.36401131749153137	0.0	0.0	0.7814401388168335	0.326858252286911	0.5247364044189453	0.6884121894836426	0.12583710253238678	0.5145231485366821	0.364798903465271	0.0	0.4728577435016632	1.3625307083129883	0.3951190114021301	0.0	0.0	0.0	0.3987377882003784	0.0	0.6721249222755432	0.0	0.0	0.0	0.8599738478660583	0.3904188275337219	0.686307430267334	1.203823447227478	0.7096454501152039	0.2960522174835205	0.6218328475952148	1.3436893224716187	0.0	0.0	0.0	0.32792922854423523	0.0	0.0	1.4178396463394165	0.3787846267223358	0.0	0.0	0.46064960956573486	1.354759931564331	0.4631335437297821	0.0	1.2790635824203491	0.4362031817436218	0.2575509548187256	0.0	0.0	0.0	0.5239565968513489
1.2222754955291748	0.4781361222267151	0.0	0.8868772983551025	0.0	0.0	2.4640514850616455	0.0	0.6921756267547607	0.0	0.0	0.0	0.3972160816192627	0.0	0.0	0.8261670470237732	0.31229719519615173	0.46936067938804626	0.6780910491943359	0.11681541800498962	0.5587285757064819	0.36438700556755066	0.0	0.4782291054725647	1.3832573890686035	0.32231518626213074	0.0	0.0	0.0	0.38997477293014526	0.0	0.6639177203178406	0.0	0.0	0.0	0.8512271046638489	0.23523017764091492	0.7347646355628967	1.1840744018554688	0.7005102038383484	0.2790795564651489	0.6315230131149292	1.3203482627868652	0.0	0.0	0.0	0.3469298183917999	0.0	0.0	1.3757916688919067	0.3951224088668823	0.0	0.0	0.47551628947257996	1.3455649614334106	0.4654122591018677	0.0	1.290287733078003	0.3818938434123993	0.29062730073928833	0.0	0.0	0.0	0.5258216261863708
1.281753420829773	0.46602192521095276	0.0	0.8251320123672485	0.0	0.0	2.4770381450653076	0.0	0.6579828858375549	0.0	0.0	0.0	0.3762986660003662	0.0	0.0	0.7621435523033142	0.33050841093063354	0.48411279916763306	0.6692385077476501	0.11645593494176865	0.5395877361297607	0.3704366087913513	0.0	0.4770793616771698	1.377521276473999	0.2996072769165039	0.0	0.0	0.0	0.38201841711997986	0.0	0.680772066116333	0.0	0.0	0.0	0.8467951416969299	0.3907632827758789	0.681435763835907	1.1798609495162964	0.7237756252288818	0.25119972229003906	0.6379809379577637	1.26864492893219	0.0	0.0	0.0	0.35529419779777527	0.0	0.0	1.3239738941192627	0.4824650287628174	0.0	0.0	0.4318999648094177	1.3330199718475342	0.45123496651649475	0.0	1.2808358669281006	0.37445029616355896	0.26361748576164246	0.0	0.0	0.0	0.5054510831832886
1.2358092069625854	0.4388323426246643	0.0	0.8419579863548279	0.0	0.0	2.459968328475952	0.0	0.7031403183937073	0.0	0.0	0.0	0.3707626760005951	0.0	0.0	0.7486598491668701	0.34382686018943787	0.47106215357780457	0.7099948525428772	0.12161371111869812	0.5221465826034546	0.36800169944763184	0.0	0.4652350842952728	1.3865212202072144	0.33135169744491577	0.0	0.0	0.0	0.37499916553497314	0.0	0.6649028658866882	0.0	0.0	0.0	0.8538200855255127	0.18993984162807465	0.6891890168190002	1.1724313497543335	0.7110382914543152	0.30362945795059204	0.6255100965499878	1.3524935245513916	0.0	0.0	0.0	0.3339497745037079	0.0	0.0	1.330742359161377	0.35499098896980286	0.0	0.0	0.44222256541252136	1.3517768383026123	0.4760570824146271	0.0	1.2700693607330322	0.37349894642829895	0.2619779407978058	0.0	0.0	0.0	0.5098574161529541
1.2472156286239624	0.4761216342449188	0.0	0.8296188116073608	0.0	0.0	2.6267688274383545	0.0	0.6458890438079834	0.0	0.0	0.0	0.4114546477794647	0.0	0.0	0.8003278970718384	0.3509838283061981	0.4932500123977661	0.6748148202896118	0.13425268232822418	0.5859047770500183	0.3667769134044647	0.0	0.48698893189430237	1.4584077596664429	0.3262067437171936	0.0	0.0	0.0	0.40355196595191956	0.0	0.6639773845672607	0.0	0.0	0.0	0.9187381267547607	0.23883876204490662	0.7327668070793152	1.1826441287994385	0.7156549096107483	0.2595815360546112	0.6526169776916504	1.3208141326904297	0.0	0.0	0.0	0.3875710070133209	0.0	0.0	1.4441434144973755	0.40225890278816223	0.0	0.0	0.4352518916130066	1.3257118463516235	0.5151914954185486	0.0	1.3029757738113403	0.4212603271007538	0.31382790207862854	0.0	0.0	0.0	0.5004432797431946
1.207934856414795	0.452184796333313	0.0	0.9301393628120422	0.0	0.0	2.4993984699249268	0.0	0.6682425737380981	0.0	0.0	0.0	0.3707748055458069	0.0	0.0	0.7671116590499878	0.3427889943122864	0.4828925132751465	0.7025706171989441	0.13029253482818604	0.5428626537322998	0.37519869208335876	0.0	0.5822428464889526	1.3957618474960327	0.2995333969593048	0.0	0.0	0.0	0.4167104661464691	0.0	0.6895082592964172	0.0	0.0	0.0	0.8450424671173096	0.27376675605773926	0.7641918659210205	1.1691418886184692	0.7028234004974365	0.2712346613407135	0.6410608887672424	1.3283988237380981	0.0	0.0	0.0	0.3696500360965729	0.0	0.0	1.322808027267456	0.37160444259643555	0.0	0.0	0.4882504940032959	1.3223512172698975	0.45991164445877075	0.0	1.283442497253418	0.39083898067474365	0.3042192757129669	0.0	0.0	0.0	0.49754443764686584
1.230934977531433	0.4600663185119629	0.0	0.8274621963500977	0.0	0.0	2.5153207778930664	0.0	0.6566242575645447	0.0	0.0	0.0	0.3724692463874817	0.0	0.0	0.781202495098114	0.31633204221725464	0.4888942837715149	0.6942583322525024	0.12168175727128983	0.5288822650909424	0.36348965764045715	0.0	0.4901818037033081	1.4303045272827148	0.3070586025714874	0.0	0.0	0.0	0.3689078390598297	0.0	0.6651179790496826	0.0	0.0	0.0	0.8636748194694519	0.2095784842967987	0.7212257385253906	1.1953849792480469	0.719987154006958	0.2611749768257141	0.6381404995918274	1.3220305442810059	0.0	0.0	0.0	0.36429888010025024	0.0	0.0	1.386997938156128	0.38238969445228577	0.0	0.0	0.43242138624191284	1.3514676094055176	0.4664650559425354	0.0	1.298808217048645	0.3721403181552887	0.2621009051799774	0.0	0.0	0.0	0.5062463879585266
1.2511638402938843	0.4535798132419586	0.0	0.9221676588058472	0.0	0.0	2.4925308227539062	0.0	0.7059358358383179	0.0	0.0	0.0	0.43372371792793274	0.0	0.0	0.8206205368041992	0.3402165472507477	0.47044163942337036	0.6786418557167053	0.11598123610019684	0.6026979684829712	0.3818674683570862	0.0	0.5357337594032288	1.3998699188232422	0.3224515914916992	0.0	0.0	0.0	0.3822060823440552	0.0	0.6623029708862305	0.0	0.0	0.0	0.8590173721313477	0.24660223722457886	0.6955422163009644	1.1686201095581055	0.7236672043800354	0.29564958810806274	0.6330086588859558	1.2890887260437012	0.0	0.0	0.0	0.3693467080593109	0.0	0.0	1.423424243927002	0.3978603184223175	0.0	0.0	0.4569139778614044	1.3387116193771362	0.48531484603881836	0.0	1.3417267799377441	0.44870197772979736	0.28251901268959045	0.0	0.0	0.0	0.4950867295265198
1.2866933345794678	0.4477883279323578	0.0	0.8637544512748718	0.0	0.0	2.516974449157715	0.0	0.6675466895103455	0.0	0.0	0.0	0.4202238619327545	0.0	0.0	0.7721071243286133	0.315354585647583	0.4982447326183319	0.7269319891929626	0.11771458387374878	0.5600317716598511	0.38152480125427246	0.0	0.47798091173171997	1.3729361295700073	0.32083916664123535	0.0	0.0	0.0	0.394721657037735	0.0	0.7035090923309326	0.0	0.0	0.0	0.892133355140686	0.23622627556324005	0.6691204905509949	1.1651220321655273	0.7483534216880798	0.2566687762737274	0.6362220644950867	1.3255832195281982	0.0	0.0	0.0	0.3837740421295166	0.0	0.0	1.3776379823684692	0.4744016230106354	0.0	0.0	0.4224682152271271	1.348625659942627	0.4652821123600006	0.0	1.31089448928833	0.39496633410453796	0.3322444558143616	0.0	0.0	0.0	0.5139393210411072
1.2238414287567139	0.4505809247493744	0.0	0.8318778276443481	0.0	0.0	2.489896774291992	0.0	0.6586915850639343	0.0	0.0	0.0	0.36987221240997314	0.0	0.0	0.7836540341377258	0.3556467890739441	0.46837618947029114	0.6655892729759216	0.1275208294391632	0.5320810079574585	0.36582133173942566	0.0	0.48469188809394836	1.3798885345458984	0.28311261534690857	0.0	0.0	0.0	0.3755231201648712	0.0	0.6560760736465454	0.0	0.0	0.0	0.8711506724357605	0.39028674364089966	0.6998252868652344	1.1959093809127808	0.7070767283439636	0.2536259889602661	0.6378665566444397	1.3400077819824219	0.0	0.0	0.0	0.36909669637680054	0.0	0.0	1.3677833080291748	0.38670679926872253	0.0	0.0	0.41406962275505066	1.3217426538467407	0.45116570591926575	0.0	1.2674330472946167	0.3904367685317993	0.2897390127182007	0.0	0.0	0.0	0.5183177590370178
1.2235422134399414	0.45735976099967957	0.0	0.8934921026229858	0.0	0.0	2.5701324939727783	0.0	0.6868129372596741	0.0	0.0	0.0	0.4151952862739563	0.0	0.0	0.8195427656173706	0.3244958817958832	0.4995671212673187	0.6815475821495056	0.1457534283399582	0.6009281277656555	0.3486701250076294	0.0	0.6317458748817444	1.3671143054962158	0.3524586856365204	0.0	0.0	0.0	0.37331897020339966	0.0	0.6600609421730042	0.0	0.0	0.0	0.8608415126800537	0.27081021666526794	0.8061764240264893	1.1697971820831299	0.718180775642395	0.30597198009490967	0.6732622981071472	1.2802413702011108	0.0	0.0	0.0	0.33798545598983765	0.0	0.0	1.4037669897079468	0.36715561151504517	0.0	0.0	0.5084396004676819	1.3260469436645508	0.4675799012184143	0.0	1.2690001726150513	0.45582401752471924	0.27282217144966125	0.0	0.0	0.0	0.5021828413009644
1.2283742427825928	0.49899211525917053	0.0	0.819938600063324	0.0	0.0	2.451838254928589	0.0	0.6590124368667603	0.0	0.0	0.0	0.3649502396583557	0.0	0.0	0.7656663656234741	0.3838028609752655	0.5011153817176819	0.6986598968505859	0.11076293885707855	0.5728175044059753	0.3918238580226898	0.0	0.4848178029060364	1.3744618892669678	0.32568490505218506	0.0	0.0	0.0	0.4042682349681854	0.0	0.7370320558547974	0.0	0.0	0.0	0.8493509292602539	0.3968880772590637	0.6990954875946045	1.179854393005371	0.7125716805458069	0.2695690095424652	0.6455368399620056	1.3288143873214722	0.0	0.0	0.0	0.38623639941215515	0.0	0.0	1.3187623023986816	0.4948517680168152	0.0	0.0	0.4454346299171448	1.3341588973999023	0.5554090738296509	0.0	1.314197301864624	0.3895856738090515	0.3109080493450165	0.0	0.0	0.0	0.48676517605781555
1.2366695404052734	0.46589329838752747	0.0	0.9127813577651978	0.0	0.0	2.525505304336548	0.0	0.709147036075592	0.0	0.0	0.0	0.43351420760154724	0.0	0.0	0.7675982117652893	0.3236849904060364	0.45530638098716736	0.6844027042388916	0.09769590944051743	0.6062579154968262	0.35496148467063904	0.0	0.5276091694831848	1.3896113634109497	0.30147868394851685	0.0	0.0	0.0	0.37340840697288513	0.0	0.6607129573822021	0.0	0.0	0.0	0.8476096391677856	0.23339763283729553	0.6900412440299988	1.2028578519821167	0.715010404586792	0.2516646683216095	0.619978129863739	1.3127321004867554	0.0	0.0	0.0	0.37896034121513367	0.0	0.0	1.4362519979476929	0.36796581745147705	0.0	0.0	0.4075879156589508	1.3553285598754883	0.4579472541809082	0.0	1.285420536994934	0.44489043951034546	0.28800109028816223	0.0	0.0	0.0	0.5122724771499634
1.2074466943740845	0.44432780146598816	0.0	0.8152480125427246	0.0	0.0	2.5048954486846924	0.0	0.6765336394309998	0.0	0.0	0.0	0.3640882968902588	0.0	0.0	0.7591643929481506	0.3051998019218445	0.4680783450603485	0.6820272207260132	0.14132742583751678	0.5144439935684204	0.34749582409858704	0.0	0.47319406270980835	1.3837378025054932	0.3095337748527527	0.0	0.0	0.0	0.3628896474838257	0.0	0.6480321288108826	0.0	0.0	0.0	0.8285316824913025	0.23427189886569977	0.6902069449424744	1.179465651512146	0.7041853070259094	0.2484009861946106	0.630939781665802	1.292258620262146	0.0	0.0	0.0	0.35383516550064087	0.0	0.0	1.3488306999206543	0.3885215222835541	0.0	0.0	0.41466599702835083	1.300658941268921	0.44873303174972534	0.0	1.254390001296997	0.38327187299728394	0.26334208250045776	0.0	0.0	0.0	0.5142759084701538
1.2513089179992676	0.47326603531837463	0.0	0.9384176731109619	0.0	0.0	2.5119597911834717	0.0	0.686440110206604	0.0	0.0	0.0	0.3950684666633606	0.0	0.0	0.8811610341072083	0.32670843601226807	0.4957295060157776	0.6757543683052063	0.13442188501358032	0.6148327589035034	0.3664605915546417	0.0	0.5795230269432068	1.38601553440094	0.35701027512550354	0.0	0.0	0.0	0.3870728015899658	0.0	0.6651250123977661	0.0	0.0	0.0	0.8687989115715027	0.38864490389823914	0.7196958661079407	1.1645711660385132	0.7111572027206421	0.30472949147224426	0.6342416405677795	1.2737582921981812	0.0	0.0	0.0	0.38997960090637207	0.0	0.0	1.3705575466156006	0.36027881503105164	0.0	0.0	0.4236578047275543	1.3693424463272095	0.44996750354766846	0.0	1.3142518997192383	0.46932491660118103	0.3214513659477234	0.0	0.0	0.0	0.5045462846755981
1.2379775047302246	0.4755497872829437	0.0	0.8297420144081116	0.0	0.0	2.4829115867614746	0.0	0.6769295930862427	0.0	0.0	0.0	0.3653949797153473	0.0	0.0	0.7722387313842773	0.31082624197006226	0.49205535650253296	0.6724086403846741	0.12918566167354584	0.5208147168159485	0.3575049936771393	0.0	0.4929924011230469	1.378785490989685	0.3122186064720154	0.0	0.0	0.0	0.37812063097953796	0.0	0.6802137494087219	0.0	0.0	0.0	0.8375925421714783	0.21832571923732758	0.6895772218704224	1.173409342765808	0.7110249996185303	0.27516594529151917	0.6213023066520691	1.3357484340667725	0.0	0.0	0.0	0.39153677225112915	0.0	0.0	1.3657464981079102	0.4786217510700226	0.0	0.0	0.42456698417663574	1.3372397422790527	0.44464242458343506	0.0	1.2868211269378662	0.3859284222126007	0.2584756910800934	0.0	0.0	0.0	0.5005325078964233
1.2259777784347534	0.49331849813461304	0.0	0.8276310563087463	0.0	0.0	2.5575385093688965	0.0	0.6795473098754883	0.0	0.0	0.0	0.417256623506546	0.0	0.0	0.7817826271057129	0.332069993019104	0.4620591402053833	0.6706153154373169	0.15428175032138824	0.5506755709648132	0.37752747535705566	0.0	0.5098809599876404	1.3944659233093262	0.32748883962631226	0.0	0.0	0.0	0.3983236849308014	0.0	0.7120901942253113	0.0	0.0	0.0	0.9260337948799133	0.22460360825061798	0.7133240103721619	1.2071233987808228	0.7324470281600952	0.2858752906322479	0.6488070487976074	1.3350441455841064	0.0	0.0	0.0	0.3559548258781433	0.0	0.0	1.3560701608657837	0.39096584916114807	0.0	0.0	0.4491783678531647	1.3663376569747925	0.4623079299926758	0.0	1.3539777994155884	0.38639774918556213	0.26891806721687317	0.0	0.0	0.0	0.5375331044197083
1.2609624862670898	0.4921385943889618	0.0	0.8854663968086243	0.0	0.0	2.5172736644744873	0.0	0.6607654094696045	0.0	0.0	0.0	0.3918783366680145	0.0	0.0	0.7733582258224487	0.3368178606033325	0.5175949335098267	0.6744874715805054	0.1205444186925888	0.5269894599914551	0.39256036281585693	0.0	0.47516584396362305	1.399309515953064	0.37325114011764526	0.0	0.0	0.0	0.41915473341941833	0.0	0.6665485501289368	0.0	0.0	0.0	0.8758245706558228	0.3902375102043152	0.7098168134689331	1.174780011177063	0.7128319144248962	0.3238651156425476	0.6715015769004822	1.2885475158691406	0.0	0.0	0.0	0.3631756007671356	0.0	0.0	1.3346891403198242	0.36939308047294617	0.0	0.0	0.4591984152793884	1.3412271738052368	0.4357171654701233	0.0	1.3013497591018677	0.40462687611579895	0.2590806186199188	0.0	0.0	0.0	0.5279064774513245
1.2451398372650146	0.4615568220615387	0.0	0.8153640031814575	0.0	0.0	2.5298044681549072	0.0	0.7120290398597717	0.0	0.0	0.0	0.4027383327484131	0.0	0.0	0.8136452436447144	0.36124593019485474	0.4777030646800995	0.7147335410118103	0.12341585010290146	0.5807679295539856	0.39395958185195923	0.0	0.5121882557868958	1.3801519870758057	0.33236753940582275	0.0	0.0	0.0	0.39121660590171814	0.0	0.6763625741004944	0.0	0.0	0.0	0.8804015517234802	0.2307746261358261	0.7037816047668457	1.2084587812423706	0.7423878908157349	0.27077651023864746	0.6522501707077026	1.286108374595642	0.0	0.0	0.0	0.3753238022327423	0.0	0.0	1.4040840864181519	0.41514191031455994	0.0	0.0	0.4380340576171875	1.3109272718429565	0.4706471264362335	0.0	1.3045886754989624	0.40134087204933167	0.29148098826408386	0.0	0.0	0.0	0.5241742730140686
1.2105286121368408	0.4702449142932892	0.0	0.8449414372444153	0.0	0.0	2.4551289081573486	0.0	0.6657115817070007	0.0	0.0	0.0	0.3843355178833008	0.0	0.0	0.7663271427154541	0.38877856731414795	0.4589817523956299	0.6686556935310364	0.1281772404909134	0.5494655966758728	0.3546558618545532	0.0	0.4789445102214813	1.3710449934005737	0.33281806111335754	0.0	0.0	0.0	0.3801746070384979	0.0	0.6588308215141296	0.0	0.0	0.0	0.8426408767700195	0.2007681429386139	0.692554771900177	1.1736090183258057	0.7253720760345459	0.2501939535140991	0.6439961194992065	1.3627804517745972	0.0	0.0	0.0	0.352483868598938	0.0	0.0	1.3271921873092651	0.47977498173713684	0.0	0.0	0.4154813289642334	1.390822410583496	0.497252881526947	0.0	1.2647713422775269	0.36297792196273804	0.2697262167930603	0.0	0.0	0.0	0.5163164734840393
1.2340537309646606	0.45012366771698	0.0	0.833572506904602	0.0	0.0	2.510526418685913	0.0	0.6550169587135315	0.0	0.0	0.0	0.41446852684020996	0.0	0.0	0.8010355830192566	0.31375423073768616	0.457622766494751	0.6871805787086487	0.15930265188217163	0.5450321435928345	0.3657698631286621	0.0	0.5242088437080383	1.4185123443603516	0.28901171684265137	0.0	0.0	0.0	0.37488576769828796	0.0	0.6595620512962341	0.0	0.0	0.0	0.9137159585952759	0.3882482051849365	0.7105763554573059	1.1970893144607544	0.7182217836380005	0.2781699597835541	0.6667999625205994	1.3178507089614868	0.0	0.0	0.0	0.36779263615608215	0.0	0.0	1.3783807754516602	0.41109150648117065	0.0	0.0	0.42453867197036743	1.3315192461013794	0.48720863461494446	0.0	1.3273861408233643	0.409895122051239	0.295436292886734	0.0	0.0	0.0	0.5130581855773926
1.2471039295196533	0.4287596642971039	0.0	0.907248318195343	0.0	0.0	2.486281394958496	0.0	0.6953378915786743	0.0	0.0	0.0	0.43169543147087097	0.0	0.0	0.8129003047943115	0.32334262132644653	0.450956791639328	0.6661338806152344	0.122003935277462	0.6000539064407349	0.3764370083808899	0.0	0.5158669948577881	1.4102996587753296	0.31572139263153076	0.0	0.0	0.0	0.3589286208152771	0.0	0.6392199993133545	0.0	0.0	0.0	0.8421701788902283	0.4374633729457855	0.6903113126754761	1.2190182209014893	0.7018089890480042	0.2384989857673645	0.6490189433097839	1.3208954334259033	0.0	0.0	0.0	0.364487886428833	0.0	0.0	1.420925498008728	0.38408684730529785	0.0	0.0	0.4086419641971588	1.3584532737731934	0.45269688963890076	0.0	1.3016554117202759	0.4547361731529236	0.2758084833621979	0.0	0.0	0.0	0.5258473753929138
1.232412576675415	0.44372740387916565	0.0	0.895973801612854	0.0	0.0	2.538583755493164	0.0	0.6987985968589783	0.0	0.0	0.0	0.40938764810562134	0.0	0.0	0.814868688583374	0.34954848885536194	0.47912245988845825	0.6859753131866455	0.1320112943649292	0.6026982069015503	0.37043192982673645	0.0	0.5164191722869873	1.4101595878601074	0.3169345557689667	0.0	0.0	0.0	0.40305447578430176	0.0	0.6894068121910095	0.0	0.0	0.0	0.8740830421447754	0.37917640805244446	0.7394306063652039	1.1928826570510864	0.7303804755210876	0.26528286933898926	0.6670129299163818	1.304063081741333	0.0	0.0	0.0	0.3727923035621643	0.0	0.0	1.4493632316589355	0.3556384742259979	0.0	0.0	0.43821126222610474	1.356099247932434	0.4530128538608551	0.0	1.2846378087997437	0.4511379599571228	0.2881714403629303	0.0	0.0	0.0	0.5302881598472595
1.2427688837051392	0.4643479883670807	0.0	0.8452051281929016	0.0	0.0	2.5173752307891846	0.0	0.6908680200576782	0.0	0.0	0.0	0.3668624758720398	0.0	0.0	0.7953013777732849	0.3201063573360443	0.4691848158836365	0.6801621913909912	0.11244820058345795	0.5351182818412781	0.3822419345378876	0.0	0.4992105960845947	1.3837814331054688	0.32334989309310913	0.0	0.0	0.0	0.39091259241104126	0.0	0.6705784201622009	0.0	0.0	0.0	0.8451271653175354	0.22686484456062317	0.7235618233680725	1.1789360046386719	0.6994286179542542	0.26458436250686646	0.620274543762207	1.3330310583114624	0.0	0.0	0.0	0.3541663587093353	0.0	0.0	1.3396910429000854	0.4043104350566864	0.0	0.0	0.4483914375305176	1.3262251615524292	0.46586358547210693	0.0	1.2943395376205444	0.3830503821372986	0.2430305927991867	0.0	0.0	0.0	0.5002323389053345
1.2140986919403076	0.4499549865722656	0.0	0.84540194272995	0.0	0.0	2.581105947494507	0.0	0.6772003769874573	0.0	0.0	0.0	0.38833388686180115	0.0	0.0	0.7969271540641785	0.3299703598022461	0.5039306879043579	0.6949778199195862	0.12234821170568466	0.5516672730445862	0.3709191083908081	0.0	0.48972392082214355	1.3829916715621948	0.35672733187675476	0.0	0.0	0.0	0.37152373790740967	0.0	0.6555595993995667	0.0	0.0	0.0	0.895004153251648	0.22135671973228455	0.7132585644721985	1.1686909198760986	0.6969327330589294	0.30246615409851074	0.6345432996749878	1.298727035522461	0.0	0.0	0.0	0.35124075412750244	0.0	0.0	1.342868685722351	0.36132165789604187	0.0	0.0	0.42344051599502563	1.3355423212051392	0.4590821862220764	0.0	1.3143103122711182	0.4006546139717102	0.2758176028728485	0.0	0.0	0.0	0.5382373929023743
1.2155542373657227	0.45266005396842957	0.0	0.8265687823295593	0.0	0.0	2.530315399169922	0.0	0.6905319094657898	0.0	0.0	0.0	0.3859618902206421	0.0	0.0	0.7601590156555176	0.37792471051216125	0.46722978353500366	0.701560914516449	0.14145715534687042	0.5394236445426941	0.3565252423286438	0.0	0.48651817440986633	1.3543612957000732	0.29984912276268005	0.0	0.0	0.0	0.37468022108078003	0.0	0.6685022711753845	0.0	0.0	0.0	0.8666673302650452	0.21900926530361176	0.7111197113990784	1.169427752494812	0.7158437967300415	0.3280326724052429	0.6202880144119263	1.290109634399414	0.0	0.0	0.0	0.3495515286922455	0.0	0.0	1.3191337585449219	0.3754177987575531	0.0	0.0	0.4397927224636078	1.3430469036102295	0.43646132946014404	0.0	1.2720723152160645	0.36615511775016785	0.2766682207584381	0.0	0.0	0.0	0.506413996219635
1.215585708618164	0.4660373032093048	0.0	0.9375731348991394	0.0	0.0	2.4646761417388916	0.0	0.689405620098114	0.0	0.0	0.0	0.394671231508255	0.0	0.0	0.8921809792518616	0.32759788632392883	0.4873964190483093	0.7110883593559265	0.1463899165391922	0.571665346622467	0.3737383484840393	0.0	0.5795783400535583	1.4129173755645752	0.31572502851486206	0.0	0.0	0.0	0.3727879822254181	0.0	0.6617206931114197	0.0	0.0	0.0	0.8831447958946228	0.2429046779870987	0.6994162797927856	1.193188190460205	0.7003431916236877	0.2861827313899994	0.664802610874176	1.3255205154418945	0.0	0.0	0.0	0.44387301802635193	0.0	0.0	1.3750638961791992	0.4216553866863251	0.0	0.0	0.4246746003627777	1.3440018892288208	0.4621501564979553	0.0	1.2914094924926758	0.5235862135887146	0.2724895775318146	0.0	0.0	0.0	0.5422748327255249
1.212129831314087	0.48922955989837646	0.0	0.8677870631217957	0.0	0.0	2.497684955596924	0.0	0.6618393659591675	0.0	0.0	0.0	0.3613111972808838	0.0	0.0	0.7756960391998291	0.31312355399131775	0.5387678146362305	0.7350583672523499	0.1365894228219986	0.519481360912323	0.38811367750167847	0.0	0.49232175946235657	1.3672171831130981	0.3547289967536926	0.0	0.0	0.0	0.3671824336051941	0.0	0.7177409529685974	0.0	0.0	0.0	0.865634024143219	0.2297355979681015	0.7083241939544678	1.1593177318572998	0.7334998846054077	0.26767218112945557	0.6164076328277588	1.281140923500061	0.0	0.0	0.0	0.3449835479259491	0.0	0.0	1.3532752990722656	0.3862975537776947	0.0	0.0	0.4273127019405365	1.3113497495651245	0.5099552273750305	0.0	1.3097025156021118	0.40561050176620483	0.3189585506916046	0.0	0.0	0.0	0.5084596276283264
1.212702989578247	0.45479488372802734	0.0	0.7896227240562439	0.0	0.0	2.503563165664673	0.0	0.7057852149009705	0.0	0.0	0.0	0.4276200234889984	0.0	0.0	0.7605714201927185	0.31593725085258484	0.4745728671550751	0.6878209114074707	0.139186292886734	0.5615206956863403	0.3788526952266693	0.0	0.5159440636634827	1.4104007482528687	0.3051072061061859	0.0	0.0	0.0	0.3631303608417511	0.0	0.715927004814148	0.0	0.0	0.0	0.9254994988441467	0.3992632031440735	0.6778041124343872	1.1937376260757446	0.7114375233650208	0.2725710868835449	0.6363338232040405	1.3032400608062744	0.0	0.0	0.0	0.3660413920879364	0.0	0.0	1.3712623119354248	0.38885796070098877	0.0	0.0	0.43019935488700867	1.3383547067642212	0.4434722065925598	0.0	1.3264691829681396	0.3949111998081207	0.3162778317928314	0.0	0.0	0.0	0.5221659541130066
1.2171317338943481	0.4819374084472656	0.0	0.8363745212554932	0.0	0.0	2.5591602325439453	0.0	0.6844882369041443	0.0	0.0	0.0	0.37130972743034363	0.0	0.0	0.7810468077659607	0.31139305233955383	0.4700269401073456	0.6835142374038696	0.10503280907869339	0.5628687143325806	0.3993343710899353	0.0	0.48910465836524963	1.3746134042739868	0.31974345445632935	0.0	0.0	0.0	0.4140484929084778	0.0	0.6660621762275696	0.0	0.0	0.0	0.8826919198036194	0.4415518641471863	0.6892701983451843	1.180673599243164	0.7096452116966248	0.2582266628742218	0.6389685273170471	1.399664282798767	0.0	0.0	0.0	0.3631134629249573	0.0	0.0	1.337320327758789	0.3617604672908783	0.0	0.0	0.4982796013355255	1.3208558559417725	0.4607282876968384	0.0	1.3097940683364868	0.3620433211326599	0.26853492856025696	0.0	0.0	0.0	0.49128103256225586
1.2215052843093872	0.45248180627822876	0.0	0.8192382454872131	0.0	0.0	2.469637393951416	0.0	0.6554214358329773	0.0	0.0	0.0	0.4088991582393646	0.0	0.0	0.7686218619346619	0.30624207854270935	0.465267151594162	0.7165318727493286	0.11782743036746979	0.5278729200363159	0.36928635835647583	0.0	0.48810410499572754	1.390130639076233	0.3045503795146942	0.0	0.0	0.0	0.38516131043434143	0.0	0.6784699559211731	0.0	0.0	0.0	0.8465269804000854	0.23740416765213013	0.6952303051948547	1.180660605430603	0.7183921933174133	0.2624252140522003	0.6629084348678589	1.3161680698394775	0.0	0.0	0.0	0.3468206822872162	0.0	0.0	1.327007532119751	0.36275455355644226	0.0	0.0	0.48021200299263	1.3140212297439575	0.43845003843307495	0.0	1.2877377271652222	0.38220739364624023	0.26185137033462524	0.0	0.0	0.0	0.49817055463790894
1.2152776718139648	0.4766133427619934	0.0	0.8436802625656128	0.0	0.0	2.5067994594573975	0.0	0.666175127029419	0.0	0.0	0.0	0.3664191961288452	0.0	0.0	0.7855918407440186	0.3187747895717621	0.5187878012657166	0.6922102570533752	0.11874373257160187	0.526215672492981	0.3837489187717438	0.0	0.5031870007514954	1.3810583353042603	0.3591206967830658	0.0	0.0	0.0	0.37288013100624084	0.0	0.6862147450447083	0.0	0.0	0.0	0.8642848134040833	0.21698038280010223	0.7187539339065552	1.18678617477417	0.707208514213562	0.31830716133117676	0.6220048069953918	1.3201733827590942	0.0	0.0	0.0	0.33038797974586487	0.0	0.0	1.3683586120605469	0.3780022859573364	0.0	0.0	0.43095651268959045	1.343315601348877	0.4892902076244354	0.0	1.2888476848602295	0.42078065872192383	0.3072313070297241	0.0	0.0	0.0	0.4893900156021118
1.2733200788497925	0.45156607031822205	0.0	0.8420271277427673	0.0	0.0	2.492919445037842	0.0	0.6674165725708008	0.0	0.0	0.0	0.436612069606781	0.0	0.0	0.7746732831001282	0.31643661856651306	0.5156383514404297	0.6938884258270264	0.11000187695026398	0.5276569724082947	0.36007094383239746	0.0	0.49731093645095825	1.3664443492889404	0.3585137128829956	0.0	0.0	0.0	0.386238157749176	0.0	0.6655888557434082	0.0	0.0	0.0	0.8744248747825623	0.22941546142101288	0.7057899832725525	1.1650075912475586	0.699910044670105	0.2942505478858948	0.6162539720535278	1.2930216789245605	0.0	0.0	0.0	0.35830867290496826	0.0	0.0	1.4042633771896362	0.3947781026363373	0.0	0.0	0.4223269820213318	1.3182371854782104	0.44407182931900024	0.0	1.282526969909668	0.3998660445213318	0.2717454731464386	0.0	0.0	0.0	0.4979776442050934
1.2279326915740967	0.4851119816303253	0.0	0.8338813781738281	0.0	0.0	2.485260486602783	0.0	0.6964787244796753	0.0	0.0	0.0	0.35069629549980164	0.0	0.0	0.7515442371368408	0.2985268533229828	0.4556901454925537	0.6558094620704651	0.11786864697933197	0.5118048787117004	0.3681623637676239	0.0	0.4857499301433563	1.3468798398971558	0.32945019006729126	0.0	0.0	0.0	0.3640172779560089	0.0	0.6489863395690918	0.0	0.0	0.0	0.8716539144515991	0.20212148129940033	0.7166685461997986	1.1657994985580444	0.7019563913345337	0.29372093081474304	0.622759997844696	1.375754952430725	0.0	0.0	0.0	0.35202929377555847	0.0	0.0	1.329555869102478	0.4812183380126953	0.0	0.0	0.4718760550022125	1.3607374429702759	0.47891369462013245	0.0	1.2545185089111328	0.3797700107097626	0.24753573536872864	0.0	0.0	0.0	0.4958360195159912
1.2482250928878784	0.4585579037666321	0.0	0.9623544812202454	0.0	0.0	2.6191437244415283	0.0	0.6888303756713867	0.0	0.0	0.0	0.44382280111312866	0.0	0.0	0.8306881189346313	0.3265545666217804	0.5193328857421875	0.6969367861747742	0.14051231741905212	0.5248826146125793	0.3576701283454895	0.0	0.48111119866371155	1.3862624168395996	0.36986851692199707	0.0	0.0	0.0	0.3838891088962555	0.0	0.6681714057922363	0.0	0.0	0.0	0.8434468507766724	0.21434274315834045	0.7108590006828308	1.1788886785507202	0.7132416367530823	0.2962851822376251	0.6364163160324097	1.3005599975585938	0.0	0.0	0.0	0.37028011679649353	0.0	0.0	1.4548882246017456	0.3945918381214142	0.0	0.0	0.4210360646247864	1.3595987558364868	0.4648204743862152	0.0	1.3081386089324951	0.5364320278167725	0.2907026410102844	0.0	0.0	0.0	0.5065976977348328
1.2090493440628052	0.43724745512008667	0.0	0.8800460696220398	0.0	0.0	2.5468952655792236	0.0	0.6952040791511536	0.0	0.0	0.0	0.4105163514614105	0.0	0.0	0.796542763710022	0.31495383381843567	0.5002626180648804	0.7124355435371399	0.13272280991077423	0.5404338836669922	0.37966904044151306	0.0	0.4950605034828186	1.4274277687072754	0.3253995478153229	0.0	0.0	0.0	0.36934271454811096	0.0	0.6589640974998474	0.0	0.0	0.0	0.8913871645927429	0.26191842555999756	0.7490121722221375	1.168647289276123	0.753852367401123	0.2783397138118744	0.6342108249664307	1.3049166202545166	0.0	0.0	0.0	0.3386775851249695	0.0	0.0	1.4148797988891602	0.4832257926464081	0.0	0.0	0.4645771384239197	1.3123762607574463	0.45650050044059753	0.0	1.3455917835235596	0.401580810546875	0.2559812664985657	0.0	0.0	0.0	0.5126482844352722
1.232793927192688	0.47839605808258057	0.0	0.8660906553268433	0.0	0.0	2.4637322425842285	0.0	0.6669265031814575	0.0	0.0	0.0	0.3819653391838074	0.0	0.0	0.7933507561683655	0.3129572868347168	0.4684979319572449	0.6907148957252502	0.1225336492061615	0.5477480292320251	0.368394672870636	0.0	0.4821850657463074	1.3857110738754272	0.33243390917778015	0.0	0.0	0.0	0.37701189517974854	0.0	0.6871829032897949	0.0	0.0	0.0	0.8632044196128845	0.3834865093231201	0.6860929727554321	1.1723968982696533	0.70208740234375	0.2659933269023895	0.6368111968040466	1.3226500749588013	0.0	0.0	0.0	0.36188167333602905	0.0	0.0	1.365638256072998	0.38324466347694397	0.0	0.0	0.4515364170074463	1.3250303268432617	0.4524083435535431	0.0	1.3063710927963257	0.3922743499279022	0.28466370701789856	0.0	0.0	0.0	0.5060067176818848
1.2016600370407104	0.45277848839759827	0.0	0.8573057055473328	0.0	0.0	2.4819793701171875	0.0	0.6565352082252502	0.0	0.0	0.0	0.3903968036174774	0.0	0.0	0.7763797044754028	0.31907305121421814	0.47165966033935547	0.6715589165687561	0.1303626298904419	0.5375244617462158	0.3572671413421631	0.0	0.482215017080307	1.377172589302063	0.3064858615398407	0.0	0.0	0.0	0.39537692070007324	0.0	0.6813269853591919	0.0	0.0	0.0	0.8566046357154846	0.21092908084392548	0.6920104622840881	1.1792320013046265	0.7083562016487122	0.2665325701236725	0.6439968347549438	1.3224366903305054	0.0	0.0	0.0	0.36328673362731934	0.0	0.0	1.386075735092163	0.35842862725257874	0.0	0.0	0.4497879147529602	1.3518372774124146	0.46308794617652893	0.0	1.2785571813583374	0.4122926592826843	0.28693732619285583	0.0	0.0	0.0	0.5613438487052917
1.2224459648132324	0.45177993178367615	0.0	0.8471701145172119	0.0	0.0	2.4748926162719727	0.0	0.6656946539878845	0.0	0.0	0.0	0.3824024796485901	0.0	0.0	0.769008457660675	0.32567036151885986	0.45424047112464905	0.644828736782074	0.13024230301380157	0.5640025734901428	0.3874083161354065	0.0	0.4972899258136749	1.3746614456176758	0.3150654137134552	0.0	0.0	0.0	0.3747802674770355	0.0	0.6642452478408813	0.0	0.0	0.0	0.8655717968940735	0.20277492702007294	0.698265790939331	1.1572682857513428	0.7098309993743896	0.2533726990222931	0.6140407919883728	1.294542908668518	0.0	0.0	0.0	0.3510822355747223	0.0	0.0	1.353556752204895	0.35818567872047424	0.0	0.0	0.40718698501586914	1.3331595659255981	0.4432674050331116	0.0	1.2774511575698853	0.37866446375846863	0.3008733093738556	0.0	0.0	0.0	0.49037671089172363
1.2129713296890259	0.4624694883823395	0.0	0.8644893765449524	0.0	0.0	2.4795572757720947	0.0	0.6689244508743286	0.0	0.0	0.0	0.3921303451061249	0.0	0.0	0.789207398891449	0.3390738070011139	0.48089858889579773	0.6649484634399414	0.13530373573303223	0.5579677820205688	0.38378044962882996	0.0	0.486427366733551	1.356026530265808	0.3199808597564697	0.0	0.0	0.0	0.3789631128311157	0.0	0.6649991869926453	0.0	0.0	0.0	0.8747649192810059	0.2355278581380844	0.7434419989585876	1.1761775016784668	0.7239284515380859	0.2702089548110962	0.6431376934051514	1.3233426809310913	0.0	0.0	0.0	0.37701407074928284	0.0	0.0	1.3591773509979248	0.3514765799045563	0.0	0.0	0.4306139051914215	1.3626405000686646	0.47252681851387024	0.0	1.2688367366790771	0.3994434177875519	0.27874743938446045	0.0	0.0	0.0	0.537566065788269
1.2133961915969849	0.46319326758384705	0.0	0.8329092860221863	0.0	0.0	2.5512170791625977	0.0	0.6800028681755066	0.0	0.0	0.0	0.3676871955394745	0.0	0.0	0.7478622794151306	0.3300764262676239	0.5134405493736267	0.6743174195289612	0.12409213185310364	0.5590097308158875	0.387577623128891	0.0	0.4780718684196472	1.3807419538497925	0.3392200469970703	0.0	0.0	0.0	0.3876093327999115	0.0	0.7017938494682312	0.0	0.0	0.0	0.8655235767364502	0.24942414462566376	0.7009910941123962	1.1904984712600708	0.7027783393859863	0.28443095088005066	0.6272473335266113	1.3531113862991333	0.0	0.0	0.0	0.32610341906547546	0.0	0.0	1.3302119970321655	0.3648128807544708	0.0	0.0	0.44731488823890686	1.3383634090423584	0.4778611660003662	0.0	1.282531976699829	0.37715479731559753	0.30116158723831177	0.0	0.0	0.0	0.510925829410553
1.1994038820266724	0.4603794813156128	0.0	0.8471788167953491	0.0	0.0	2.5552995204925537	0.0	0.6850268840789795	0.0	0.0	0.0	0.41214725375175476	0.0	0.0	0.7835274338722229	0.35927674174308777	0.49192747473716736	0.6931605935096741	0.12170503288507462	0.5625315308570862	0.3715880513191223	0.0	0.5011174082756042	1.370904803276062	0.35128387808799744	0.0	0.0	0.0	0.3923492431640625	0.0	0.6725798845291138	0.0	0.0	0.0	0.8553644418716431	0.19783258438110352	0.7269064784049988	1.167337417602539	0.7068815231323242	0.3124326169490814	0.649518609046936	1.3075381517410278	0.0	0.0	0.0	0.3756359815597534	0.0	0.0	1.3430794477462769	0.37491193413734436	0.0	0.0	0.44788509607315063	1.3360252380371094	0.4620382487773895	0.0	1.3348525762557983	0.4204743504524231	0.2866377532482147	0.0	0.0	0.0	0.5136466026306152
1.2679126262664795	0.44751450419425964	0.0	1.1022546291351318	0.0	0.0	2.462219715118408	0.0	0.7287272214889526	0.0	0.0	0.0	0.4708908498287201	0.0	0.0	0.8478571176528931	0.33659663796424866	0.4416532814502716	0.6814307570457458	0.13025493919849396	0.6213088035583496	0.3613101541996002	0.0	0.6840343475341797	1.4023399353027344	0.3246184289455414	0.0	0.0	0.0	0.3582870662212372	0.0	0.6424185037612915	0.0	0.0	0.0	0.8433992266654968	0.367085337638855	0.7007901072502136	1.1707600355148315	0.716120719909668	0.24515584111213684	0.658833920955658	1.2794142961502075	0.0	0.0	0.0	0.3912709355354309	0.0	0.0	1.466025948524475	0.3570098280906677	0.0	0.0	0.47680556774139404	1.3314850330352783	0.43498682975769043	0.0	1.2865089178085327	0.4576925039291382	0.29788482189178467	0.0	0.0	0.0	0.5049450397491455
1.195058822631836	0.4792751669883728	0.0	0.8012396097183228	0.0	0.0	2.4656782150268555	0.0	0.6715166568756104	0.0	0.0	0.0	0.38164424896240234	0.0	0.0	0.7444618344306946	0.3314785361289978	0.4786292016506195	0.7398516535758972	0.112613245844841	0.5289015769958496	0.36510828137397766	0.0	0.4628731906414032	1.3737432956695557	0.3235092759132385	0.0	0.0	0.0	0.3872511684894562	0.0	0.7064417004585266	0.0	0.0	0.0	0.8933485150337219	0.2341853678226471	0.7082902789115906	1.1699286699295044	0.7347405552864075	0.29844626784324646	0.6242353320121765	1.285871982574463	0.0	0.0	0.0	0.3395805060863495	0.0	0.0	1.3178181648254395	0.3588201403617859	0.0	0.0	0.4157031178474426	1.3347913026809692	0.44571173191070557	0.0	1.2754439115524292	0.41558966040611267	0.34924980998039246	0.0	0.0	0.0	0.5506463050842285
1.211559534072876	0.4707668721675873	0.0	0.8552555441856384	0.0	0.0	2.5195727348327637	0.0	0.6915148496627808	0.0	0.0	0.0	0.3864477574825287	0.0	0.0	0.7623586654663086	0.32048386335372925	0.47183144092559814	0.680972695350647	0.10873199254274368	0.545550525188446	0.3562832176685333	0.0	0.498585045337677	1.3897353410720825	0.3308449685573578	0.0	0.0	0.0	0.383674293756485	0.0	0.6582900285720825	0.0	0.0	0.0	0.8912944197654724	0.20470747351646423	0.7105646729469299	1.1915137767791748	0.7095934748649597	0.2728935778141022	0.6516985297203064	1.3384283781051636	0.0	0.0	0.0	0.3731464743614197	0.0	0.0	1.3600707054138184	0.3750016689300537	0.0	0.0	0.42755118012428284	1.3608943223953247	0.4588339626789093	0.0	1.3257100582122803	0.3698360323905945	0.261700302362442	0.0	0.0	0.0	0.48987966775894165
1.2154070138931274	0.4479745924472809	0.0	0.8133630752563477	0.0	0.0	2.549471139907837	0.0	0.6686092615127563	0.0	0.0	0.0	0.3692261576652527	0.0	0.0	0.7683184146881104	0.31330060958862305	0.4646162986755371	0.6939035058021545	0.11279678344726562	0.5663366317749023	0.36516645550727844	0.0	0.4975135028362274	1.3951627016067505	0.29375511407852173	0.0	0.0	0.0	0.3810153901576996	0.0	0.6616949439048767	0.0	0.0	0.0	0.8481140732765198	0.22160883247852325	0.6933076977729797	1.1873763799667358	0.7173405289649963	0.2520352005958557	0.612348198890686	1.3378221988677979	0.0	0.0	0.0	0.38333117961883545	0.0	0.0	1.3584884405136108	0.3590230345726013	0.0	0.0	0.44073817133903503	1.328995704650879	0.45038485527038574	0.0	1.3121827840805054	0.37127020955085754	0.2609858512878418	0.0	0.0	0.0	0.5144462585449219
1.2369261980056763	0.43303531408309937	0.0	0.8179959654808044	0.0	0.0	2.523700475692749	0.0	0.6620686650276184	0.0	0.0	0.0	0.356191486120224	0.0	0.0	0.7795448303222656	0.3138945400714874	0.4874976873397827	0.7008039951324463	0.11623300611972809	0.5252601504325867	0.3735361397266388	0.0	0.4851067066192627	1.3844654560089111	0.30095940828323364	0.0	0.0	0.0	0.4025059640407562	0.0	0.7025906443595886	0.0	0.0	0.0	0.8623539805412292	0.2260502278804779	0.7015127539634705	1.179816484451294	0.709907054901123	0.3060597777366638	0.6422600746154785	1.2906888723373413	0.0	0.0	0.0	0.35817140340805054	0.0	0.0	1.3273884057998657	0.4879923164844513	0.0	0.0	0.4463641345500946	1.3387386798858643	0.4877006411552429	0.0	1.286329984664917	0.3905099630355835	0.3265552520751953	0.0	0.0	0.0	0.49520379304885864
1.289901852607727	0.44064491987228394	0.0	0.8484906554222107	0.0	0.0	2.5141818523406982	0.0	0.713355541229248	0.0	0.0	0.0	0.42889514565467834	0.0	0.0	0.8335620164871216	0.3302777409553528	0.4587012827396393	0.6998215317726135	0.13755381107330322	0.6010048389434814	0.40156033635139465	0.0	0.6029433012008667	1.4327150583267212	0.2946377098560333	0.0	0.0	0.0	0.39341896772384644	0.0	0.682750403881073	0.0	0.0	0.0	0.8554286360740662	0.30029040575027466	0.7975060343742371	1.205063819885254	0.7014340758323669	0.2465221881866455	0.6641805768013	1.301089882850647	0.0	0.0	0.0	0.39750006794929504	0.0	0.0	1.441099762916565	0.38889080286026	0.0	0.0	0.48407673835754395	1.333359718322754	0.45384809374809265	0.0	1.306553840637207	0.4576166868209839	0.2945239543914795	0.0	0.0	0.0	0.5066095590591431
1.2478971481323242	0.4486488103866577	0.0	0.8116788864135742	0.0	0.0	2.4476003646850586	0.0	0.6645355820655823	0.0	0.0	0.0	0.36389514803886414	0.0	0.0	0.7748729586601257	0.31218284368515015	0.5302179455757141	0.7193260192871094	0.10798873007297516	0.5584818720817566	0.42683789134025574	0.0	0.47770434617996216	1.3715866804122925	0.28732627630233765	0.0	0.0	0.0	0.385920912027359	0.0	0.6798161864280701	0.0	0.0	0.0	0.8663214445114136	0.2635573446750641	0.7265337109565735	1.1882457733154297	0.6924240589141846	0.2642516791820526	0.6408109068870544	1.2942901849746704	0.0	0.0	0.0	0.3591448962688446	0.0	0.0	1.3314039707183838	0.37947410345077515	0.0	0.0	0.4244083762168884	1.359633445739746	0.5147528648376465	0.0	1.328081727027893	0.3733791410923004	0.3148884177207947	0.0	0.0	0.0	0.5098592638969421
1.225540280342102	0.44009777903556824	0.0	0.8274182677268982	0.0	0.0	2.4513864517211914	0.0	0.671703577041626	0.0	0.0	0.0	0.39391088485717773	0.0	0.0	0.7596229910850525	0.3396851718425751	0.4890854060649872	0.6746936440467834	0.13448287546634674	0.5312716364860535	0.38382402062416077	0.0	0.4742383658885956	1.400451898574829	0.2954314053058624	0.0	0.0	0.0	0.40173861384391785	0.0	0.6614552736282349	0.0	0.0	0.0	0.8797996640205383	0.20521630346775055	0.6942297220230103	1.1806037425994873	0.7237685322761536	0.253499299287796	0.640066921710968	1.2955554723739624	0.0	0.0	0.0	0.3562014400959015	0.0	0.0	1.3561277389526367	0.395807147026062	0.0	0.0	0.44993168115615845	1.3353517055511475	0.4532339870929718	0.0	1.2714649438858032	0.37967297434806824	0.2691723108291626	0.0	0.0	0.0	0.5264124870300293
1.2707830667495728	0.49901625514030457	0.0	0.8337841033935547	0.0	0.0	2.4820594787597656	0.0	0.6448681354522705	0.0	0.0	0.0	0.3768337368965149	0.0	0.0	0.7922413349151611	0.33985793590545654	0.46233049035072327	0.6586360335350037	0.1325131356716156	0.5332549810409546	0.36249905824661255	0.0	0.4728861153125763	1.3727117776870728	0.28747740387916565	0.0	0.0	0.0	0.35557374358177185	0.0	0.6813268065452576	0.0	0.0	0.0	0.8472232222557068	0.39690518379211426	0.6944177746772766	1.1756019592285156	0.714944064617157	0.28741681575775146	0.6670844554901123	1.2962547540664673	0.0	0.0	0.0	0.36486634612083435	0.0	0.0	1.3294496536254883	0.3695577383041382	0.0	0.0	0.4038366675376892	1.315173625946045	0.45631223917007446	0.0	1.277492880821228	0.3821473717689514	0.28256306052207947	0.0	0.0	0.0	0.49032777547836304
1.273800015449524	0.45956718921661377	0.0	0.9192033410072327	0.0	0.0	2.5232596397399902	0.0	0.705809473991394	0.0	0.0	0.0	0.39784836769104004	0.0	0.0	0.8165562152862549	0.335989773273468	0.5013974905014038	0.7093151211738586	0.13256415724754333	0.5645380616188049	0.39044255018234253	0.0	0.5167528390884399	1.4350173473358154	0.3238428831100464	0.0	0.0	0.0	0.38946953415870667	0.0	0.6776362061500549	0.0	0.0	0.0	0.8481999635696411	0.21530559659004211	0.732133686542511	1.2191742658615112	0.7552374005317688	0.2778105139732361	0.669767439365387	1.288603663444519	0.0	0.0	0.0	0.37074318528175354	0.0	0.0	1.4052413702011108	0.3898830711841583	0.0	0.0	0.4779466986656189	1.3893959522247314	0.45644593238830566	0.0	1.3167176246643066	0.4074140191078186	0.2597903907299042	0.0	0.0	0.0	0.5091772079467773
1.223008155822754	0.5126903057098389	0.0	0.978119432926178	0.0	0.0	2.497915744781494	0.0	0.6983117461204529	0.0	0.0	0.0	0.37316569685935974	0.0	0.0	0.7735512256622314	0.31936323642730713	0.4769946038722992	0.6899048686027527	0.13073325157165527	0.5574207305908203	0.3827303349971771	0.0	0.6164909601211548	1.3982857465744019	0.3008726239204407	0.0	0.0	0.0	0.35678794980049133	0.0	0.6528632640838623	0.0	0.0	0.0	0.8656105995178223	0.33187466859817505	0.8083568215370178	1.207197666168213	0.7046512365341187	0.2707936763763428	0.6389014720916748	1.3215824365615845	0.0	0.0	0.0	0.34945595264434814	0.0	0.0	1.3596246242523193	0.46918773651123047	0.0	0.0	0.533362627029419	1.3582483530044556	0.44788703322410583	0.0	1.2998090982437134	0.39368024468421936	0.2705192267894745	0.0	0.0	0.0	0.4997609853744507
1.2261396646499634	0.5036497712135315	0.0	0.9825032949447632	0.0	0.0	2.4889566898345947	0.0	0.6987789273262024	0.0	0.0	0.0	0.3903748393058777	0.0	0.0	0.7747655510902405	0.31057190895080566	0.4711305797100067	0.6681583523750305	0.1349104344844818	0.551418125629425	0.36449575424194336	0.0	0.573040246963501	1.3999744653701782	0.3038826584815979	0.0	0.0	0.0	0.38267430663108826	0.0	0.6826865077018738	0.0	0.0	0.0	0.8829599022865295	0.25450190901756287	0.7554604411125183	1.185843825340271	0.7029646039009094	0.27776235342025757	0.6325868964195251	1.3700294494628906	0.0	0.0	0.0	0.38534143567085266	0.0	0.0	1.3668874502182007	0.37556517124176025	0.0	0.0	0.5525591969490051	1.3494582176208496	0.5064828395843506	0.0	1.305425763130188	0.3639068007469177	0.2705599367618561	0.0	0.0	0.0	0.5019690990447998
1.2648496627807617	0.4464069902896881	0.0	0.9117881655693054	0.0	0.0	2.536712169647217	0.0	0.7211118936538696	0.0	0.0	0.0	0.43536534905433655	0.0	0.0	0.8174291253089905	0.3345871865749359	0.5002557039260864	0.6957004070281982	0.11587301641702652	0.599602997303009	0.38987523317337036	0.0	0.527948260307312	1.394830346107483	0.29668110609054565	0.0	0.0	0.0	0.3845760226249695	0.0	0.701781153678894	0.0	0.0	0.0	0.9237870573997498	0.23717369139194489	0.7188945412635803	1.1724247932434082	0.6869838833808899	0.2726942002773285	0.6433784365653992	1.305806040763855	0.0	0.0	0.0	0.3807418644428253	0.0	0.0	1.4479821920394897	0.4082777798175812	0.0	0.0	0.4254896938800812	1.3284947872161865	0.46017658710479736	0.0	1.288577675819397	0.46763888001441956	0.3091765344142914	0.0	0.0	0.0	0.4985436201095581
1.2225425243377686	0.4470307230949402	0.0	0.819649875164032	0.0	0.0	2.460761308670044	0.0	0.6673746705055237	0.0	0.0	0.0	0.3970760107040405	0.0	0.0	0.7660975456237793	0.3330027759075165	0.462536096572876	0.6710609793663025	0.12332338839769363	0.5609254837036133	0.38645461201667786	0.0	0.5196107625961304	1.3766179084777832	0.3154526352882385	0.0	0.0	0.0	0.387262225151062	0.0	0.6697893738746643	0.0	0.0	0.0	0.8939965963363647	0.2171439677476883	0.7133466005325317	1.1644858121871948	0.7106971740722656	0.3105529844760895	0.6535432934761047	1.2959264516830444	0.0	0.0	0.0	0.34805411100387573	0.0	0.0	1.3716192245483398	0.4032028019428253	0.0	0.0	0.4326695203781128	1.3349688053131104	0.44475817680358887	0.0	1.278039813041687	0.3745694160461426	0.2599920332431793	0.0	0.0	0.0	0.5040677189826965
1.2664436101913452	0.43090876936912537	0.0	0.8515072464942932	0.0	0.0	2.4590728282928467	0.0	0.6661145091056824	0.0	0.0	0.0	0.38123947381973267	0.0	0.0	0.748941957950592	0.3132840394973755	0.4695669710636139	0.7116855382919312	0.13249069452285767	0.523283839225769	0.3578489422798157	0.0	0.5889132022857666	1.3784931898117065	0.30446097254753113	0.0	0.0	0.0	0.36142653226852417	0.0	0.6941412687301636	0.0	0.0	0.0	0.8519852161407471	0.32127025723457336	0.7805643081665039	1.177899956703186	0.6980090737342834	0.2770932614803314	0.6508275270462036	1.2893306016921997	0.0	0.0	0.0	0.3350675106048584	0.0	0.0	1.324183702468872	0.3564711809158325	0.0	0.0	0.4920799136161804	1.3300631046295166	0.44672927260398865	0.0	1.2741973400115967	0.36364713311195374	0.3237118721008301	0.0	0.0	0.0	0.5091084241867065
1.2681264877319336	0.4769436717033386	0.0	0.9534619450569153	0.0	0.0	2.539018154144287	0.0	0.739125669002533	0.0	0.0	0.0	0.45524370670318604	0.0	0.0	0.8399000763893127	0.35276854038238525	0.49546149373054504	0.7069269418716431	0.10599427670240402	0.6099629402160645	0.3893541097640991	0.0	0.5292078852653503	1.39174485206604	0.32446539402008057	0.0	0.0	0.0	0.37128081917762756	0.0	0.7017821669578552	0.0	0.0	0.0	0.8541326522827148	0.28349781036376953	0.6755151152610779	1.1645174026489258	0.7057753205299377	0.25300097465515137	0.7013516426086426	1.3249385356903076	0.0	0.0	0.0	0.3950091302394867	0.0	0.0	1.4707900285720825	0.38812196254730225	0.0	0.0	0.4248882532119751	1.3266894817352295	0.4773333668708801	0.0	1.2910631895065308	0.48795169591903687	0.3103165626525879	0.0	0.0	0.0	0.5257487893104553
1.2223752737045288	0.49662840366363525	0.0	0.8396487236022949	0.0	0.0	2.471459150314331	0.0	0.6753029227256775	0.0	0.0	0.0	0.4054310917854309	0.0	0.0	0.778928816318512	0.3290558159351349	0.48327919840812683	0.7093586921691895	0.1442299485206604	0.5629117488861084	0.35883626341819763	0.0	0.47937852144241333	1.3769513368606567	0.33854940533638	0.0	0.0	0.0	0.37116187810897827	0.0	0.6657834053039551	0.0	0.0	0.0	0.8603426218032837	0.380191445350647	0.7187954783439636	1.182285189628601	0.7271808385848999	0.2763388454914093	0.6754001975059509	1.3140530586242676	0.0	0.0	0.0	0.3741273581981659	0.0	0.0	1.3263113498687744	0.3783946931362152	0.0	0.0	0.4154273271560669	1.3574881553649902	0.45133382081985474	0.0	1.2721648216247559	0.4097120761871338	0.27854281663894653	0.0	0.0	0.0	0.5235557556152344
1.2795889377593994	0.4273752272129059	0.0	0.8835285305976868	0.0	0.0	2.5216150283813477	0.0	0.703880786895752	0.0	0.0	0.0	0.41617342829704285	0.0	0.0	0.8157651424407959	0.3247864544391632	0.49518001079559326	0.6555975079536438	0.113316111266613	0.5823326706886292	0.3551104664802551	0.0	0.4873421788215637	1.3669904470443726	0.30145373940467834	0.0	0.0	0.0	0.38367950916290283	0.0	0.6429007053375244	0.0	0.0	0.0	0.8245609402656555	0.20586255192756653	0.677952229976654	1.1670856475830078	0.6965599060058594	0.2519682049751282	0.60282963514328	1.2802375555038452	0.0	0.0	0.0	0.3720167577266693	0.0	0.0	1.418744444847107	0.380179762840271	0.0	0.0	0.4170960485935211	1.3352241516113281	0.46175679564476013	0.0	1.301468849182129	0.4595497250556946	0.26406949758529663	0.0	0.0	0.0	0.5075583457946777
1.2468563318252563	0.44913047552108765	0.0	0.9649761319160461	0.0	0.0	2.4714362621307373	0.0	0.7168473601341248	0.0	0.0	0.0	0.4367654323577881	0.0	0.0	0.8472581505775452	0.3359750807285309	0.491622656583786	0.6919283270835876	0.1156720370054245	0.6371229290962219	0.36298736929893494	0.0	0.5476303100585938	1.4382039308547974	0.3187876343727112	0.0	0.0	0.0	0.3943256437778473	0.0	0.6622703075408936	0.0	0.0	0.0	0.8784911036491394	0.2813792824745178	0.7345263957977295	1.207352638244629	0.7010865807533264	0.2759920358657837	0.6280212998390198	1.313225269317627	0.0	0.0	0.0	0.40720367431640625	0.0	0.0	1.469613790512085	0.43904709815979004	0.0	0.0	0.45665109157562256	1.3375970125198364	0.47334763407707214	0.0	1.3143376111984253	0.4784081280231476	0.2670733332633972	0.0	0.0	0.0	0.5081759095191956
1.248389482498169	0.4467697739601135	0.0	0.8739259243011475	0.0	0.0	2.519233226776123	0.0	0.6771552562713623	0.0	0.0	0.0	0.3916367292404175	0.0	0.0	0.7862535119056702	0.34024709463119507	0.5041278600692749	0.6890814900398254	0.12522242963314056	0.5706866979598999	0.3953019678592682	0.0	0.5105788707733154	1.4074795246124268	0.31970131397247314	0.0	0.0	0.0	0.3896462619304657	0.0	0.707904577255249	0.0	0.0	0.0	0.8671017289161682	0.25552240014076233	0.718482494354248	1.2052806615829468	0.6914616227149963	0.2846936285495758	0.616413950920105	1.3477001190185547	0.0	0.0	0.0	0.35468271374702454	0.0	0.0	1.374558687210083	0.382913738489151	0.0	0.0	0.45351260900497437	1.3383952379226685	0.45845481753349304	0.0	1.3068952560424805	0.384735643863678	0.3129512369632721	0.0	0.0	0.0	0.508258044719696
1.238202691078186	0.45373424887657166	0.0	0.8360364437103271	0.0	0.0	2.5551023483276367	0.0	0.6600958704948425	0.0	0.0	0.0	0.3970741629600525	0.0	0.0	0.7706650495529175	0.34153518080711365	0.46424415707588196	0.692716121673584	0.1468552201986313	0.5663222074508667	0.3665449321269989	0.0	0.47031477093696594	1.371082067489624	0.33236250281333923	0.0	0.0	0.0	0.3777100741863251	0.0	0.6695425510406494	0.0	0.0	0.0	0.8668935298919678	0.22382260859012604	0.6970102787017822	1.1641963720321655	0.7189462780952454	0.31992441415786743	0.6123487949371338	1.3412811756134033	0.0	0.0	0.0	0.3601577877998352	0.0	0.0	1.3368579149246216	0.3958297073841095	0.0	0.0	0.4585760533809662	1.340395450592041	0.48213866353034973	0.0	1.3085516691207886	0.37965941429138184	0.2559143006801605	0.0	0.0	0.0	0.5182782411575317
1.216526985168457	0.4538798928260803	0.0	0.8338338732719421	0.0	0.0	2.491865396499634	0.0	0.67284095287323	0.0	0.0	0.0	0.38270455598831177	0.0	0.0	0.7614827156066895	0.316389799118042	0.4617328941822052	0.6815990805625916	0.1393967717885971	0.5315454602241516	0.4045330584049225	0.0	0.48212093114852905	1.372841477394104	0.31456258893013	0.0	0.0	0.0	0.3753295838832855	0.0	0.6633093357086182	0.0	0.0	0.0	0.8480636477470398	0.24212822318077087	0.6849270462989807	1.1680748462677002	0.7013208270072937	0.2680821418762207	0.6414617896080017	1.290893316268921	0.0	0.0	0.0	0.3573676645755768	0.0	0.0	1.350701093673706	0.4694357216358185	0.0	0.0	0.44299036264419556	1.358986735343933	0.44609779119491577	0.0	1.282020092010498	0.3771315813064575	0.26457375288009644	0.0	0.0	0.0	0.51978999376297
1.2167853116989136	0.4452548921108246	0.0	0.8395920991897583	0.0	0.0	2.45754075050354	0.0	0.6622387766838074	0.0	0.0	0.0	0.36070191860198975	0.0	0.0	0.7920049428939819	0.3232641816139221	0.4848431348800659	0.6883724331855774	0.1158648356795311	0.5308674573898315	0.38727831840515137	0.0	0.47851043939590454	1.3989620208740234	0.3087449371814728	0.0	0.0	0.0	0.36458247900009155	0.0	0.696071982383728	0.0	0.0	0.0	0.8365645408630371	0.21225467324256897	0.6953375935554504	1.1863054037094116	0.7027568221092224	0.26074740290641785	0.6429551839828491	1.279929280281067	0.0	0.0	0.0	0.3474358320236206	0.0	0.0	1.3661339282989502	0.3787371814250946	0.0	0.0	0.43091636896133423	1.3296691179275513	0.4667651057243347	0.0	1.2789596319198608	0.39170825481414795	0.3105819821357727	0.0	0.0	0.0	0.5001239776611328
1.2406656742095947	0.42573291063308716	0.0	0.8521265387535095	0.0	0.0	2.4921915531158447	0.0	0.664343535900116	0.0	0.0	0.0	0.39825114607810974	0.0	0.0	0.7443683743476868	0.31572720408439636	0.47384113073349	0.6748616099357605	0.12095274776220322	0.5387194156646729	0.3678912818431854	0.0	0.47743022441864014	1.3780345916748047	0.29346925020217896	0.0	0.0	0.0	0.38524895906448364	0.0	0.6587388515472412	0.0	0.0	0.0	0.839158833026886	0.21365222334861755	0.6882230639457703	1.182296872138977	0.7421972751617432	0.28149476647377014	0.6402449607849121	1.3224470615386963	0.0	0.0	0.0	0.3863181173801422	0.0	0.0	1.3447345495224	0.370353102684021	0.0	0.0	0.4302749037742615	1.342529296875	0.4478274881839752	0.0	1.294364333152771	0.38711994886398315	0.2566681206226349	0.0	0.0	0.0	0.5010311603546143
1.2185639142990112	0.4382341802120209	0.0	0.817062497138977	0.0	0.0	2.5198726654052734	0.0	0.6528287529945374	0.0	0.0	0.0	0.3878208100795746	0.0	0.0	0.7473009824752808	0.31032291054725647	0.4630849361419678	0.6820335984230042	0.10923395305871964	0.5228924751281738	0.3621630072593689	0.0	0.4926261007785797	1.4076229333877563	0.3076426386833191	0.0	0.0	0.0	0.3726578950881958	0.0	0.6678807735443115	0.0	0.0	0.0	0.8577588796615601	0.23229415714740753	0.6906210780143738	1.2050023078918457	0.7038474082946777	0.28537502884864807	0.6342423558235168	1.3026864528656006	0.0	0.0	0.0	0.3426986634731293	0.0	0.0	1.3430174589157104	0.34918808937072754	0.0	0.0	0.4171009063720703	1.3569191694259644	0.43465498089790344	0.0	1.3079017400741577	0.3918151557445526	0.25132668018341064	0.0	0.0	0.0	0.4993801712989807
1.2348664999008179	0.44753319025039673	0.0	0.8542479872703552	0.0	0.0	2.5200934410095215	0.0	0.6952172517776489	0.0	0.0	0.0	0.42464274168014526	0.0	0.0	0.8174927234649658	0.338381290435791	0.478872150182724	0.677577793598175	0.1477729082107544	0.5974096059799194	0.3917030692100525	0.0	0.504321277141571	1.414748191833496	0.2920079827308655	0.0	0.0	0.0	0.4088761806488037	0.0	0.6478685736656189	0.0	0.0	0.0	0.8632116317749023	0.24739573895931244	0.7085824608802795	1.1964188814163208	0.7149592638015747	0.23795068264007568	0.6229250431060791	1.338629961013794	0.0	0.0	0.0	0.39618977904319763	0.0	0.0	1.4479364156723022	0.47597596049308777	0.0	0.0	0.4562130272388458	1.3288558721542358	0.511112630367279	0.0	1.3063068389892578	0.4593360424041748	0.28967544436454773	0.0	0.0	0.0	0.5130531191825867
1.221299171447754	0.46264487504959106	0.0	0.8220643997192383	0.0	0.0	2.563356399536133	0.0	0.698845624923706	0.0	0.0	0.0	0.3784950375556946	0.0	0.0	0.788862943649292	0.3387638330459595	0.4775550961494446	0.6705377697944641	0.1129956766963005	0.533367395401001	0.37717291712760925	0.0	0.4792814254760742	1.3705800771713257	0.3175583481788635	0.0	0.0	0.0	0.40725818276405334	0.0	0.6955737471580505	0.0	0.0	0.0	0.873317539691925	0.229403555393219	0.6965034604072571	1.176249623298645	0.693629801273346	0.28134652972221375	0.6293109655380249	1.2831716537475586	0.0	0.0	0.0	0.3581825792789459	0.0	0.0	1.3170055150985718	0.3501262366771698	0.0	0.0	0.5028266310691833	1.3447251319885254	0.4362088143825531	0.0	1.2904483079910278	0.3717845380306244	0.26326847076416016	0.0	0.0	0.0	0.5440706014633179
1.2437500953674316	0.4597761929035187	0.0	0.8592031598091125	0.0	0.0	2.4541049003601074	0.0	0.6646078824996948	0.0	0.0	0.0	0.400460809469223	0.0	0.0	0.7639947533607483	0.32751861214637756	0.4884769916534424	0.7015453577041626	0.10924996435642242	0.5581172108650208	0.3644907474517822	0.0	0.4928238093852997	1.4031131267547607	0.32091832160949707	0.0	0.0	0.0	0.37614649534225464	0.0	0.6968492865562439	0.0	0.0	0.0	0.8526837229728699	0.2357412427663803	0.7174322605133057	1.205623745918274	0.7573732137680054	0.25341692566871643	0.640265703201294	1.3006842136383057	0.0	0.0	0.0	0.3817700743675232	0.0	0.0	1.3709251880645752	0.37145280838012695	0.0	0.0	0.48137181997299194	1.34758722782135	0.44914594292640686	0.0	1.3001320362091064	0.3807529807090759	0.31167370080947876	0.0	0.0	0.0	0.5147203803062439
1.230715274810791	0.45653611421585083	0.0	0.836944043636322	0.0	0.0	2.4443609714508057	0.0	0.672853410243988	0.0	0.0	0.0	0.3938506841659546	0.0	0.0	0.7632883191108704	0.3512495756149292	0.478069931268692	0.6819552183151245	0.11024772375822067	0.5538025498390198	0.3586829602718353	0.0	0.48815464973449707	1.4052454233169556	0.3081703186035156	0.0	0.0	0.0	0.38902848958969116	0.0	0.652458131313324	0.0	0.0	0.0	0.8589566946029663	0.21540036797523499	0.6934482455253601	1.1949572563171387	0.715794563293457	0.24078191816806793	0.6277623176574707	1.302464246749878	0.0	0.0	0.0	0.35462361574172974	0.0	0.0	1.342046856880188	0.4583503305912018	0.0	0.0	0.41438496112823486	1.333877444267273	0.43786749243736267	0.0	1.290095329284668	0.3910787105560303	0.271211713552475	0.0	0.0	0.0	0.5221271514892578
1.2029392719268799	0.48416829109191895	0.0	0.8288470506668091	0.0	0.0	2.462233066558838	0.0	0.6887163519859314	0.0	0.0	0.0	0.38373255729675293	0.0	0.0	0.7513132691383362	0.3039989173412323	0.4751478135585785	0.6907851099967957	0.15454335510730743	0.5322627425193787	0.3625468909740448	0.0	0.4648512303829193	1.41245698928833	0.29005166888237	0.0	0.0	0.0	0.406116783618927	0.0	0.657758891582489	0.0	0.0	0.0	0.8513063788414001	0.2194504290819168	0.7209668159484863	1.1683359146118164	0.698758602142334	0.26043134927749634	0.621577262878418	1.2805848121643066	0.0	0.0	0.0	0.3888740539550781	0.0	0.0	1.366638422012329	0.43099015951156616	0.0	0.0	0.41977596282958984	1.3189740180969238	0.46087056398391724	0.0	1.2757453918457031	0.40472668409347534	0.3014659285545349	0.0	0.0	0.0	0.5393228530883789
1.20260488986969	0.5088871717453003	0.0	0.8455295562744141	0.0	0.0	2.515421152114868	0.0	0.6892610788345337	0.0	0.0	0.0	0.3720633387565613	0.0	0.0	0.7845908403396606	0.31580767035484314	0.4900466203689575	0.6873314380645752	0.155154287815094	0.5513412356376648	0.37172654271125793	0.0	0.5089814066886902	1.3559232950210571	0.34209296107292175	0.0	0.0	0.0	0.37656092643737793	0.0	0.7311578989028931	0.0	0.0	0.0	0.8610894083976746	0.22271773219108582	0.6878781914710999	1.1776245832443237	0.7011922597885132	0.29140207171440125	0.6190322637557983	1.3377063274383545	0.0	0.0	0.0	0.36291491985321045	0.0	0.0	1.360795021057129	0.3870491683483124	0.0	0.0	0.42336246371269226	1.331723690032959	0.5297279953956604	0.0	1.3085894584655762	0.3983607292175293	0.3074275851249695	0.0	0.0	0.0	0.4871228039264679
1.268672227859497	0.4502631723880768	0.0	0.8452168703079224	0.0	0.0	2.533245801925659	0.0	0.68719482421875	0.0	0.0	0.0	0.3726266026496887	0.0	0.0	0.7874093651771545	0.30810266733169556	0.47129762172698975	0.6471284627914429	0.10388052463531494	0.5095959305763245	0.3817189335823059	0.0	0.4829234182834625	1.3807514905929565	0.30465832352638245	0.0	0.0	0.0	0.377934068441391	0.0	0.6447033286094666	0.0	0.0	0.0	0.8666833639144897	0.3783508241176605	0.7186856269836426	1.1904245615005493	0.7043038010597229	0.30024126172065735	0.6096739768981934	1.35524320602417	0.0	0.0	0.0	0.372658371925354	0.0	0.0	1.3255621194839478	0.38065266609191895	0.0	0.0	0.44405126571655273	1.3612103462219238	0.4822142720222473	0.0	1.3127983808517456	0.3894118070602417	0.2445356845855713	0.0	0.0	0.0	0.4886835217475891
1.2316747903823853	0.455475389957428	0.0	0.841485321521759	0.0	0.0	2.480276584625244	0.0	0.6866262555122375	0.0	0.0	0.0	0.38078510761260986	0.0	0.0	0.7728014588356018	0.3191183805465698	0.45297423005104065	0.6728806495666504	0.11369699984788895	0.5661526322364807	0.35442960262298584	0.0	0.4753829836845398	1.361838698387146	0.30479270219802856	0.0	0.0	0.0	0.3882026672363281	0.0	0.640160083770752	0.0	0.0	0.0	0.84843909740448	0.2286742627620697	0.675209641456604	1.1629014015197754	0.7135554552078247	0.27560940384864807	0.6124140620231628	1.2711704969406128	0.0	0.0	0.0	0.36608603596687317	0.0	0.0	1.3431477546691895	0.5003427863121033	0.0	0.0	0.4120306074619293	1.3244117498397827	0.43361106514930725	0.0	1.3044357299804688	0.38296422362327576	0.2636527121067047	0.0	0.0	0.0	0.5324476957321167
1.2241939306259155	0.4633129835128784	0.0	0.8235145807266235	0.0	0.0	2.481496572494507	0.0	0.6850143671035767	0.0	0.0	0.0	0.398198664188385	0.0	0.0	0.755603015422821	0.33605343103408813	0.4974914491176605	0.6868489384651184	0.12752513587474823	0.5352228879928589	0.382675439119339	0.0	0.4946187436580658	1.39400053024292	0.3190120458602905	0.0	0.0	0.0	0.39964425563812256	0.0	0.6549118161201477	0.0	0.0	0.0	0.8457582592964172	0.22576376795768738	0.6891120076179504	1.1743141412734985	0.7394922375679016	0.26353132724761963	0.6046400666236877	1.3494778871536255	0.0	0.0	0.0	0.36193227767944336	0.0	0.0	1.3523224592208862	0.36238986253738403	0.0	0.0	0.4899006187915802	1.3423744440078735	0.46391916275024414	0.0	1.293935775756836	0.3664001524448395	0.2831382751464844	0.0	0.0	0.0	0.5208452939987183
1.24854576587677	0.45154738426208496	0.0	0.9825962781906128	0.0	0.0	2.556081771850586	0.0	0.7014260292053223	0.0	0.0	0.0	0.3820733428001404	0.0	0.0	0.769294023513794	0.36332905292510986	0.48044219613075256	0.6882246136665344	0.14987029135227203	0.5666863918304443	0.3546484112739563	0.0	0.623344361782074	1.4006216526031494	0.3159107267856598	0.0	0.0	0.0	0.3858972191810608	0.0	0.6752825379371643	0.0	0.0	0.0	0.8562860488891602	0.27535155415534973	0.7884381413459778	1.178539514541626	0.7488102316856384	0.27025145292282104	0.6533873677253723	1.3025883436203003	0.0	0.0	0.0	0.3533332347869873	0.0	0.0	1.3363256454467773	0.38537901639938354	0.0	0.0	0.4961012601852417	1.3463720083236694	0.44811317324638367	0.0	1.3219938278198242	0.37376832962036133	0.2822379469871521	0.0	0.0	0.0	0.5267558693885803
1.2195783853530884	0.49762168526649475	0.0	0.883932888507843	0.0	0.0	2.567261219024658	0.0	0.6774768829345703	0.0	0.0	0.0	0.3917001187801361	0.0	0.0	0.7789021134376526	0.32795238494873047	0.5080005526542664	0.708368182182312	0.13347454369068146	0.5471560955047607	0.38281673192977905	0.0	0.48543286323547363	1.3622632026672363	0.3901762068271637	0.0	0.0	0.0	0.40014347434043884	0.0	0.6717849373817444	0.0	0.0	0.0	0.8540586233139038	0.21986594796180725	0.7240937948226929	1.1891343593597412	0.7244244813919067	0.3209500312805176	0.6299551725387573	1.2909181118011475	0.0	0.0	0.0	0.34522199630737305	0.0	0.0	1.3328529596328735	0.386248916387558	0.0	0.0	0.43385350704193115	1.3107751607894897	0.46417149901390076	0.0	1.2971115112304688	0.4271763563156128	0.2740330696105957	0.0	0.0	0.0	0.5381014347076416
1.2402949333190918	0.4733755588531494	0.0	0.911617636680603	0.0	0.0	2.5290026664733887	0.0	0.656197726726532	0.0	0.0	0.0	0.390605092048645	0.0	0.0	0.7622106075286865	0.3151429295539856	0.48043906688690186	0.7277269959449768	0.10521867871284485	0.5146573781967163	0.359005868434906	0.0	0.48215311765670776	1.387976884841919	0.2970229685306549	0.0	0.0	0.0	0.35855376720428467	0.0	0.7159968018531799	0.0	0.0	0.0	0.8709901571273804	0.38639965653419495	0.7907394766807556	1.1666135787963867	0.7005428075790405	0.25024449825286865	0.6463392972946167	1.2917451858520508	0.0	0.0	0.0	0.36692818999290466	0.0	0.0	1.3754457235336304	0.37353628873825073	0.0	0.0	0.5176869034767151	1.3209518194198608	0.4435972571372986	0.0	1.2979530096054077	0.3588659167289734	0.3058501183986664	0.0	0.0	0.0	0.5053400993347168
1.2172181606292725	0.43014469742774963	0.0	0.8247125148773193	0.0	0.0	2.5701982975006104	0.0	0.6760458946228027	0.0	0.0	0.0	0.39766186475753784	0.0	0.0	0.7915512323379517	0.3189592659473419	0.46526217460632324	0.70138019323349	0.10918078571557999	0.5557682514190674	0.371090292930603	0.0	0.48496606945991516	1.3928942680358887	0.3059939742088318	0.0	0.0	0.0	0.3901631832122803	0.0	0.6640524864196777	0.0	0.0	0.0	0.852510929107666	0.23669622838497162	0.6842659711837769	1.1848914623260498	0.7246729731559753	0.260419636964798	0.6469165086746216	1.2858538627624512	0.0	0.0	0.0	0.36265015602111816	0.0	0.0	1.3661121129989624	0.3527872562408447	0.0	0.0	0.4597187042236328	1.3549553155899048	0.4499187767505646	0.0	1.340630054473877	0.3768945336341858	0.26625555753707886	0.0	0.0	0.0	0.49850136041641235
1.24209463596344	0.45426616072654724	0.0	0.8404881954193115	0.0	0.0	2.4888381958007812	0.0	0.6736541390419006	0.0	0.0	0.0	0.4143158793449402	0.0	0.0	0.7991726994514465	0.39350175857543945	0.5033245086669922	0.7228377461433411	0.16304443776607513	0.5336979627609253	0.3986727297306061	0.0	0.5060264468193054	1.376936674118042	0.3385990262031555	0.0	0.0	0.0	0.36387744545936584	0.0	0.7072003483772278	0.0	0.0	0.0	0.8492352366447449	0.3915659189224243	0.7039721608161926	1.2011945247650146	0.727550745010376	0.26249784231185913	0.6961304545402527	1.3128505945205688	0.0	0.0	0.0	0.36364394426345825	0.0	0.0	1.381356120109558	0.40627285838127136	0.0	0.0	0.4150412380695343	1.353747844696045	0.4786139130592346	0.0	1.3139641284942627	0.4087691903114319	0.3404589593410492	0.0	0.0	0.0	0.5059747695922852
1.2399927377700806	0.4338454604148865	0.0	0.9692966341972351	0.0	0.0	2.5147902965545654	0.0	0.6660009026527405	0.0	0.0	0.0	0.3988141119480133	0.0	0.0	0.7712440490722656	0.3290836811065674	0.4765928089618683	0.7115905284881592	0.11605336517095566	0.5426962971687317	0.38779202103614807	0.0	0.6456872224807739	1.387887716293335	0.2931881546974182	0.0	0.0	0.0	0.40096315741539	0.0	0.6510056257247925	0.0	0.0	0.0	0.9067765474319458	0.40265387296676636	0.8061585426330566	1.205888032913208	0.7302641272544861	0.24413494765758514	0.7014692425727844	1.288291573524475	0.0	0.0	0.0	0.4059094190597534	0.0	0.0	1.3795233964920044	0.3823956847190857	0.0	0.0	0.47566476464271545	1.3113715648651123	0.45373672246932983	0.0	1.3074018955230713	0.38971129059791565	0.2802583873271942	0.0	0.0	0.0	0.5272443890571594
1.2512847185134888	0.4329000413417816	0.0	0.8099212646484375	0.0	0.0	2.4958596229553223	0.0	0.7250584959983826	0.0	0.0	0.0	0.3951786458492279	0.0	0.0	0.7625725269317627	0.3377196788787842	0.48653680086135864	0.6892302632331848	0.12485329061746597	0.5282737612724304	0.41522690653800964	0.0	0.5051770806312561	1.3784550428390503	0.3408561050891876	0.0	0.0	0.0	0.36673614382743835	0.0	0.6887728571891785	0.0	0.0	0.0	0.8929487466812134	0.4179156422615051	0.7169787287712097	1.1905937194824219	0.7018187642097473	0.3075447976589203	0.6677160859107971	1.3151816129684448	0.0	0.0	0.0	0.3679512143135071	0.0	0.0	1.3712183237075806	0.4281925559043884	0.0	0.0	0.41279351711273193	1.3448735475540161	0.44747069478034973	0.0	1.260461449623108	0.39008277654647827	0.3200952410697937	0.0	0.0	0.0	0.5494449138641357
1.2119420766830444	0.4451938569545746	0.0	0.9399820566177368	0.0	0.0	2.4843361377716064	0.0	0.6654181480407715	0.0	0.0	0.0	0.3901449143886566	0.0	0.0	0.7533965110778809	0.3135596513748169	0.46872401237487793	0.6916297674179077	0.1420198231935501	0.5629987716674805	0.3567444980144501	0.0	0.5782105922698975	1.3694978952407837	0.3142298460006714	0.0	0.0	0.0	0.3634611666202545	0.0	0.663784384727478	0.0	0.0	0.0	0.883029580116272	0.41414305567741394	0.7584854960441589	1.1770769357681274	0.7023347616195679	0.26045700907707214	0.6366715431213379	1.3044869899749756	0.0	0.0	0.0	0.3357485830783844	0.0	0.0	1.3264963626861572	0.36067110300064087	0.0	0.0	0.4933852255344391	1.3183329105377197	0.45002487301826477	0.0	1.2807800769805908	0.38225772976875305	0.27039799094200134	0.0	0.0	0.0	0.5440852642059326
1.214721918106079	0.4880415201187134	0.0	0.8302474617958069	0.0	0.0	2.46787166595459	0.0	0.678524911403656	0.0	0.0	0.0	0.37347084283828735	0.0	0.0	0.7652276158332825	0.34360045194625854	0.4792608320713043	0.6777678728103638	0.13845227658748627	0.5419870018959045	0.37277817726135254	0.0	0.4875849783420563	1.3788487911224365	0.2878047525882721	0.0	0.0	0.0	0.39908266067504883	0.0	0.6643272638320923	0.0	0.0	0.0	0.8470551371574402	0.2089093029499054	0.6907341480255127	1.1684452295303345	0.7186169028282166	0.2527330219745636	0.6099459528923035	1.2870726585388184	0.0	0.0	0.0	0.3506838381290436	0.0	0.0	1.3464841842651367	0.4962107539176941	0.0	0.0	0.42320993542671204	1.3344712257385254	0.44187843799591064	0.0	1.3040169477462769	0.38694024085998535	0.2944774329662323	0.0	0.0	0.0	0.5005894899368286
1.2192986011505127	0.4318571984767914	0.0	0.8995920419692993	0.0	0.0	2.517772674560547	0.0	0.7010136842727661	0.0	0.0	0.0	0.40327441692352295	0.0	0.0	0.8191282153129578	0.3134270906448364	0.4576452970504761	0.6524210572242737	0.12114568054676056	0.5928452610969543	0.34817200899124146	0.0	0.5203915238380432	1.3825021982192993	0.29133257269859314	0.0	0.0	0.0	0.3601137399673462	0.0	0.6433280110359192	0.0	0.0	0.0	0.8347477912902832	0.22473053634166718	0.7128201723098755	1.1623753309249878	0.7034510970115662	0.24157556891441345	0.6095381379127502	1.2696813344955444	0.0	0.0	0.0	0.38305723667144775	0.0	0.0	1.4385839700698853	0.3547722101211548	0.0	0.0	0.40061286091804504	1.3262324333190918	0.4634460210800171	0.0	1.2731693983078003	0.4503737986087799	0.27679169178009033	0.0	0.0	0.0	0.5027187466621399
1.2295210361480713	0.4525524079799652	0.0	0.9604441523551941	0.0	0.0	2.6162493228912354	0.0	0.7398849129676819	0.0	0.0	0.0	0.44489777088165283	0.0	0.0	0.8722932934761047	0.32775333523750305	0.4606081545352936	0.7136111259460449	0.11836567521095276	0.6531636118888855	0.37029069662094116	0.0	0.5444865226745605	1.4357187747955322	0.3327186703681946	0.0	0.0	0.0	0.3903209865093231	0.0	0.6712169051170349	0.0	0.0	0.0	0.9430434703826904	0.27938467264175415	0.7339382171630859	1.187899112701416	0.7133703827857971	0.27230292558670044	0.6614190936088562	1.3536757230758667	0.0	0.0	0.0	0.40011897683143616	0.0	0.0	1.4914518594741821	0.3986467719078064	0.0	0.0	0.45194000005722046	1.3871954679489136	0.4539918601512909	0.0	1.3147202730178833	0.49377161264419556	0.31726711988449097	0.0	0.0	0.0	0.5325129628181458
1.2262204885482788	0.5186761021614075	0.0	0.8445075154304504	0.0	0.0	2.5376780033111572	0.0	0.694882869720459	0.0	0.0	0.0	0.40523043274879456	0.0	0.0	0.7758502960205078	0.31365862488746643	0.4689062833786011	0.6846624612808228	0.13444897532463074	0.5497057437896729	0.3679180145263672	0.0	0.5781742334365845	1.3604680299758911	0.3201294541358948	0.0	0.0	0.0	0.3814123272895813	0.0	0.6569607853889465	0.0	0.0	0.0	0.8969661593437195	0.27224451303482056	0.7845280766487122	1.197603464126587	0.6937727928161621	0.2945803999900818	0.6436503529548645	1.3081557750701904	0.0	0.0	0.0	0.33162322640419006	0.0	0.0	1.3208998441696167	0.35964512825012207	0.0	0.0	0.45637843012809753	1.3366485834121704	0.46026548743247986	0.0	1.2825095653533936	0.4280897378921509	0.26823773980140686	0.0	0.0	0.0	0.5498624444007874
1.277068018913269	0.4641590714454651	0.0	0.9919248223304749	0.0	0.0	2.613853931427002	0.0	0.6800668835639954	0.0	0.0	0.0	0.3980940282344818	0.0	0.0	0.7982312440872192	0.33649346232414246	0.48643043637275696	0.6973955035209656	0.14204509556293488	0.5346044301986694	0.3697050213813782	0.0	0.5939137935638428	1.3823072910308838	0.32566168904304504	0.0	0.0	0.0	0.39759206771850586	0.0	0.6608816981315613	0.0	0.0	0.0	0.8724924921989441	0.2574082314968109	0.8418235778808594	1.175827980041504	0.7194464802742004	0.3026423752307892	0.660483181476593	1.3482557535171509	0.0	0.0	0.0	0.3604480028152466	0.0	0.0	1.3967831134796143	0.3655872642993927	0.0	0.0	0.5122833847999573	1.343241572380066	0.46485957503318787	0.0	1.3045943975448608	0.37781769037246704	0.2819931209087372	0.0	0.0	0.0	0.506827712059021
1.2104313373565674	0.4673825800418854	0.0	0.8071163296699524	0.0	0.0	2.4312777519226074	0.0	0.6866370439529419	0.0	0.0	0.0	0.3638337254524231	0.0	0.0	0.767099142074585	0.3421144187450409	0.4823751151561737	0.6908259987831116	0.10729154944419861	0.5451605916023254	0.39511898159980774	0.0	0.4832015335559845	1.3633941411972046	0.32807594537734985	0.0	0.0	0.0	0.4056399166584015	0.0	0.6875333189964294	0.0	0.0	0.0	0.8440459370613098	0.3844074606895447	0.6988175511360168	1.1649019718170166	0.6986614465713501	0.2806318700313568	0.6125953793525696	1.3332574367523193	0.0	0.0	0.0	0.349828839302063	0.0	0.0	1.3129785060882568	0.36047351360321045	0.0	0.0	0.4301828145980835	1.3284146785736084	0.48274970054626465	0.0	1.2870246171951294	0.379036009311676	0.29136228561401367	0.0	0.0	0.0	0.4895559251308441
1.314923882484436	0.4885536730289459	0.0	0.8764647245407104	0.0	0.0	2.482819080352783	0.0	0.6679064631462097	0.0	0.0	0.0	0.37332215905189514	0.0	0.0	0.8259819746017456	0.33039000630378723	0.5012408494949341	0.6979549527168274	0.10518322139978409	0.5815761089324951	0.36546194553375244	0.0	0.4883422553539276	1.3580753803253174	0.37757787108421326	0.0	0.0	0.0	0.3785155117511749	0.0	0.6749911904335022	0.0	0.0	0.0	0.8496541380882263	0.24840843677520752	0.7282035946846008	1.173485279083252	0.7008147835731506	0.29639849066734314	0.6717217564582825	1.3276365995407104	0.0	0.0	0.0	0.40624144673347473	0.0	0.0	1.4087895154953003	0.4141252040863037	0.0	0.0	0.4375718832015991	1.3680332899093628	0.4563134014606476	0.0	1.2650595903396606	0.44394853711128235	0.3511173725128174	0.0	0.0	0.0	0.49093514680862427
1.2380175590515137	0.4579203724861145	0.0	0.9175955057144165	0.0	0.0	2.5226728916168213	0.0	0.717875063419342	0.0	0.0	0.0	0.427729070186615	0.0	0.0	0.8684781193733215	0.32281622290611267	0.49129027128219604	0.7222683429718018	0.14746525883674622	0.6083827018737793	0.3704370856285095	0.0	0.5902984738349915	1.415977954864502	0.2987406849861145	0.0	0.0	0.0	0.37329965829849243	0.0	0.677450954914093	0.0	0.0	0.0	0.8793065547943115	0.26009881496429443	0.7509942054748535	1.1801514625549316	0.7277206778526306	0.25601625442504883	0.6607252359390259	1.306960105895996	0.0	0.0	0.0	0.3940739929676056	0.0	0.0	1.4905740022659302	0.38243281841278076	0.0	0.0	0.5216341614723206	1.3543411493301392	0.4799076020717621	0.0	1.3283255100250244	0.4837695360183716	0.2919251322746277	0.0	0.0	0.0	0.5149751901626587
1.192753791809082	0.4575428068637848	0.0	0.8300008773803711	0.0	0.0	2.5187525749206543	0.0	0.6488733291625977	0.0	0.0	0.0	0.36578622460365295	0.0	0.0	0.8105140924453735	0.3322267532348633	0.4974800646305084	0.7055375576019287	0.10703673213720322	0.5357141494750977	0.3762195408344269	0.0	0.4997067153453827	1.352325439453125	0.2991890013217926	0.0	0.0	0.0	0.393504798412323	0.0	0.6899768710136414	0.0	0.0	0.0	0.8613713383674622	0.37404823303222656	0.7169236540794373	1.1673026084899902	0.7147623300552368	0.2546541094779968	0.6413993835449219	1.3409671783447266	0.0	0.0	0.0	0.3664126694202423	0.0	0.0	1.3740803003311157	0.47562456130981445	0.0	0.0	0.4208342432975769	1.3572107553482056	0.44540828466415405	0.0	1.315043568611145	0.40496259927749634	0.26973164081573486	0.0	0.0	0.0	0.5061277151107788
1.2694908380508423	0.4550386965274811	0.0	0.9455382823944092	0.0	0.0	2.5184438228607178	0.0	0.6846184730529785	0.0	0.0	0.0	0.4715330898761749	0.0	0.0	0.8619444966316223	0.32642796635627747	0.47371187806129456	0.6674211025238037	0.10291717201471329	0.6337650418281555	0.3764084279537201	0.0	0.5625137090682983	1.3923652172088623	0.34090572595596313	0.0	0.0	0.0	0.3630822002887726	0.0	0.6521209478378296	0.0	0.0	0.0	0.8421177864074707	0.3761822283267975	0.6925979256629944	1.1706907749176025	0.7173125147819519	0.2505871057510376	0.6262446641921997	1.319579839706421	0.0	0.0	0.0	0.3955644369125366	0.0	0.0	1.4675172567367554	0.4591869115829468	0.0	0.0	0.4261874556541443	1.3662186861038208	0.476299911737442	0.0	1.2953453063964844	0.467780739068985	0.2926013767719269	0.0	0.0	0.0	0.498374879360199
1.238118290901184	0.4565128684043884	0.0	0.8250108361244202	0.0	0.0	2.524749755859375	0.0	0.6815978288650513	0.0	0.0	0.0	0.38496842980384827	0.0	0.0	0.7656455636024475	0.32837918400764465	0.4467920660972595	0.6862072348594666	0.11483419686555862	0.5521909594535828	0.337292343378067	0.0	0.4924378991127014	1.3687517642974854	0.3079107999801636	0.0	0.0	0.0	0.3934089243412018	0.0	0.6638489365577698	0.0	0.0	0.0	0.8963426947593689	0.2171717882156372	0.7138236165046692	1.161303162574768	0.7014042139053345	0.2814924418926239	0.6533486247062683	1.3290705680847168	0.0	0.0	0.0	0.38107821345329285	0.0	0.0	1.3340140581130981	0.40619394183158875	0.0	0.0	0.43906861543655396	1.3268674612045288	0.4743041396141052	0.0	1.302885890007019	0.3892589807510376	0.28028255701065063	0.0	0.0	0.0	0.5520509481430054
1.234878420829773	0.4883138835430145	0.0	0.8287580609321594	0.0	0.0	2.505802869796753	0.0	0.6401125192642212	0.0	0.0	0.0	0.37308812141418457	0.0	0.0	0.7502228617668152	0.336789071559906	0.4694889783859253	0.6629342436790466	0.11329881101846695	0.5268505811691284	0.3701752722263336	0.0	0.49890244007110596	1.3888558149337769	0.33479043841362	0.0	0.0	0.0	0.4135109484195709	0.0	0.6965110301971436	0.0	0.0	0.0	0.8715622425079346	0.378839373588562	0.7471131682395935	1.1773499250411987	0.7466585636138916	0.2526012659072876	0.6286938786506653	1.278295874595642	0.0	0.0	0.0	0.3384447991847992	0.0	0.0	1.3309828042984009	0.35914915800094604	0.0	0.0	0.4457729458808899	1.3612761497497559	0.5097658038139343	0.0	1.2930908203125	0.3604139983654022	0.24902716279029846	0.0	0.0	0.0	0.5004600286483765
1.249938726425171	0.45914405584335327	0.0	0.9380093812942505	0.0	0.0	2.4835145473480225	0.0	0.6753962635993958	0.0	0.0	0.0	0.40078091621398926	0.0	0.0	0.7736493349075317	0.4094362258911133	0.4609965682029724	0.6781190633773804	0.1442854255437851	0.5220736265182495	0.35426512360572815	0.0	0.5827066898345947	1.3695532083511353	0.28883975744247437	0.0	0.0	0.0	0.37674254179000854	0.0	0.6544451713562012	0.0	0.0	0.0	0.8610413074493408	0.2776557207107544	0.7499032616615295	1.1788445711135864	0.7093740701675415	0.2719392478466034	0.6777658462524414	1.2765885591506958	0.0	0.0	0.0	0.3449632227420807	0.0	0.0	1.334596037864685	0.3514901101589203	0.0	0.0	0.4809701442718506	1.3277232646942139	0.44926539063453674	0.0	1.2991002798080444	0.39283785223960876	0.2720332741737366	0.0	0.0	0.0	0.49122434854507446
1.2113611698150635	0.43630582094192505	0.0	0.8526259064674377	0.0	0.0	2.4913995265960693	0.0	0.6729004383087158	0.0	0.0	0.0	0.3761890232563019	0.0	0.0	0.759244978427887	0.31017613410949707	0.4741227328777313	0.6786227226257324	0.13689804077148438	0.5267302393913269	0.362057626247406	0.0	0.583945095539093	1.3665313720703125	0.3224993646144867	0.0	0.0	0.0	0.38551339507102966	0.0	0.6692804098129272	0.0	0.0	0.0	0.8500925302505493	0.23246516287326813	0.7492809295654297	1.1831485033035278	0.7030718922615051	0.30667340755462646	0.6336420178413391	1.2929348945617676	0.0	0.0	0.0	0.3424471318721771	0.0	0.0	1.3127937316894531	0.36411190032958984	0.0	0.0	0.4972916841506958	1.3330765962600708	0.4406811594963074	0.0	1.2826508283615112	0.374134361743927	0.2636669874191284	0.0	0.0	0.0	0.49033764004707336
1.2100869417190552	0.47638165950775146	0.0	0.9634442925453186	0.0	0.0	2.53897762298584	0.0	0.6790745854377747	0.0	0.0	0.0	0.3674980103969574	0.0	0.0	0.7730432748794556	0.36146146059036255	0.5259954929351807	0.6988160610198975	0.1464109718799591	0.5438879132270813	0.3680632710456848	0.0	0.5255313515663147	1.3660316467285156	0.362500935792923	0.0	0.0	0.0	0.3695463240146637	0.0	0.6805647015571594	0.0	0.0	0.0	0.8604649305343628	0.38281741738319397	0.7930780649185181	1.1577210426330566	0.6858929395675659	0.30696794390678406	0.6787328124046326	1.2981901168823242	0.0	0.0	0.0	0.38378286361694336	0.0	0.0	1.3631757497787476	0.38370704650878906	0.0	0.0	0.5175667405128479	1.3553885221481323	0.4495488405227661	0.0	1.30474054813385	0.4352366626262665	0.2895033061504364	0.0	0.0	0.0	0.5153863430023193
1.2177186012268066	0.4560594856739044	0.0	0.9300926327705383	0.0	0.0	2.561368227005005	0.0	0.7002073526382446	0.0	0.0	0.0	0.373651921749115	0.0	0.0	0.8522869348526001	0.33084607124328613	0.49733173847198486	0.7260494232177734	0.1320182830095291	0.5569838285446167	0.36852192878723145	0.0	0.5679603219032288	1.4054627418518066	0.3314119279384613	0.0	0.0	0.0	0.3855506181716919	0.0	0.6648804545402527	0.0	0.0	0.0	0.8601699471473694	0.2955123484134674	0.7558292746543884	1.2114053964614868	0.7282314896583557	0.2923828363418579	0.6255574226379395	1.3357008695602417	0.0	0.0	0.0	0.39253461360931396	0.0	0.0	1.3840420246124268	0.417093962430954	0.0	0.0	0.499041885137558	1.3627687692642212	0.4871883988380432	0.0	1.3466743230819702	0.4195145070552826	0.2585541605949402	0.0	0.0	0.0	0.5449984073638916
1.236125111579895	0.43365079164505005	0.0	0.8255643248558044	0.0	0.0	2.446533441543579	0.0	0.663404107093811	0.0	0.0	0.0	0.37970858812332153	0.0	0.0	0.7616443037986755	0.3448948562145233	0.4771643579006195	0.6621692776679993	0.10230769962072372	0.5224990844726562	0.3775346875190735	0.0	0.4786303639411926	1.4060941934585571	0.3207557797431946	0.0	0.0	0.0	0.42027395963668823	0.0	0.6688847541809082	0.0	0.0	0.0	0.8647409677505493	0.23879030346870422	0.6776526570320129	1.1748157739639282	0.708498477935791	0.25901439785957336	0.6137229800224304	1.32150399684906	0.0	0.0	0.0	0.353254109621048	0.0	0.0	1.3743789196014404	0.40417057275772095	0.0	0.0	0.41880491375923157	1.3433541059494019	0.4351739287376404	0.0	1.292190670967102	0.37680885195732117	0.2824290990829468	0.0	0.0	0.0	0.5094137787818909
1.2229877710342407	0.5007046461105347	0.0	0.8533018231391907	0.0	0.0	2.479745864868164	0.0	0.7182052135467529	0.0	0.0	0.0	0.38327038288116455	0.0	0.0	0.783733606338501	0.3167104423046112	0.4930571913719177	0.6713273525238037	0.14233283698558807	0.5561264753341675	0.3796273469924927	0.0	0.5176032781600952	1.4101996421813965	0.35188406705856323	0.0	0.0	0.0	0.3840206265449524	0.0	0.6579034328460693	0.0	0.0	0.0	0.8563686609268188	0.21332800388336182	0.7051902413368225	1.1755424737930298	0.7124096751213074	0.3044191002845764	0.6283894181251526	1.2933799028396606	0.0	0.0	0.0	0.344708651304245	0.0	0.0	1.3331022262573242	0.38509613275527954	0.0	0.0	0.47103744745254517	1.3748599290847778	0.4918908178806305	0.0	1.2899354696273804	0.37373173236846924	0.2529090344905853	0.0	0.0	0.0	0.50491863489151
1.2318459749221802	0.4403597116470337	0.0	0.828410267829895	0.0	0.0	2.5021555423736572	0.0	0.6761974096298218	0.0	0.0	0.0	0.3952537775039673	0.0	0.0	0.7455363869667053	0.339181125164032	0.5217359662055969	0.7251995801925659	0.14053085446357727	0.5443539619445801	0.3746851980686188	0.0	0.49194931983947754	1.4027165174484253	0.3724791705608368	0.0	0.0	0.0	0.36044883728027344	0.0	0.6934970617294312	0.0	0.0	0.0	0.8446275591850281	0.38177838921546936	0.688362181186676	1.2025655508041382	0.7280474901199341	0.30541810393333435	0.6484954953193665	1.3343448638916016	0.0	0.0	0.0	0.36884385347366333	0.0	0.0	1.3752474784851074	0.3991931974887848	0.0	0.0	0.45602789521217346	1.344645380973816	0.44551175832748413	0.0	1.305433750152588	0.3812802731990814	0.2812175750732422	0.0	0.0	0.0	0.5193631649017334
1.2420393228530884	0.4713035225868225	0.0	0.8212223649024963	0.0	0.0	2.5164711475372314	0.0	0.6655627489089966	0.0	0.0	0.0	0.36195507645606995	0.0	0.0	0.8102185726165771	0.31244292855262756	0.47526490688323975	0.6688932180404663	0.13914543390274048	0.5445101261138916	0.36691147089004517	0.0	0.48355206847190857	1.3601731061935425	0.3037942051887512	0.0	0.0	0.0	0.3633309006690979	0.0	0.6536714434623718	0.0	0.0	0.0	0.8627745509147644	0.37950003147125244	0.6955017447471619	1.1705323457717896	0.7073677182197571	0.32803457975387573	0.6139104962348938	1.3455287218093872	0.0	0.0	0.0	0.3675823211669922	0.0	0.0	1.3518999814987183	0.3813379406929016	0.0	0.0	0.41602006554603577	1.3390713930130005	0.4856356084346771	0.0	1.3587044477462769	0.4058391749858856	0.24089640378952026	0.0	0.0	0.0	0.5056371092796326
1.278799057006836	0.4671822190284729	0.0	0.9650707840919495	0.0	0.0	2.4661126136779785	0.0	0.732210099697113	0.0	0.0	0.0	0.45181742310523987	0.0	0.0	0.8394378423690796	0.3364659249782562	0.4437657594680786	0.7007133960723877	0.12175939977169037	0.6328012347221375	0.3626270592212677	0.0	0.5529798865318298	1.4207860231399536	0.29783836007118225	0.0	0.0	0.0	0.3831328749656677	0.0	0.6606046557426453	0.0	0.0	0.0	0.8796139359474182	0.2727704346179962	0.6917606592178345	1.1809815168380737	0.7211902141571045	0.2968669831752777	0.6262905597686768	1.2804450988769531	0.0	0.0	0.0	0.4017024040222168	0.0	0.0	1.4957963228225708	0.39981332421302795	0.0	0.0	0.41442376375198364	1.341202974319458	0.43910685181617737	0.0	1.3039549589157104	0.47264572978019714	0.29281553626060486	0.0	0.0	0.0	0.548208475112915
1.211083173751831	0.4488737881183624	0.0	0.8181282877922058	0.0	0.0	2.514248847961426	0.0	0.6835423707962036	0.0	0.0	0.0	0.37227538228034973	0.0	0.0	0.7421775460243225	0.3399069905281067	0.4697082042694092	0.6625179052352905	0.10861817747354507	0.5576561093330383	0.3780934512615204	0.0	0.4610779285430908	1.3855524063110352	0.2875223159790039	0.0	0.0	0.0	0.3872779905796051	0.0	0.6569809913635254	0.0	0.0	0.0	0.8454528450965881	0.23551419377326965	0.6858724355697632	1.1679140329360962	0.7212847471237183	0.28593572974205017	0.6005381941795349	1.2936787605285645	0.0	0.0	0.0	0.34617266058921814	0.0	0.0	1.348586916923523	0.3878517150878906	0.0	0.0	0.4051198363304138	1.3509440422058105	0.4519362151622772	0.0	1.2886853218078613	0.35470476746559143	0.25103679299354553	0.0	0.0	0.0	0.48954492807388306
1.2208985090255737	0.5008375644683838	0.0	0.8580437898635864	0.0	0.0	2.6183674335479736	0.0	0.6847054958343506	0.0	0.0	0.0	0.4050978422164917	0.0	0.0	0.7845226526260376	0.33654728531837463	0.46203845739364624	0.6670281291007996	0.12031025439500809	0.5434787273406982	0.3857465386390686	0.0	0.550279438495636	1.361624002456665	0.3614588975906372	0.0	0.0	0.0	0.40691787004470825	0.0	0.6729207634925842	0.0	0.0	0.0	0.8549941182136536	0.28161317110061646	0.7322068810462952	1.2372009754180908	0.7062245607376099	0.24905060231685638	0.6761354207992554	1.3744919300079346	0.0	0.0	0.0	0.3469866216182709	0.0	0.0	1.327858805656433	0.3810150921344757	0.0	0.0	0.47487711906433105	1.3700530529022217	0.49043458700180054	0.0	1.3317654132843018	0.4023238718509674	0.2583121955394745	0.0	0.0	0.0	0.5177255868911743
1.271141529083252	0.4858548939228058	0.0	0.826919436454773	0.0	0.0	2.507434844970703	0.0	0.6720041036605835	0.0	0.0	0.0	0.3867438733577728	0.0	0.0	0.774224579334259	0.33929938077926636	0.548708438873291	0.7314573526382446	0.12314142286777496	0.5176345109939575	0.37373682856559753	0.0	0.48481127619743347	1.3482048511505127	0.4107454717159271	0.0	0.0	0.0	0.36721688508987427	0.0	0.7445985674858093	0.0	0.0	0.0	0.8410778641700745	0.20373007655143738	0.7402758598327637	1.1481319665908813	0.6962504982948303	0.33640384674072266	0.6554383635520935	1.3501495122909546	0.0	0.0	0.0	0.3782632350921631	0.0	0.0	1.344951868057251	0.36098021268844604	0.0	0.0	0.4420316517353058	1.3427809476852417	0.4577707350254059	0.0	1.250181794166565	0.44736340641975403	0.30280324816703796	0.0	0.0	0.0	0.48513346910476685
1.2496072053909302	0.4636662006378174	0.0	0.9452010989189148	0.0	0.0	2.5185298919677734	0.0	0.6746817231178284	0.0	0.0	0.0	0.4232202470302582	0.0	0.0	0.7582338452339172	0.3754696547985077	0.4606451094150543	0.7535899877548218	0.1283314973115921	0.5889774560928345	0.37558168172836304	0.0	0.5887197852134705	1.3743935823440552	0.3340407609939575	0.0	0.0	0.0	0.36078551411628723	0.0	0.6526462435722351	0.0	0.0	0.0	0.9013364315032959	0.27729475498199463	0.7674557566642761	1.171614170074463	0.7203570008277893	0.23881922662258148	0.6415855288505554	1.2794469594955444	0.0	0.0	0.0	0.35586777329444885	0.0	0.0	1.3682116270065308	0.3882918059825897	0.0	0.0	0.4999092221260071	1.3436870574951172	0.4420757591724396	0.0	1.3052585124969482	0.3678329288959503	0.26968246698379517	0.0	0.0	0.0	0.5467604398727417
1.2906876802444458	0.4680961072444916	0.0	0.9221223592758179	0.0	0.0	2.49544095993042	0.0	0.6893255710601807	0.0	0.0	0.0	0.42340993881225586	0.0	0.0	0.8190718293190002	0.3501127064228058	0.46184664964675903	0.6670732498168945	0.1092754453420639	0.5835753083229065	0.360843688249588	0.0	0.5131837725639343	1.3689206838607788	0.3199702501296997	0.0	0.0	0.0	0.388188898563385	0.0	0.6635609269142151	0.0	0.0	0.0	0.8889673948287964	0.40276187658309937	0.7001831531524658	1.1894502639770508	0.6983325481414795	0.28208765387535095	0.6246752738952637	1.345982313156128	0.0	0.0	0.0	0.40327563881874084	0.0	0.0	1.4379264116287231	0.3855004608631134	0.0	0.0	0.4193623661994934	1.346191644668579	0.46626120805740356	0.0	1.336898922920227	0.4212682545185089	0.3127067983150482	0.0	0.0	0.0	0.5088209509849548
1.225632905960083	0.4426387846469879	0.0	0.8318270444869995	0.0	0.0	2.57373309135437	0.0	0.6736258268356323	0.0	0.0	0.0	0.3838830590248108	0.0	0.0	0.8148122429847717	0.3188972771167755	0.46633070707321167	0.6642955541610718	0.12387736141681671	0.5425793528556824	0.37407374382019043	0.0	0.5020180940628052	1.3806835412979126	0.29964563250541687	0.0	0.0	0.0	0.37797123193740845	0.0	0.6658216714859009	0.0	0.0	0.0	0.8792933821678162	0.2234777957201004	0.6881369948387146	1.1827178001403809	0.7157893180847168	0.2925814986228943	0.6429641842842102	1.3044267892837524	0.0	0.0	0.0	0.3566932678222656	0.0	0.0	1.3704662322998047	0.4100794792175293	0.0	0.0	0.42786189913749695	1.3557130098342896	0.47333961725234985	0.0	1.3071023225784302	0.4244515895843506	0.26799118518829346	0.0	0.0	0.0	0.5039269924163818
1.2219651937484741	0.4612346887588501	0.0	0.8583084344863892	0.0	0.0	2.501498222351074	0.0	0.6962693929672241	0.0	0.0	0.0	0.3831831216812134	0.0	0.0	0.759003221988678	0.36306634545326233	0.49655961990356445	0.6812790036201477	0.135440856218338	0.5366083383560181	0.3749714493751526	0.0	0.47675660252571106	1.4505994319915771	0.3499608337879181	0.0	0.0	0.0	0.3914603888988495	0.0	0.6723228693008423	0.0	0.0	0.0	0.8546839952468872	0.2484799474477768	0.6942856907844543	1.2045167684555054	0.7343859672546387	0.3195517063140869	0.6518276929855347	1.3173516988754272	0.0	0.0	0.0	0.38691192865371704	0.0	0.0	1.4203311204910278	0.3676259517669678	0.0	0.0	0.43285661935806274	1.3407341241836548	0.45100197196006775	0.0	1.2899200916290283	0.41188129782676697	0.2601313889026642	0.0	0.0	0.0	0.5371217131614685
1.2109105587005615	0.4366648197174072	0.0	0.9178412556648254	0.0	0.0	2.522648572921753	0.0	0.6920746564865112	0.0	0.0	0.0	0.4145871102809906	0.0	0.0	0.8444437384605408	0.3217815160751343	0.5122471451759338	0.6919716596603394	0.0953359380364418	0.5730128288269043	0.3715199828147888	0.0	0.5197075009346008	1.402584195137024	0.40062597393989563	0.0	0.0	0.0	0.39221253991127014	0.0	0.669826865196228	0.0	0.0	0.0	0.8261657357215881	0.26139864325523376	0.6957971453666687	1.1759158372879028	0.6981627345085144	0.3088223934173584	0.6368377208709717	1.2800354957580566	0.0	0.0	0.0	0.3825364112854004	0.0	0.0	1.4376108646392822	0.3588489294052124	0.0	0.0	0.46015864610671997	1.328885793685913	0.42797258496284485	0.0	1.2753735780715942	0.47787076234817505	0.26543930172920227	0.0	0.0	0.0	0.5134117007255554
1.2102879285812378	0.45984938740730286	0.0	0.8176012635231018	0.0	0.0	2.4628474712371826	0.0	0.6691896915435791	0.0	0.0	0.0	0.385642409324646	0.0	0.0	0.7686641812324524	0.3195604979991913	0.48496511578559875	0.70604407787323	0.11469493806362152	0.5368465185165405	0.3722938299179077	0.0	0.49719882011413574	1.3900291919708252	0.3027806282043457	0.0	0.0	0.0	0.3820260167121887	0.0	0.6582233309745789	0.0	0.0	0.0	0.8653500080108643	0.24635274708271027	0.6932777762413025	1.167201042175293	0.7264689207077026	0.2518996596336365	0.6450474262237549	1.2802876234054565	0.0	0.0	0.0	0.33800312876701355	0.0	0.0	1.3601737022399902	0.4027597904205322	0.0	0.0	0.42602768540382385	1.3166500329971313	0.4532851278781891	0.0	1.2966645956039429	0.36146360635757446	0.26887306571006775	0.0	0.0	0.0	0.5139166712760925
1.2601165771484375	0.44481557607650757	0.0	0.9556741118431091	0.0	0.0	2.5187771320343018	0.0	0.7020555138587952	0.0	0.0	0.0	0.40394604206085205	0.0	0.0	0.819187343120575	0.3140259087085724	0.4474533498287201	0.6637532711029053	0.13524968922138214	0.6127442121505737	0.355368971824646	0.0	0.543366014957428	1.4458496570587158	0.3320600092411041	0.0	0.0	0.0	0.380256325006485	0.0	0.6530380845069885	0.0	0.0	0.0	0.8458331227302551	0.2951560318470001	0.7812875509262085	1.1894913911819458	0.6994025111198425	0.27510902285575867	0.642819881439209	1.326006293296814	0.0	0.0	0.0	0.38542959094047546	0.0	0.0	1.5122356414794922	0.45255807042121887	0.0	0.0	0.4686202108860016	1.366121530532837	0.4620372951030731	0.0	1.3351746797561646	0.4916311204433441	0.255401074886322	0.0	0.0	0.0	0.4910551607608795
1.2320499420166016	0.43300268054008484	0.0	0.8521865606307983	0.0	0.0	2.508484363555908	0.0	0.6666399836540222	0.0	0.0	0.0	0.37220853567123413	0.0	0.0	0.7819386124610901	0.3359777629375458	0.5030698776245117	0.7183749079704285	0.11621532589197159	0.5353425741195679	0.38037583231925964	0.0	0.4767741560935974	1.3984960317611694	0.30471348762512207	0.0	0.0	0.0	0.3915438652038574	0.0	0.6766713261604309	0.0	0.0	0.0	0.8424779772758484	0.23167306184768677	0.6900065541267395	1.1957793235778809	0.7087765336036682	0.24723376333713531	0.6471442580223083	1.2870033979415894	0.0	0.0	0.0	0.34679457545280457	0.0	0.0	1.3446003198623657	0.4927809238433838	0.0	0.0	0.42330047488212585	1.342317819595337	0.46779710054397583	0.0	1.261933445930481	0.3836343586444855	0.268059104681015	0.0	0.0	0.0	0.5079388618469238
1.2147157192230225	0.45278555154800415	0.0	0.8626936674118042	0.0	0.0	2.517822742462158	0.0	0.6584629416465759	0.0	0.0	0.0	0.37995243072509766	0.0	0.0	0.775138258934021	0.31594061851501465	0.5184944272041321	0.7089021801948547	0.11268343031406403	0.5264493823051453	0.35750898718833923	0.0	0.49577999114990234	1.3759644031524658	0.3623467981815338	0.0	0.0	0.0	0.3823663294315338	0.0	0.6695190072059631	0.0	0.0	0.0	0.8544122576713562	0.20940513908863068	0.710620641708374	1.1688973903656006	0.7142041921615601	0.3268144726753235	0.6299818754196167	1.3099309206008911	0.0	0.0	0.0	0.37754762172698975	0.0	0.0	1.3620156049728394	0.3636135756969452	0.0	0.0	0.4289981424808502	1.3302708864212036	0.4386926293373108	0.0	1.2951650619506836	0.4105471670627594	0.2673165798187256	0.0	0.0	0.0	0.4974764883518219
1.2164479494094849	0.44986486434936523	0.0	0.9816010594367981	0.0	0.0	2.518980026245117	0.0	0.6632847785949707	0.0	0.0	0.0	0.3917008340358734	0.0	0.0	0.7774115800857544	0.3125584125518799	0.5149840116500854	0.6892786026000977	0.12825119495391846	0.5172633528709412	0.3772835433483124	0.0	0.5940321683883667	1.396588683128357	0.3188559412956238	0.0	0.0	0.0	0.3795134127140045	0.0	0.6584774851799011	0.0	0.0	0.0	0.8521201610565186	0.2968515455722809	0.6749403476715088	1.1740753650665283	0.7132049798965454	0.25843653082847595	0.6620508432388306	1.3485740423202515	0.0	0.0	0.0	0.35686004161834717	0.0	0.0	1.3848668336868286	0.36987537145614624	0.0	0.0	0.5288854837417603	1.3867359161376953	0.43196845054626465	0.0	1.3159695863723755	0.3880378007888794	0.2549688518047333	0.0	0.0	0.0	0.5026275515556335
1.2170805931091309	0.4565505385398865	0.0	0.8557889461517334	0.0	0.0	2.4398367404937744	0.0	0.6963098645210266	0.0	0.0	0.0	0.399738073348999	0.0	0.0	0.7888457775115967	0.3274925649166107	0.47141584753990173	0.6964761018753052	0.12598201632499695	0.5402986407279968	0.3794032335281372	0.0	0.4971500337123871	1.3801987171173096	0.3192984461784363	0.0	0.0	0.0	0.37184545397758484	0.0	0.6596665382385254	0.0	0.0	0.0	0.8584200739860535	0.22138264775276184	0.6875993609428406	1.1782417297363281	0.6943365335464478	0.2953565716743469	0.62298983335495	1.3313170671463013	0.0	0.0	0.0	0.35347291827201843	0.0	0.0	1.3577063083648682	0.5005573034286499	0.0	0.0	0.4310995042324066	1.336567997932434	0.46602246165275574	0.0	1.285159707069397	0.39010486006736755	0.274603009223938	0.0	0.0	0.0	0.5243133306503296
1.22342848777771	0.4486002027988434	0.0	0.8195357918739319	0.0	0.0	2.4946162700653076	0.0	0.6586594581604004	0.0	0.0	0.0	0.36855649948120117	0.0	0.0	0.7979297637939453	0.30394789576530457	0.5062849521636963	0.699382483959198	0.1207323670387268	0.5310714840888977	0.3801996111869812	0.0	0.5008527040481567	1.3807172775268555	0.3092443346977234	0.0	0.0	0.0	0.38155651092529297	0.0	0.6980526447296143	0.0	0.0	0.0	0.8800342082977295	0.39023423194885254	0.6993119716644287	1.1647261381149292	0.7018643021583557	0.28078046441078186	0.6482935547828674	1.289779782295227	0.0	0.0	0.0	0.34549540281295776	0.0	0.0	1.3704018592834473	0.40118956565856934	0.0	0.0	0.41165608167648315	1.3155076503753662	0.45460185408592224	0.0	1.3157050609588623	0.41167783737182617	0.29604125022888184	0.0	0.0	0.0	0.5215266942977905
1.2386847734451294	0.4457607567310333	0.0	0.8513445854187012	0.0	0.0	2.5131351947784424	0.0	0.6576663851737976	0.0	0.0	0.0	0.377261757850647	0.0	0.0	0.8005271553993225	0.3178580403327942	0.47305527329444885	0.6962661147117615	0.11962533742189407	0.546282172203064	0.36277493834495544	0.0	0.49320828914642334	1.4071485996246338	0.3136438727378845	0.0	0.0	0.0	0.3926980793476105	0.0	0.6544057726860046	0.0	0.0	0.0	0.8553438186645508	0.2357809841632843	0.7019068598747253	1.2167091369628906	0.7053636908531189	0.2482086420059204	0.629331111907959	1.3268247842788696	0.0	0.0	0.0	0.3809002637863159	0.0	0.0	1.3924692869186401	0.37418222427368164	0.0	0.0	0.41837313771247864	1.344007968902588	0.4639887511730194	0.0	1.321691632270813	0.4000282287597656	0.26356321573257446	0.0	0.0	0.0	0.503237247467041
1.2076265811920166	0.4375166893005371	0.0	0.8220528364181519	0.0	0.0	2.5476503372192383	0.0	0.6871763467788696	0.0	0.0	0.0	0.3698791563510895	0.0	0.0	0.7802361249923706	0.300268292427063	0.49600547552108765	0.6816908121109009	0.10243513435125351	0.505250096321106	0.3813720643520355	0.0	0.5103418827056885	1.370879888534546	0.3243994116783142	0.0	0.0	0.0	0.40375229716300964	0.0	0.6509109735488892	0.0	0.0	0.0	0.8855642080307007	0.3887837827205658	0.6979113221168518	1.1537221670150757	0.6835818290710449	0.34602218866348267	0.6455066204071045	1.3157801628112793	0.0	0.0	0.0	0.3301868140697479	0.0	0.0	1.3764694929122925	0.38347122073173523	0.0	0.0	0.45765095949172974	1.3310308456420898	0.44455188512802124	0.0	1.3049236536026	0.38742172718048096	0.285545289516449	0.0	0.0	0.0	0.49665459990501404
1.2414015531539917	0.4426986277103424	0.0	0.9044129848480225	0.0	0.0	2.518217086791992	0.0	0.7151290774345398	0.0	0.0	0.0	0.4415920376777649	0.0	0.0	0.8296891450881958	0.3412802517414093	0.4979190528392792	0.6753145456314087	0.10871198028326035	0.6140413880348206	0.3559751510620117	0.0	0.5342130064964294	1.3959014415740967	0.35636186599731445	0.0	0.0	0.0	0.37118297815322876	0.0	0.6553125381469727	0.0	0.0	0.0	0.8340907692909241	0.24492207169532776	0.7142825126647949	1.1664377450942993	0.7079271078109741	0.30745139718055725	0.614747941493988	1.2797542810440063	0.0	0.0	0.0	0.4143272340297699	0.0	0.0	1.442893147468567	0.35963401198387146	0.0	0.0	0.41953006386756897	1.3123927116394043	0.44550877809524536	0.0	1.2837121486663818	0.45282629132270813	0.2975381910800934	0.0	0.0	0.0	0.5179838538169861
1.2267611026763916	0.43887946009635925	0.0	0.8553562164306641	0.0	0.0	2.5870752334594727	0.0	0.7019246220588684	0.0	0.0	0.0	0.4210756719112396	0.0	0.0	0.8242910504341125	0.36257386207580566	0.47208601236343384	0.6966453194618225	0.10885252058506012	0.5939586758613586	0.3631000220775604	0.0	0.5214908719062805	1.3939313888549805	0.3260241150856018	0.0	0.0	0.0	0.37031033635139465	0.0	0.659320592880249	0.0	0.0	0.0	0.8600814938545227	0.24071504175662994	0.7050219178199768	1.181066632270813	0.721191942691803	0.2631322741508484	0.6282031536102295	1.2916086912155151	0.0	0.0	0.0	0.3857790231704712	0.0	0.0	1.43451726436615	0.46008020639419556	0.0	0.0	0.44910070300102234	1.3622208833694458	0.4523078501224518	0.0	1.2919833660125732	0.44989123940467834	0.2797839939594269	0.0	0.0	0.0	0.5058019757270813
1.2199013233184814	0.45270341634750366	0.0	0.8865330815315247	0.0	0.0	2.5749552249908447	0.0	0.6992031931877136	0.0	0.0	0.0	0.37124279141426086	0.0	0.0	0.8522811532020569	0.32136136293411255	0.4670981168746948	0.7043105363845825	0.11050217598676682	0.5248592495918274	0.37186259031295776	0.0	0.5151331424713135	1.3927325010299683	0.3016655445098877	0.0	0.0	0.0	0.39493006467819214	0.0	0.66142338514328	0.0	0.0	0.0	0.8520566821098328	0.20608952641487122	0.6933903098106384	1.182449221611023	0.710035502910614	0.2607523202896118	0.6324169039726257	1.3117703199386597	0.0	0.0	0.0	0.3460112512111664	0.0	0.0	1.3044147491455078	0.36602985858917236	0.0	0.0	0.4410622715950012	1.3016704320907593	0.48623037338256836	0.0	1.3234922885894775	0.4011341631412506	0.2518034279346466	0.0	0.0	0.0	0.49776965379714966
1.23372220993042	0.4440639317035675	0.0	0.8494687080383301	0.0	0.0	2.527972936630249	0.0	0.6931411027908325	0.0	0.0	0.0	0.36841118335723877	0.0	0.0	0.7637220621109009	0.3394159972667694	0.4827510714530945	0.6949387788772583	0.12279506027698517	0.5397233963012695	0.3785112500190735	0.0	0.5149444937705994	1.383733868598938	0.29715651273727417	0.0	0.0	0.0	0.36864668130874634	0.0	0.6552134156227112	0.0	0.0	0.0	0.8456465601921082	0.20670178532600403	0.7361335158348083	1.1695547103881836	0.7119249701499939	0.24651025235652924	0.6513410806655884	1.2945265769958496	0.0	0.0	0.0	0.34858521819114685	0.0	0.0	1.3544808626174927	0.36457014083862305	0.0	0.0	0.4311014413833618	1.32643461227417	0.43337783217430115	0.0	1.2844388484954834	0.3727898895740509	0.27362561225891113	0.0	0.0	0.0	0.5313303470611572
1.2570735216140747	0.4391094148159027	0.0	0.8356407880783081	0.0	0.0	2.508610248565674	0.0	0.6893559694290161	0.0	0.0	0.0	0.3851778507232666	0.0	0.0	0.7745870351791382	0.4101243019104004	0.47929972410202026	0.6944429874420166	0.15360583364963531	0.5651598572731018	0.3514697849750519	0.0	0.49737346172332764	1.3884533643722534	0.29518917202949524	0.0	0.0	0.0	0.3846293091773987	0.0	0.6813766956329346	0.0	0.0	0.0	0.8708563446998596	0.25802475214004517	0.6958276629447937	1.1846895217895508	0.7317404747009277	0.28068438172340393	0.6700634360313416	1.3146240711212158	0.0	0.0	0.0	0.37967532873153687	0.0	0.0	1.3779653310775757	0.40531617403030396	0.0	0.0	0.43187063932418823	1.327902913093567	0.4694426953792572	0.0	1.3017683029174805	0.37888073921203613	0.28699544072151184	0.0	0.0	0.0	0.5403621196746826
1.2441143989562988	0.5414677262306213	0.0	0.9868464469909668	0.0	0.0	2.6097586154937744	0.0	0.6725810170173645	0.0	0.0	0.0	0.4056529104709625	0.0	0.0	0.8051587343215942	0.3520315885543823	0.5013728141784668	0.7265188694000244	0.1518176794052124	0.5468491911888123	0.40215957164764404	0.0	0.55438631772995	1.404220700263977	0.3244541883468628	0.0	0.0	0.0	0.3826213479042053	0.0	0.6756784319877625	0.0	0.0	0.0	0.8939761519432068	0.31540346145629883	0.7924447059631348	1.1874643564224243	0.732783854007721	0.2537557780742645	0.6394263505935669	1.3336501121520996	0.0	0.0	0.0	0.34916871786117554	0.0	0.0	1.3788297176361084	0.37611207365989685	0.0	0.0	0.5126333236694336	1.3406773805618286	0.5121563076972961	0.0	1.313297986984253	0.4060981571674347	0.3025625944137573	0.0	0.0	0.0	0.5008204579353333
1.263419508934021	0.45159396529197693	0.0	0.977552056312561	0.0	0.0	2.4927899837493896	0.0	0.7158523797988892	0.0	0.0	0.0	0.4334271550178528	0.0	0.0	0.8742040991783142	0.31701165437698364	0.45133650302886963	0.6792387962341309	0.15002118051052094	0.6066153645515442	0.3607209622859955	0.0	0.5953770875930786	1.4176217317581177	0.31441956758499146	0.0	0.0	0.0	0.38429710268974304	0.0	0.6533581018447876	0.0	0.0	0.0	0.8580045104026794	0.27918094396591187	0.7738248109817505	1.1647554636001587	0.7043247818946838	0.2447671741247177	0.6509205102920532	1.268947958946228	0.0	0.0	0.0	0.36885032057762146	0.0	0.0	1.4518615007400513	0.46995648741722107	0.0	0.0	0.4896537959575653	1.3291317224502563	0.46833494305610657	0.0	1.3425016403198242	0.43393629789352417	0.3012501001358032	0.0	0.0	0.0	0.4912160038948059
1.2812377214431763	0.45541974902153015	0.0	0.9057078957557678	0.0	0.0	2.5033223628997803	0.0	0.7003151178359985	0.0	0.0	0.0	0.4347243905067444	0.0	0.0	0.8232871890068054	0.35221657156944275	0.4920749068260193	0.6837565302848816	0.12174645066261292	0.6034608483314514	0.3733600974082947	0.0	0.5167078971862793	1.3897528648376465	0.30526459217071533	0.0	0.0	0.0	0.39413225650787354	0.0	0.6433742642402649	0.0	0.0	0.0	0.9051050543785095	0.23705337941646576	0.7314630150794983	1.1922686100006104	0.7103045582771301	0.2594988942146301	0.6423137784004211	1.2711851596832275	0.0	0.0	0.0	0.38165396451950073	0.0	0.0	1.4240150451660156	0.5018420219421387	0.0	0.0	0.40246158838272095	1.3519501686096191	0.460111528635025	0.0	1.29817795753479	0.4550812542438507	0.286453515291214	0.0	0.0	0.0	0.505366325378418
1.211275577545166	0.45109835267066956	0.0	0.8148760795593262	0.0	0.0	2.4832921028137207	0.0	0.6661170721054077	0.0	0.0	0.0	0.3979550898075104	0.0	0.0	0.7779190540313721	0.3186788260936737	0.45268383622169495	0.6662466526031494	0.12303311377763748	0.5158146619796753	0.3655635118484497	0.0	0.46544232964515686	1.363754153251648	0.32682743668556213	0.0	0.0	0.0	0.37071722745895386	0.0	0.6539284586906433	0.0	0.0	0.0	0.8603110909461975	0.2027575969696045	0.6913880109786987	1.1782214641571045	0.7022740840911865	0.2673313319683075	0.61832195520401	1.341872215270996	0.0	0.0	0.0	0.33136969804763794	0.0	0.0	1.3275904655456543	0.37049493193626404	0.0	0.0	0.43927687406539917	1.3445972204208374	0.4698081612586975	0.0	1.2792385816574097	0.3831247091293335	0.3103832006454468	0.0	0.0	0.0	0.5534585118293762
1.205844521522522	0.4820912480354309	0.0	0.9443436861038208	0.0	0.0	2.6544082164764404	0.0	0.6855216026306152	0.0	0.0	0.0	0.3764963448047638	0.0	0.0	0.7978218793869019	0.3065420091152191	0.5268896818161011	0.7062658071517944	0.1491137593984604	0.536727786064148	0.36519479751586914	0.0	0.482502818107605	1.3879852294921875	0.36965399980545044	0.0	0.0	0.0	0.37074750661849976	0.0	0.6734548807144165	0.0	0.0	0.0	0.8594458103179932	0.2809118628501892	0.7863282561302185	1.1973308324813843	0.7282501459121704	0.3322986960411072	0.637948751449585	1.3192858695983887	0.0	0.0	0.0	0.3751212954521179	0.0	0.0	1.366687297821045	0.3928208351135254	0.0	0.0	0.49399489164352417	1.3798178434371948	0.46042004227638245	0.0	1.2603504657745361	0.3848641514778137	0.28381267189979553	0.0	0.0	0.0	0.5152096152305603
1.2176179885864258	0.447902649641037	0.0	0.928361713886261	0.0	0.0	2.5252034664154053	0.0	0.7097907066345215	0.0	0.0	0.0	0.36591777205467224	0.0	0.0	0.7643490433692932	0.33763501048088074	0.5201147198677063	0.6941719651222229	0.167342409491539	0.5290337204933167	0.3636532425880432	0.0	0.557755708694458	1.3862160444259644	0.363395094871521	0.0	0.0	0.0	0.3675459623336792	0.0	0.6571663022041321	0.0	0.0	0.0	0.8353702425956726	0.3823230564594269	0.7381381392478943	1.1748600006103516	0.6951711773872375	0.30945342779159546	0.6577918529510498	1.2981094121932983	0.0	0.0	0.0	0.34409916400909424	0.0	0.0	1.341770887374878	0.5255812406539917	0.0	0.0	0.4896809756755829	1.3096528053283691	0.44230398535728455	0.0	1.2760974168777466	0.41679292917251587	0.25624793767929077	0.0	0.0	0.0	0.5093501806259155
1.2325961589813232	0.4674651622772217	0.0	0.8326451778411865	0.0	0.0	2.4887285232543945	0.0	0.6692511439323425	0.0	0.0	0.0	0.36879199743270874	0.0	0.0	0.7736544013023376	0.3155881464481354	0.47586971521377563	0.6630832552909851	0.14483274519443512	0.5330421328544617	0.35964876413345337	0.0	0.49107787013053894	1.3968735933303833	0.29478421807289124	0.0	0.0	0.0	0.3770187199115753	0.0	0.6702103614807129	0.0	0.0	0.0	0.8542982935905457	0.2285405546426773	0.7129143476486206	1.1666878461837769	0.7064369320869446	0.2940571904182434	0.6389033198356628	1.2978506088256836	0.0	0.0	0.0	0.3735600709915161	0.0	0.0	1.3686532974243164	0.4209543764591217	0.0	0.0	0.418404221534729	1.3247922658920288	0.4734656810760498	0.0	1.3037495613098145	0.3833852708339691	0.2509089708328247	0.0	0.0	0.0	0.5211052894592285
1.2778713703155518	0.426505982875824	0.0	0.9259886741638184	0.0	0.0	2.4749913215637207	0.0	0.6817014217376709	0.0	0.0	0.0	0.39749807119369507	0.0	0.0	0.8642963171005249	0.34356823563575745	0.47103261947631836	0.6892157196998596	0.10253354161977768	0.6291751265525818	0.3753494322299957	0.0	0.5497850179672241	1.409860610961914	0.3019118905067444	0.0	0.0	0.0	0.4037156105041504	0.0	0.6476741433143616	0.0	0.0	0.0	0.881370484828949	0.20333541929721832	0.7172433733940125	1.1506376266479492	0.7184985280036926	0.3095948398113251	0.6405352354049683	1.3208242654800415	0.0	0.0	0.0	0.4295538365840912	0.0	0.0	1.438371181488037	0.3473348021507263	0.0	0.0	0.42670339345932007	1.324715256690979	0.4350762665271759	0.0	1.2842909097671509	0.4644066393375397	0.27326351404190063	0.0	0.0	0.0	0.5065861940383911
1.192079782485962	0.4668503999710083	0.0	0.8112752437591553	0.0	0.0	2.503805637359619	0.0	0.654259979724884	0.0	0.0	0.0	0.3757861256599426	0.0	0.0	0.7396314740180969	0.32328271865844727	0.45039838552474976	0.6570613980293274	0.14816246926784515	0.5230988264083862	0.35281920433044434	0.0	0.4858802855014801	1.3801732063293457	0.3047983646392822	0.0	0.0	0.0	0.3947699964046478	0.0	0.6787659525871277	0.0	0.0	0.0	0.8409712314605713	0.23974604904651642	0.6741634011268616	1.188878059387207	0.7031034231185913	0.2903582453727722	0.6246258020401001	1.361651062965393	0.0	0.0	0.0	0.3609289824962616	0.0	0.0	1.3364595174789429	0.38351213932037354	0.0	0.0	0.42752593755722046	1.329046368598938	0.46332401037216187	0.0	1.2938315868377686	0.37944087386131287	0.2528700828552246	0.0	0.0	0.0	0.49664679169654846
1.2122770547866821	0.4638267755508423	0.0	0.8359474539756775	0.0	0.0	2.6033732891082764	0.0	0.6569991707801819	0.0	0.0	0.0	0.37625911831855774	0.0	0.0	0.7736039161682129	0.3190983533859253	0.46454569697380066	0.6835083365440369	0.1189926341176033	0.5671423077583313	0.391713410615921	0.0	0.5169988870620728	1.3845471143722534	0.31051039695739746	0.0	0.0	0.0	0.3996621370315552	0.0	0.6662017703056335	0.0	0.0	0.0	0.843757152557373	0.22736980020999908	0.6984835863113403	1.1823230981826782	0.7108245491981506	0.26255783438682556	0.6285268068313599	1.3006370067596436	0.0	0.0	0.0	0.3237967789173126	0.0	0.0	1.3229223489761353	0.36410656571388245	0.0	0.0	0.43787574768066406	1.3193105459213257	0.44851019978523254	0.0	1.2851425409317017	0.3920058310031891	0.2644374370574951	0.0	0.0	0.0	0.5478415489196777
1.2772752046585083	0.4566902220249176	0.0	0.9566303491592407	0.0	0.0	2.5164551734924316	0.0	0.7284466624259949	0.0	0.0	0.0	0.4582642912864685	0.0	0.0	0.8628498315811157	0.3523927628993988	0.4760481119155884	0.6762051582336426	0.0991193950176239	0.6480178833007812	0.3606680929660797	0.0	0.561170220375061	1.371358871459961	0.30138105154037476	0.0	0.0	0.0	0.36384132504463196	0.0	0.6459718346595764	0.0	0.0	0.0	0.869822084903717	0.25596368312835693	0.7036482691764832	1.1634129285812378	0.7131565809249878	0.26346153020858765	0.6003724336624146	1.2733430862426758	0.0	0.0	0.0	0.3749638795852661	0.0	0.0	1.3136757612228394	0.35618630051612854	0.0	0.0	0.4473106861114502	1.3292943239212036	0.4390791654586792	0.0	1.3103539943695068	0.45085635781288147	0.2702077627182007	0.0	0.0	0.0	0.5077009201049805
1.233577847480774	0.4684435725212097	0.0	0.878191351890564	0.0	0.0	2.4903056621551514	0.0	0.6921519637107849	0.0	0.0	0.0	0.3982497453689575	0.0	0.0	0.7982000112533569	0.34027567505836487	0.4668179154396057	0.685627281665802	0.13474328815937042	0.5591273307800293	0.3820539712905884	0.0	0.4999029338359833	1.4109479188919067	0.3141002953052521	0.0	0.0	0.0	0.3954109847545624	0.0	0.7012094259262085	0.0	0.0	0.0	0.8701119422912598	0.21805766224861145	0.7095164656639099	1.1891767978668213	0.7346497178077698	0.25773754715919495	0.647301435470581	1.3281232118606567	0.0	0.0	0.0	0.36775851249694824	0.0	0.0	1.389113187789917	0.3888157308101654	0.0	0.0	0.4452131986618042	1.3776023387908936	0.49747171998023987	0.0	1.315608024597168	0.42059755325317383	0.3507169485092163	0.0	0.0	0.0	0.533950686454773
1.206261157989502	0.4372918903827667	0.0	0.8658479452133179	0.0	0.0	2.492999792098999	0.0	0.6780319213867188	0.0	0.0	0.0	0.4013628661632538	0.0	0.0	0.7421121597290039	0.33495914936065674	0.45791611075401306	0.6894465088844299	0.1138291284441948	0.5726093649864197	0.3515530526638031	0.0	0.48333606123924255	1.3687546253204346	0.2937120497226715	0.0	0.0	0.0	0.3894098103046417	0.0	0.6576210260391235	0.0	0.0	0.0	0.9527170658111572	0.20039115846157074	0.751001238822937	1.1838157176971436	0.7015368938446045	0.3179071247577667	0.6209317445755005	1.312088966369629	0.0	0.0	0.0	0.361907035112381	0.0	0.0	1.3607301712036133	0.3679804801940918	0.0	0.0	0.4232000410556793	1.3115971088409424	0.43334099650382996	0.0	1.2784343957901	0.3580372631549835	0.2663949429988861	0.0	0.0	0.0	0.5456176400184631
1.2175111770629883	0.4484124183654785	0.0	0.815508246421814	0.0	0.0	2.502657413482666	0.0	0.6843668818473816	0.0	0.0	0.0	0.45220431685447693	0.0	0.0	0.7780429720878601	0.3293234407901764	0.47245723009109497	0.7079448699951172	0.10755833238363266	0.5530778765678406	0.37079715728759766	0.0	0.4770243167877197	1.3498587608337402	0.3131309747695923	0.0	0.0	0.0	0.362209290266037	0.0	0.6473117470741272	0.0	0.0	0.0	0.9166676998138428	0.21549302339553833	0.7063180208206177	1.174438714981079	0.6877931952476501	0.2565257251262665	0.6437461376190186	1.3190051317214966	0.0	0.0	0.0	0.3615967035293579	0.0	0.0	1.3372377157211304	0.38793566823005676	0.0	0.0	0.42147499322891235	1.3283791542053223	0.43648001551628113	0.0	1.3121336698532104	0.3788284361362457	0.259177565574646	0.0	0.0	0.0	0.5015597343444824
1.2558258771896362	0.5222271084785461	0.0	0.913530707359314	0.0	0.0	2.502202033996582	0.0	0.7432664632797241	0.0	0.0	0.0	0.3936103582382202	0.0	0.0	0.7473354339599609	0.3301856815814972	0.47956064343452454	0.6607457995414734	0.12183281779289246	0.604457676410675	0.39045050740242004	0.0	0.481015682220459	1.358612298965454	0.359198659658432	0.0	0.0	0.0	0.3808993399143219	0.0	0.6693934798240662	0.0	0.0	0.0	0.9028644561767578	0.2626623213291168	0.7263643145561218	1.160827398300171	0.7061251401901245	0.29026293754577637	0.6190760135650635	1.3284807205200195	0.0	0.0	0.0	0.34135881066322327	0.0	0.0	1.3946747779846191	0.4161120057106018	0.0	0.0	0.45398396253585815	1.4315968751907349	0.4563448131084442	0.0	1.3605871200561523	0.3713991641998291	0.29356229305267334	0.0	0.0	0.0	0.5416635870933533
1.25357985496521	0.4417347311973572	0.0	0.8525175452232361	0.0	0.0	2.4634108543395996	0.0	0.6719040870666504	0.0	0.0	0.0	0.38397833704948425	0.0	0.0	0.7725297212600708	0.3169819414615631	0.470289409160614	0.6845569610595703	0.13512055575847626	0.555044412612915	0.3703679144382477	0.0	0.48480871319770813	1.3938461542129517	0.3049209713935852	0.0	0.0	0.0	0.3949032723903656	0.0	0.6719631552696228	0.0	0.0	0.0	0.8509082794189453	0.23140357434749603	0.7029151916503906	1.1801414489746094	0.7188729047775269	0.2940214276313782	0.630174458026886	1.3016390800476074	0.0	0.0	0.0	0.3613046109676361	0.0	0.0	1.3610635995864868	0.48254266381263733	0.0	0.0	0.42347458004951477	1.3191889524459839	0.4620247781276703	0.0	1.295199990272522	0.388193279504776	0.27581119537353516	0.0	0.0	0.0	0.5018433928489685
1.2838959693908691	0.46483829617500305	0.0	0.8251124024391174	0.0	0.0	2.5353140830993652	0.0	0.6645694971084595	0.0	0.0	0.0	0.4025413393974304	0.0	0.0	0.7598665356636047	0.36428916454315186	0.5181721448898315	0.6916681528091431	0.12371202558279037	0.5191822052001953	0.38279783725738525	0.0	0.5251052379608154	1.3880928754806519	0.3370749056339264	0.0	0.0	0.0	0.387399286031723	0.0	0.6575022339820862	0.0	0.0	0.0	0.9174156188964844	0.3804532587528229	0.7364967465400696	1.161837100982666	0.7057031989097595	0.31066659092903137	0.6684501767158508	1.3021246194839478	0.0	0.0	0.0	0.3603565990924835	0.0	0.0	1.3931565284729004	0.4153931736946106	0.0	0.0	0.44538164138793945	1.3407377004623413	0.4429718852043152	0.0	1.2841671705245972	0.40948477387428284	0.2619735896587372	0.0	0.0	0.0	0.48771363496780396
1.293151617050171	0.4588795006275177	0.0	0.8934834003448486	0.0	0.0	2.5434954166412354	0.0	0.6892039775848389	0.0	0.0	0.0	0.4074613153934479	0.0	0.0	0.8321325182914734	0.3192412853240967	0.4718526005744934	0.713271975517273	0.14094293117523193	0.5907992124557495	0.35681265592575073	0.0	0.5117349028587341	1.387327790260315	0.3211342692375183	0.0	0.0	0.0	0.3773447275161743	0.0	0.6804707646369934	0.0	0.0	0.0	0.8821464776992798	0.24321958422660828	0.7201796770095825	1.2331185340881348	0.7213268876075745	0.2780134379863739	0.6670446991920471	1.280598521232605	0.0	0.0	0.0	0.38727667927742004	0.0	0.0	1.4315276145935059	0.3614138662815094	0.0	0.0	0.4291694462299347	1.414387583732605	0.47534430027008057	0.0	1.3192216157913208	0.46009114384651184	0.2885878086090088	0.0	0.0	0.0	0.5178861618041992
1.2208764553070068	0.44122496247291565	0.0	0.8362559080123901	0.0	0.0	2.454453468322754	0.0	0.6648777723312378	0.0	0.0	0.0	0.40479782223701477	0.0	0.0	0.7796967625617981	0.31783121824264526	0.47095030546188354	0.6885461807250977	0.13266310095787048	0.5257113575935364	0.35948890447616577	0.0	0.5213630199432373	1.3881144523620605	0.3066876530647278	0.0	0.0	0.0	0.37617725133895874	0.0	0.6651042103767395	0.0	0.0	0.0	0.8286587595939636	0.3911316692829132	0.7358945608139038	1.1670259237289429	0.718514621257782	0.24461762607097626	0.6841014623641968	1.303031086921692	0.0	0.0	0.0	0.3609590530395508	0.0	0.0	1.3677277565002441	0.4363172948360443	0.0	0.0	0.47860875725746155	1.3453689813613892	0.45075273513793945	0.0	1.2896506786346436	0.4119148254394531	0.2841787040233612	0.0	0.0	0.0	0.5187976956367493
1.271199345588684	0.4546230733394623	0.0	0.8847386240959167	0.0	0.0	2.4848666191101074	0.0	0.6550735831260681	0.0	0.0	0.0	0.402729332447052	0.0	0.0	0.7830649018287659	0.3090382516384125	0.5117968320846558	0.7418146729469299	0.11309678852558136	0.5602348446846008	0.39984917640686035	0.0	0.5019814968109131	1.4459764957427979	0.2873843014240265	0.0	0.0	0.0	0.37425312399864197	0.0	0.6594395637512207	0.0	0.0	0.0	0.8525603413581848	0.2103320211172104	0.6944341063499451	1.1829169988632202	0.7097397446632385	0.25760477781295776	0.6394796371459961	1.3044993877410889	0.0	0.0	0.0	0.34849050641059875	0.0	0.0	1.3913722038269043	0.38357454538345337	0.0	0.0	0.4214337170124054	1.3406541347503662	0.4611208438873291	0.0	1.3695790767669678	0.3870545029640198	0.2759864628314972	0.0	0.0	0.0	0.5028751492500305
1.223081350326538	0.4715902507305145	0.0	0.8986266851425171	0.0	0.0	2.4855294227600098	0.0	0.697028398513794	0.0	0.0	0.0	0.3944961130619049	0.0	0.0	0.7905871272087097	0.3685428202152252	0.49458616971969604	0.6957290172576904	0.11446760594844818	0.5766631364822388	0.3759596645832062	0.0	0.5170031189918518	1.4745951890945435	0.35100966691970825	0.0	0.0	0.0	0.39817139506340027	0.0	0.7185812592506409	0.0	0.0	0.0	0.8621362447738647	0.1989356130361557	0.6985523700714111	1.173077940940857	0.722999095916748	0.2707385718822479	0.6502996683120728	1.3580420017242432	0.0	0.0	0.0	0.3663444519042969	0.0	0.0	1.3113974332809448	0.365085244178772	0.0	0.0	0.4634164273738861	1.3397446870803833	0.427239328622818	0.0	1.325700044631958	0.40743374824523926	0.3192455470561981	0.0	0.0	0.0	0.5326946377754211
1.2580047845840454	0.43735167384147644	0.0	0.8624582290649414	0.0	0.0	2.4685304164886475	0.0	0.6864935159683228	0.0	0.0	0.0	0.42782771587371826	0.0	0.0	0.8261393308639526	0.3494906425476074	0.46068570017814636	0.6586092114448547	0.09555090218782425	0.5950764417648315	0.3792925775051117	0.0	0.5177186131477356	1.4007426500320435	0.29347696900367737	0.0	0.0	0.0	0.36415040493011475	0.0	0.651547908782959	0.0	0.0	0.0	0.8490635752677917	0.2522873878479004	0.7112851142883301	1.1788643598556519	0.7013550996780396	0.23359407484531403	0.6039131283760071	1.2623730897903442	0.0	0.0	0.0	0.3841671347618103	0.0	0.0	1.4484375715255737	0.35917115211486816	0.0	0.0	0.4087856411933899	1.3355814218521118	0.45380857586860657	0.0	1.2877520322799683	0.46066907048225403	0.2732420861721039	0.0	0.0	0.0	0.5251650214195251
1.246523141860962	0.4388868808746338	0.0	0.952854573726654	0.0	0.0	2.559063673019409	0.0	0.6804934144020081	0.0	0.0	0.0	0.38204798102378845	0.0	0.0	0.8346363306045532	0.3211294710636139	0.4607319235801697	0.6914850473403931	0.13855648040771484	0.5364465117454529	0.3620203733444214	0.0	0.6072972416877747	1.404868483543396	0.30078253149986267	0.0	0.0	0.0	0.3930871784687042	0.0	0.6992987394332886	0.0	0.0	0.0	0.9179472327232361	0.2626655101776123	0.7689022421836853	1.2232718467712402	0.7108983397483826	0.29761478304862976	0.6850761771202087	1.3176096677780151	0.0	0.0	0.0	0.35795676708221436	0.0	0.0	1.3516905307769775	0.4757097661495209	0.0	0.0	0.4282623827457428	1.3503944873809814	0.4806033968925476	0.0	1.302072525024414	0.4046410024166107	0.29807180166244507	0.0	0.0	0.0	0.500451922416687
1.194700837135315	0.4377184808254242	0.0	0.8370925784111023	0.0	0.0	2.4899489879608154	0.0	0.667339563369751	0.0	0.0	0.0	0.3787389099597931	0.0	0.0	0.7475237250328064	0.3241376280784607	0.48772791028022766	0.675101101398468	0.11872273683547974	0.5347350239753723	0.35955575108528137	0.0	0.4931814670562744	1.3615009784698486	0.30587008595466614	0.0	0.0	0.0	0.3759664297103882	0.0	0.6544127464294434	0.0	0.0	0.0	0.8575388789176941	0.20324593782424927	0.7073018550872803	1.1631900072097778	0.6973192095756531	0.2905573844909668	0.6090281009674072	1.2924407720565796	0.0	0.0	0.0	0.347009539604187	0.0	0.0	1.3314197063446045	0.4873940348625183	0.0	0.0	0.42811691761016846	1.3236442804336548	0.45207151770591736	0.0	1.3088486194610596	0.3838844895362854	0.2567936182022095	0.0	0.0	0.0	0.5134236812591553
1.222680926322937	0.45786935091018677	0.0	0.941697359085083	0.0	0.0	2.5038058757781982	0.0	0.6621149182319641	0.0	0.0	0.0	0.39749908447265625	0.0	0.0	0.7659682035446167	0.33883342146873474	0.4616759121417999	0.6848050355911255	0.12234996259212494	0.5412592887878418	0.36792895197868347	0.0	0.572727620601654	1.3787482976913452	0.3079845905303955	0.0	0.0	0.0	0.3743226230144501	0.0	0.6679057478904724	0.0	0.0	0.0	0.881734311580658	0.2614087164402008	0.7505916953086853	1.1899900436401367	0.7377524375915527	0.2797265350818634	0.632514238357544	1.3341734409332275	0.0	0.0	0.0	0.36739546060562134	0.0	0.0	1.3338489532470703	0.3649570643901825	0.0	0.0	0.4779353737831116	1.3459159135818481	0.4573197364807129	0.0	1.2743051052093506	0.37244248390197754	0.28914767503738403	0.0	0.0	0.0	0.5145881772041321
1.222928524017334	0.46196478605270386	0.0	0.86993408203125	0.0	0.0	2.5191023349761963	0.0	0.6832931041717529	0.0	0.0	0.0	0.39533862471580505	0.0	0.0	0.7880068421363831	0.34541937708854675	0.4709887206554413	0.7066577076911926	0.136379212141037	0.5917385220527649	0.3699372708797455	0.0	0.5158685445785522	1.3996213674545288	0.3229590654373169	0.0	0.0	0.0	0.3953579068183899	0.0	0.6581897735595703	0.0	0.0	0.0	0.8738089203834534	0.2338271141052246	0.7022177577018738	1.1537673473358154	0.7201230525970459	0.27003148198127747	0.6486117243766785	1.2768735885620117	0.0	0.0	0.0	0.3738543689250946	0.0	0.0	1.3522619009017944	0.39020854234695435	0.0	0.0	0.4268417954444885	1.33327054977417	0.460080087184906	0.0	1.296786904335022	0.3859170973300934	0.26603344082832336	0.0	0.0	0.0	0.49117323756217957
1.2360352277755737	0.463384747505188	0.0	0.8116509318351746	0.0	0.0	2.6035923957824707	0.0	0.6713477373123169	0.0	0.0	0.0	0.39581069350242615	0.0	0.0	0.7585284113883972	0.328666090965271	0.474247008562088	0.6732529997825623	0.1167396828532219	0.5451643466949463	0.36853864789009094	0.0	0.5049750208854675	1.3908811807632446	0.30523550510406494	0.0	0.0	0.0	0.3842853307723999	0.0	0.6696678400039673	0.0	0.0	0.0	0.8734990358352661	0.20810562372207642	0.6983345746994019	1.1797704696655273	0.7062760591506958	0.2709251940250397	0.6442672610282898	1.2967109680175781	0.0	0.0	0.0	0.34392720460891724	0.0	0.0	1.3542604446411133	0.47181951999664307	0.0	0.0	0.43320170044898987	1.3761746883392334	0.4363814890384674	0.0	1.294724702835083	0.3751832842826843	0.2732064723968506	0.0	0.0	0.0	0.4966081380844116
1.2130165100097656	0.4804108440876007	0.0	1.016849160194397	0.0	0.0	2.567553758621216	0.0	0.6732214689254761	0.0	0.0	0.0	0.37785303592681885	0.0	0.0	0.7811478972434998	0.3182867765426636	0.46439293026924133	0.702490508556366	0.13910813629627228	0.5360967516899109	0.3671489357948303	0.0	0.5248081088066101	1.3656206130981445	0.3082151710987091	0.0	0.0	0.0	0.3970642685890198	0.0	0.6521486639976501	0.0	0.0	0.0	0.8484941124916077	0.23062829673290253	0.7795438170433044	1.1657086610794067	0.7061508893966675	0.3095773160457611	0.6292504072189331	1.296474814414978	0.0	0.0	0.0	0.3529698848724365	0.0	0.0	1.3364744186401367	0.37065282464027405	0.0	0.0	0.5306513905525208	1.3734089136123657	0.4411414861679077	0.0	1.357218861579895	0.3815930485725403	0.2715977132320404	0.0	0.0	0.0	0.500866711139679
1.248032569885254	0.47083577513694763	0.0	0.8251522779464722	0.0	0.0	2.4847917556762695	0.0	0.6492581963539124	0.0	0.0	0.0	0.38084954023361206	0.0	0.0	0.7645810842514038	0.33559200167655945	0.4629967510700226	0.6721194386482239	0.11744225025177002	0.5324236750602722	0.3536897599697113	0.0	0.4792757034301758	1.3521578311920166	0.2865663766860962	0.0	0.0	0.0	0.3641306161880493	0.0	0.6607304811477661	0.0	0.0	0.0	0.8476109504699707	0.4103839099407196	0.718126118183136	1.1647666692733765	0.6994316577911377	0.25375863909721375	0.649827241897583	1.2997939586639404	0.0	0.0	0.0	0.35766494274139404	0.0	0.0	1.306958556175232	0.35357826948165894	0.0	0.0	0.41893768310546875	1.317309856414795	0.44009730219841003	0.0	1.265910029411316	0.36605939269065857	0.25811058282852173	0.0	0.0	0.0	0.5119918584823608
1.2442936897277832	0.44681259989738464	0.0	0.8124945759773254	0.0	0.0	2.4951260089874268	0.0	0.6625860333442688	0.0	0.0	0.0	0.36482056975364685	0.0	0.0	0.7627219557762146	0.3310195803642273	0.45948028564453125	0.678856372833252	0.1391388326883316	0.5328454971313477	0.35619446635246277	0.0	0.5955857038497925	1.3809164762496948	0.3062809705734253	0.0	0.0	0.0	0.38103827834129333	0.0	0.6664997935295105	0.0	0.0	0.0	0.8522704839706421	0.28787723183631897	0.7663010954856873	1.1923155784606934	0.7161608338356018	0.24084699153900146	0.6469913125038147	1.3240278959274292	0.0	0.0	0.0	0.36717578768730164	0.0	0.0	1.3382985591888428	0.36416101455688477	0.0	0.0	0.5010745525360107	1.3156557083129883	0.44519802927970886	0.0	1.2825160026550293	0.3588782846927643	0.2621254324913025	0.0	0.0	0.0	0.49184608459472656
1.2207938432693481	0.4659663438796997	0.0	0.8363162875175476	0.0	0.0	2.507650375366211	0.0	0.670005738735199	0.0	0.0	0.0	0.38024815917015076	0.0	0.0	0.7718603610992432	0.32574981451034546	0.4603850543498993	0.6707044839859009	0.1148901879787445	0.5452210307121277	0.3693832457065582	0.0	0.4847486913204193	1.417730450630188	0.3135013282299042	0.0	0.0	0.0	0.3582020401954651	0.0	0.6575877070426941	0.0	0.0	0.0	0.8690814971923828	0.21876953542232513	0.72187340259552	1.19303297996521	0.6957796216011047	0.2598293125629425	0.6155962944030762	1.3381059169769287	0.0	0.0	0.0	0.35811668634414673	0.0	0.0	1.3477718830108643	0.3638654351234436	0.0	0.0	0.4356284737586975	1.3379889726638794	0.47431695461273193	0.0	1.3176335096359253	0.3760516047477722	0.27476122975349426	0.0	0.0	0.0	0.5022861361503601
1.223332166671753	0.47184810042381287	0.0	0.8639640808105469	0.0	0.0	2.470442295074463	0.0	0.7050625681877136	0.0	0.0	0.0	0.3763347566127777	0.0	0.0	0.7843555808067322	0.3423067331314087	0.49490538239479065	0.7093652486801147	0.12245726585388184	0.5482859015464783	0.38022568821907043	0.0	0.4834899604320526	1.3912907838821411	0.32773497700691223	0.0	0.0	0.0	0.3810873031616211	0.0	0.7154677510261536	0.0	0.0	0.0	0.85174161195755	0.2516457438468933	0.6910533308982849	1.1947226524353027	0.7182126641273499	0.2582800090312958	0.6336755752563477	1.3134962320327759	0.0	0.0	0.0	0.3523850739002228	0.0	0.0	1.3532689809799194	0.3787284195423126	0.0	0.0	0.43710649013519287	1.3528685569763184	0.46000486612319946	0.0	1.3058701753616333	0.3887896239757538	0.2850285470485687	0.0	0.0	0.0	0.5183254480361938
1.2261015176773071	0.4982263743877411	0.0	0.9497551918029785	0.0	0.0	2.557762384414673	0.0	0.6823219656944275	0.0	0.0	0.0	0.3940744400024414	0.0	0.0	0.7743775844573975	0.33718937635421753	0.4831925332546234	0.7324036955833435	0.14576297998428345	0.5591601133346558	0.35712122917175293	0.0	0.5829901099205017	1.3811205625534058	0.3447285294532776	0.0	0.0	0.0	0.39384475350379944	0.0	0.6783221960067749	0.0	0.0	0.0	0.8443573117256165	0.2743823826313019	0.756501317024231	1.1639959812164307	0.718185544013977	0.2689177691936493	0.6693133115768433	1.330417513847351	0.0	0.0	0.0	0.39076414704322815	0.0	0.0	1.3435074090957642	0.3832724094390869	0.0	0.0	0.4668695628643036	1.3514575958251953	0.44975435733795166	0.0	1.2636479139328003	0.4128376543521881	0.2779536247253418	0.0	0.0	0.0	0.49406898021698
1.2183629274368286	0.45477354526519775	0.0	0.9013539552688599	0.0	0.0	2.4828028678894043	0.0	0.7090376615524292	0.0	0.0	0.0	0.42063841223716736	0.0	0.0	0.8291987776756287	0.3367733061313629	0.4605672061443329	0.6622924208641052	0.1272803246974945	0.6085198521614075	0.35097602009773254	0.0	0.5163618922233582	1.390594482421875	0.29017502069473267	0.0	0.0	0.0	0.36406388878822327	0.0	0.6545678973197937	0.0	0.0	0.0	0.8703060150146484	0.24578963220119476	0.7142788767814636	1.1579970121383667	0.7007421851158142	0.25797009468078613	0.6203104853630066	1.304182767868042	0.0	0.0	0.0	0.3919861614704132	0.0	0.0	1.435564398765564	0.5416682958602905	0.0	0.0	0.4142027199268341	1.3223626613616943	0.44036486744880676	0.0	1.278570532798767	0.45128166675567627	0.282518208026886	0.0	0.0	0.0	0.5145524740219116
1.2216613292694092	0.4407831132411957	0.0	0.8572975993156433	0.0	0.0	2.506291389465332	0.0	0.7185739278793335	0.0	0.0	0.0	0.3830050826072693	0.0	0.0	0.7646567821502686	0.3221445679664612	0.4954521954059601	0.6974565982818604	0.10710115730762482	0.5368993878364563	0.37694576382637024	0.0	0.5004794597625732	1.3671352863311768	0.36332887411117554	0.0	0.0	0.0	0.3703159987926483	0.0	0.7045208811759949	0.0	0.0	0.0	0.8980467319488525	0.2257976531982422	0.7132071852684021	1.1708178520202637	0.6907266974449158	0.3027239143848419	0.6444765329360962	1.3342195749282837	0.0	0.0	0.0	0.3460330367088318	0.0	0.0	1.393344521522522	0.4023173749446869	0.0	0.0	0.44523894786834717	1.3437755107879639	0.48258256912231445	0.0	1.3006092309951782	0.3976443409919739	0.317407488822937	0.0	0.0	0.0	0.5178653597831726
1.2064167261123657	0.4768299162387848	0.0	0.8171043992042542	0.0	0.0	2.596226215362549	0.0	0.6478181481361389	0.0	0.0	0.0	0.37985697388648987	0.0	0.0	0.754245936870575	0.36476823687553406	0.48441681265830994	0.6990358829498291	0.13319335877895355	0.5219197273254395	0.3682260811328888	0.0	0.4867874085903168	1.3824886083602905	0.29966288805007935	0.0	0.0	0.0	0.38674259185791016	0.0	0.6578797698020935	0.0	0.0	0.0	0.8481224775314331	0.23165783286094666	0.7282517552375793	1.1552231311798096	0.6971766352653503	0.2533224821090698	0.6286656856536865	1.2802656888961792	0.0	0.0	0.0	0.36489394307136536	0.0	0.0	1.3291597366333008	0.4033055305480957	0.0	0.0	0.42219993472099304	1.3518871068954468	0.44632381200790405	0.0	1.2974869012832642	0.36710622906684875	0.2575078010559082	0.0	0.0	0.0	0.5160421133041382
1.222983956336975	0.44790759682655334	0.0	0.8479154706001282	0.0	0.0	2.486912250518799	0.0	0.6775891780853271	0.0	0.0	0.0	0.39284801483154297	0.0	0.0	0.7668219804763794	0.3136090040206909	0.4894605278968811	0.7158318758010864	0.09583038091659546	0.536181628704071	0.3881528079509735	0.0	0.4862383008003235	1.3851585388183594	0.30733346939086914	0.0	0.0	0.0	0.37269291281700134	0.0	0.7152389883995056	0.0	0.0	0.0	0.8491504192352295	0.22223258018493652	0.689559817314148	1.1765499114990234	0.7161851525306702	0.2657374143600464	0.6373289823532104	1.288654088973999	0.0	0.0	0.0	0.35280561447143555	0.0	0.0	1.3495274782180786	0.37334537506103516	0.0	0.0	0.44378986954689026	1.332053780555725	0.45780545473098755	0.0	1.2774584293365479	0.3714081645011902	0.3367610573768616	0.0	0.0	0.0	0.5259068012237549
1.2154722213745117	0.45557916164398193	0.0	0.9397662281990051	0.0	0.0	2.5726118087768555	0.0	0.7012508511543274	0.0	0.0	0.0	0.437209814786911	0.0	0.0	0.8395978808403015	0.33350762724876404	0.4962503910064697	0.6847500801086426	0.11380206793546677	0.5936432480812073	0.358254611492157	0.0	0.5408984422683716	1.4158554077148438	0.34874993562698364	0.0	0.0	0.0	0.386631578207016	0.0	0.6613450050354004	0.0	0.0	0.0	0.8769986033439636	0.24875487387180328	0.7618728280067444	1.1802901029586792	0.7184190154075623	0.2980956733226776	0.6181974411010742	1.3367888927459717	0.0	0.0	0.0	0.36698639392852783	0.0	0.0	1.4839377403259277	0.3632228374481201	0.0	0.0	0.43327003717422485	1.3723238706588745	0.4587658941745758	0.0	1.3055143356323242	0.48184624314308167	0.27418696880340576	0.0	0.0	0.0	0.5138903856277466
1.2525607347488403	0.4373508393764496	0.0	0.8287685513496399	0.0	0.0	2.4490373134613037	0.0	0.6537606716156006	0.0	0.0	0.0	0.37762826681137085	0.0	0.0	0.7900729775428772	0.33084022998809814	0.45408356189727783	0.6931746006011963	0.10731177031993866	0.5423791408538818	0.3623863756656647	0.0	0.510097086429596	1.3764368295669556	0.28876855969429016	0.0	0.0	0.0	0.38738512992858887	0.0	0.6637384295463562	0.0	0.0	0.0	0.8365023732185364	0.22471080720424652	0.7087113261222839	1.167346715927124	0.7193204760551453	0.26135241985321045	0.6741236448287964	1.3400460481643677	0.0	0.0	0.0	0.3820575177669525	0.0	0.0	1.338423252105713	0.46835047006607056	0.0	0.0	0.43904897570610046	1.3016642332077026	0.44775328040122986	0.0	1.2760928869247437	0.40262946486473083	0.2735232412815094	0.0	0.0	0.0	0.4854893386363983
1.2131990194320679	0.4406183063983917	0.0	0.8090879917144775	0.0	0.0	2.5022177696228027	0.0	0.6552751064300537	0.0	0.0	0.0	0.35144540667533875	0.0	0.0	0.8212146759033203	0.32495757937431335	0.4775344729423523	0.6904434561729431	0.1237310916185379	0.5338636040687561	0.3569626808166504	0.0	0.49092063307762146	1.3656415939331055	0.29802432656288147	0.0	0.0	0.0	0.3768629729747772	0.0	0.7024874687194824	0.0	0.0	0.0	0.8403174877166748	0.220239520072937	0.6966531276702881	1.1679904460906982	0.6799158453941345	0.2638656198978424	0.6239974498748779	1.2924968004226685	0.0	0.0	0.0	0.3461535573005676	0.0	0.0	1.3298054933547974	0.38939839601516724	0.0	0.0	0.41675302386283875	1.325984239578247	0.4614924490451813	0.0	1.2955214977264404	0.3988164961338043	0.32136374711990356	0.0	0.0	0.0	0.4867420792579651
1.2564756870269775	0.4551104009151459	0.0	0.8237773180007935	0.0	0.0	2.493511438369751	0.0	0.6601336002349854	0.0	0.0	0.0	0.38261374831199646	0.0	0.0	0.7915454506874084	0.37424981594085693	0.4760032892227173	0.7046494483947754	0.11541900038719177	0.5421407222747803	0.35876035690307617	0.0	0.5131676197052002	1.375357747077942	0.30141445994377136	0.0	0.0	0.0	0.39482954144477844	0.0	0.6617348194122314	0.0	0.0	0.0	0.8676922917366028	0.2790485620498657	0.7012948989868164	1.2039750814437866	0.6934110522270203	0.2803889513015747	0.6858871579170227	1.375868797302246	0.0	0.0	0.0	0.3552035093307495	0.0	0.0	1.3544243574142456	0.4014793932437897	0.0	0.0	0.47141435742378235	1.3464100360870361	0.5213656425476074	0.0	1.2932573556900024	0.409227192401886	0.2909705340862274	0.0	0.0	0.0	0.5602388381958008
1.2069674730300903	0.4588581621646881	0.0	0.8455507159233093	0.0	0.0	2.472752809524536	0.0	0.6638695597648621	0.0	0.0	0.0	0.4069010317325592	0.0	0.0	0.7537298798561096	0.33302411437034607	0.5041052103042603	0.6993967890739441	0.10686922073364258	0.5433169603347778	0.37926173210144043	0.0	0.48396673798561096	1.3656367063522339	0.36310678720474243	0.0	0.0	0.0	0.3846280574798584	0.0	0.6693496108055115	0.0	0.0	0.0	0.874015212059021	0.21512767672538757	0.6913443207740784	1.1951535940170288	0.7362646460533142	0.3150472342967987	0.6377878785133362	1.2693555355072021	0.0	0.0	0.0	0.3619103729724884	0.0	0.0	1.3753204345703125	0.3605804145336151	0.0	0.0	0.4319586753845215	1.3144441843032837	0.4623405635356903	0.0	1.2697279453277588	0.40888914465904236	0.27442196011543274	0.0	0.0	0.0	0.5139567255973816
1.2412903308868408	0.4468149244785309	0.0	0.8352931141853333	0.0	0.0	2.4804768562316895	0.0	0.666135311126709	0.0	0.0	0.0	0.36474934220314026	0.0	0.0	0.7830604314804077	0.3274521827697754	0.4838418662548065	0.6815328001976013	0.11120396107435226	0.5315120220184326	0.40903517603874207	0.0	0.4975358545780182	1.388728380203247	0.30467379093170166	0.0	0.0	0.0	0.3990156948566437	0.0	0.6762832999229431	0.0	0.0	0.0	0.8628458380699158	0.2044762670993805	0.7103707194328308	1.1833910942077637	0.7019249796867371	0.32047998905181885	0.6132340431213379	1.311598777770996	0.0	0.0	0.0	0.371396541595459	0.0	0.0	1.3389209508895874	0.3706957697868347	0.0	0.0	0.4312775731086731	1.333520770072937	0.45981481671333313	0.0	1.2869787216186523	0.3739028573036194	0.2555907666683197	0.0	0.0	0.0	0.5142113566398621
1.2178400754928589	0.45090365409851074	0.0	0.8378341197967529	0.0	0.0	2.4748997688293457	0.0	0.6835514307022095	0.0	0.0	0.0	0.3727007806301117	0.0	0.0	0.7604386210441589	0.3235606849193573	0.5238171219825745	0.7009009122848511	0.11427663266658783	0.5317497849464417	0.38763663172721863	0.0	0.47432470321655273	1.3949493169784546	0.3321274518966675	0.0	0.0	0.0	0.3834626078605652	0.0	0.656642496585846	0.0	0.0	0.0	0.8730806708335876	0.19692182540893555	0.715252697467804	1.2013959884643555	0.714387834072113	0.29783129692077637	0.641060471534729	1.3354823589324951	0.0	0.0	0.0	0.3907548487186432	0.0	0.0	1.3340259790420532	0.36325615644454956	0.0	0.0	0.4268814027309418	1.377797245979309	0.4837760329246521	0.0	1.3251152038574219	0.36230024695396423	0.2401532232761383	0.0	0.0	0.0	0.5070520639419556
1.2485404014587402	0.44252046942710876	0.0	0.9483301639556885	0.0	0.0	2.50742244720459	0.0	0.7074306607246399	0.0	0.0	0.0	0.4266444146633148	0.0	0.0	0.8320055603981018	0.31388258934020996	0.45147955417633057	0.6818087100982666	0.10014808923006058	0.5964732766151428	0.36343494057655334	0.0	0.5754932165145874	1.3851783275604248	0.32228556275367737	0.0	0.0	0.0	0.38033464550971985	0.0	0.7120246887207031	0.0	0.0	0.0	0.8381310701370239	0.2662098705768585	0.6959004402160645	1.1671255826950073	0.6879041790962219	0.27495595812797546	0.6290851831436157	1.2860356569290161	0.0	0.0	0.0	0.38254088163375854	0.0	0.0	1.4635887145996094	0.4027297794818878	0.0	0.0	0.47809740900993347	1.3184759616851807	0.4876702129840851	0.0	1.3001281023025513	0.41083237528800964	0.292863130569458	0.0	0.0	0.0	0.5184759497642517
1.2250065803527832	0.47431328892707825	0.0	0.8228797316551208	0.0	0.0	2.5542969703674316	0.0	0.6786927580833435	0.0	0.0	0.0	0.39671000838279724	0.0	0.0	0.7715632915496826	0.3169783651828766	0.4911719858646393	0.7038501501083374	0.11253561824560165	0.5237054228782654	0.3640337586402893	0.0	0.48223358392715454	1.3885178565979004	0.3352629244327545	0.0	0.0	0.0	0.3962230682373047	0.0	0.7067886590957642	0.0	0.0	0.0	0.8529648780822754	0.23577390611171722	0.7116408944129944	1.2015507221221924	0.7145892381668091	0.27108266949653625	0.6508237719535828	1.3235739469528198	0.0	0.0	0.0	0.3459375500679016	0.0	0.0	1.3756319284439087	0.3831298053264618	0.0	0.0	0.4464470148086548	1.3313398361206055	0.4741298258304596	0.0	1.3185027837753296	0.4069984555244446	0.27667152881622314	0.0	0.0	0.0	0.5166727900505066
1.2772493362426758	0.4656370282173157	0.0	0.8821877837181091	0.0	0.0	2.499436378479004	0.0	0.7239096760749817	0.0	0.0	0.0	0.410512775182724	0.0	0.0	0.8148839473724365	0.3284856081008911	0.4577510356903076	0.6640306711196899	0.10405432432889938	0.5655104517936707	0.34757912158966064	0.0	0.507720410823822	1.4030901193618774	0.33870741724967957	0.0	0.0	0.0	0.3801566958427429	0.0	0.657852053642273	0.0	0.0	0.0	0.8511256575584412	0.22084805369377136	0.6975428462028503	1.1884207725524902	0.7175003290176392	0.2542087435722351	0.6240851283073425	1.3076900243759155	0.0	0.0	0.0	0.3793033957481384	0.0	0.0	1.4171541929244995	0.38409721851348877	0.0	0.0	0.41131591796875	1.3386619091033936	0.4618249535560608	0.0	1.3080295324325562	0.4553017020225525	0.2798365354537964	0.0	0.0	0.0	0.5258358716964722
1.2207884788513184	0.43966880440711975	0.0	0.8177356123924255	0.0	0.0	2.514355421066284	0.0	0.6488790512084961	0.0	0.0	0.0	0.3753475546836853	0.0	0.0	0.7911834716796875	0.3165159821510315	0.5082155466079712	0.6794660687446594	0.11371287703514099	0.5311998128890991	0.35744941234588623	0.0	0.5040399432182312	1.3754702806472778	0.3233780264854431	0.0	0.0	0.0	0.36437225341796875	0.0	0.6907929182052612	0.0	0.0	0.0	0.8721988201141357	0.2512058615684509	0.7028435468673706	1.1735631227493286	0.6971631646156311	0.2580038607120514	0.62983238697052	1.2861912250518799	0.0	0.0	0.0	0.3580950200557709	0.0	0.0	1.350581169128418	0.405802845954895	0.0	0.0	0.4499250054359436	1.338039755821228	0.4590585231781006	0.0	1.2689329385757446	0.39589723944664	0.32558301091194153	0.0	0.0	0.0	0.5068365931510925
1.284206509590149	0.42834898829460144	0.0	0.8660572171211243	0.0	0.0	2.4829859733581543	0.0	0.7469196319580078	0.0	0.0	0.0	0.4546714723110199	0.0	0.0	0.8836787343025208	0.3256416320800781	0.4464314579963684	0.6724692583084106	0.11033008992671967	0.6602088212966919	0.3617103099822998	0.0	0.5327606797218323	1.4268513917922974	0.30582594871520996	0.0	0.0	0.0	0.36634573340415955	0.0	0.6530305743217468	0.0	0.0	0.0	0.8509799242019653	0.27937883138656616	0.6982778906822205	1.194452166557312	0.7055720686912537	0.2616897523403168	0.6570485830307007	1.325452208518982	0.0	0.0	0.0	0.40350282192230225	0.0	0.0	1.486548662185669	0.3763757050037384	0.0	0.0	0.41519609093666077	1.3531404733657837	0.45331597328186035	0.0	1.300131916999817	0.4980117380619049	0.30272388458251953	0.0	0.0	0.0	0.5131607055664062
1.2257071733474731	0.43655505776405334	0.0	0.9222970008850098	0.0	0.0	2.525251865386963	0.0	0.7158363461494446	0.0	0.0	0.0	0.41663891077041626	0.0	0.0	0.8420448899269104	0.3115963041782379	0.500504195690155	0.7196181416511536	0.09341342747211456	0.6092380881309509	0.37950199842453003	0.0	0.5253620147705078	1.3964365720748901	0.31160229444503784	0.0	0.0	0.0	0.4076367914676666	0.0	0.7030917406082153	0.0	0.0	0.0	0.8404600024223328	0.2515278458595276	0.7241469621658325	1.1906101703643799	0.7125842571258545	0.25957879424095154	0.6681593656539917	1.3460830450057983	0.0	0.0	0.0	0.400632381439209	0.0	0.0	1.457139015197754	0.3702849745750427	0.0	0.0	0.42091187834739685	1.3323756456375122	0.46762651205062866	0.0	1.2944904565811157	0.4652356505393982	0.32653650641441345	0.0	0.0	0.0	0.4958065450191498
1.2117220163345337	0.4768284857273102	0.0	0.8742736577987671	0.0	0.0	2.5323257446289062	0.0	0.645041286945343	0.0	0.0	0.0	0.37508952617645264	0.0	0.0	0.8074026703834534	0.3041912019252777	0.4814237356185913	0.711074948310852	0.12490075081586838	0.5435834527015686	0.36620014905929565	0.0	0.5092379450798035	1.3816431760787964	0.35385772585868835	0.0	0.0	0.0	0.39053237438201904	0.0	0.6624773740768433	0.0	0.0	0.0	0.8434091806411743	0.3943169116973877	0.7236626148223877	1.1599920988082886	0.7183675765991211	0.27832257747650146	0.6635901927947998	1.3276468515396118	0.0	0.0	0.0	0.38097792863845825	0.0	0.0	1.38583505153656	0.3835497498512268	0.0	0.0	0.46835651993751526	1.3247952461242676	0.4389974772930145	0.0	1.2946693897247314	0.3913699686527252	0.2677832543849945	0.0	0.0	0.0	0.5203444361686707
1.2671010494232178	0.46146780252456665	0.0	0.8066000938415527	0.0	0.0	2.522561550140381	0.0	0.6498650312423706	0.0	0.0	0.0	0.38703030347824097	0.0	0.0	0.7804686427116394	0.34319183230400085	0.449901819229126	0.6859560608863831	0.11547848582267761	0.5317553877830505	0.37442147731781006	0.0	0.5026012063026428	1.3859410285949707	0.2937489449977875	0.0	0.0	0.0	0.3867475986480713	0.0	0.6591396927833557	0.0	0.0	0.0	0.8556725382804871	0.38209161162376404	0.7156661748886108	1.1883548498153687	0.697257936000824	0.2643098533153534	0.6625576019287109	1.3050382137298584	0.0	0.0	0.0	0.3433607816696167	0.0	0.0	1.3818292617797852	0.3936997950077057	0.0	0.0	0.4215908646583557	1.350815773010254	0.4706896245479584	0.0	1.3020100593566895	0.3986228406429291	0.2809682786464691	0.0	0.0	0.0	0.553635835647583
1.2169227600097656	0.448792427778244	0.0	0.9580331444740295	0.0	0.0	2.5144693851470947	0.0	0.7569372057914734	0.0	0.0	0.0	0.4096052050590515	0.0	0.0	0.8590601682662964	0.3196583092212677	0.45272213220596313	0.657393753528595	0.13812217116355896	0.6312023401260376	0.34827810525894165	0.0	0.5922744274139404	1.4105361700057983	0.31694069504737854	0.0	0.0	0.0	0.375686913728714	0.0	0.6749395728111267	0.0	0.0	0.0	0.8494057059288025	0.3983345329761505	0.7673131823539734	1.1924525499343872	0.6979178786277771	0.28997036814689636	0.6269367933273315	1.33345627784729	0.0	0.0	0.0	0.3764503002166748	0.0	0.0	1.4365986585617065	0.4055095911026001	0.0	0.0	0.47886186838150024	1.3440771102905273	0.4579235315322876	0.0	1.3138114213943481	0.4081513285636902	0.25605860352516174	0.0	0.0	0.0	0.5066468119621277
1.2178761959075928	0.4563239514827728	0.0	0.9478003978729248	0.0	0.0	2.481928586959839	0.0	0.6525262594223022	0.0	0.0	0.0	0.3681015372276306	0.0	0.0	0.7720916271209717	0.36981210112571716	0.49172523617744446	0.7166967988014221	0.10573054105043411	0.5441761016845703	0.37438109517097473	0.0	0.5842193365097046	1.3975859880447388	0.35523003339767456	0.0	0.0	0.0	0.40199583768844604	0.0	0.6633365154266357	0.0	0.0	0.0	0.9009197354316711	0.4089885950088501	0.7703102827072144	1.1708462238311768	0.6899295449256897	0.29079103469848633	0.6249786019325256	1.2757583856582642	0.0	0.0	0.0	0.3607788681983948	0.0	0.0	1.3501414060592651	0.35969245433807373	0.0	0.0	0.4995211660861969	1.3123022317886353	0.4290924668312073	0.0	1.269497036933899	0.4224737286567688	0.27409628033638	0.0	0.0	0.0	0.519217848777771
1.2040683031082153	0.4367797076702118	0.0	0.8184815645217896	0.0	0.0	2.4852678775787354	0.0	0.6606894135475159	0.0	0.0	0.0	0.3638977110385895	0.0	0.0	0.7680371403694153	0.3637789785861969	0.49453026056289673	0.7032405734062195	0.10978126525878906	0.5203273892402649	0.35809198021888733	0.0	0.46980157494544983	1.3576679229736328	0.3057948648929596	0.0	0.0	0.0	0.3826941251754761	0.0	0.698039710521698	0.0	0.0	0.0	0.8356739282608032	0.22337599098682404	0.6969501376152039	1.1705856323242188	0.6958713531494141	0.2996600866317749	0.6135649681091309	1.2766038179397583	0.0	0.0	0.0	0.34512290358543396	0.0	0.0	1.3361810445785522	0.36724814772605896	0.0	0.0	0.4422328472137451	1.332505226135254	0.43895161151885986	0.0	1.2681500911712646	0.36271390318870544	0.3027239143848419	0.0	0.0	0.0	0.5124523639678955
1.235975742340088	0.4395187497138977	0.0	0.8392645120620728	0.0	0.0	2.530726432800293	0.0	0.6688639521598816	0.0	0.0	0.0	0.3910617530345917	0.0	0.0	0.780593991279602	0.31648921966552734	0.498653382062912	0.68663090467453	0.10951688885688782	0.5319734215736389	0.34383299946784973	0.0	0.489889919757843	1.4269344806671143	0.32528114318847656	0.0	0.0	0.0	0.39945274591445923	0.0	0.6519699692726135	0.0	0.0	0.0	0.8622887134552002	0.3815421164035797	0.7043378949165344	1.1953880786895752	0.7260077595710754	0.2654484808444977	0.6237274408340454	1.3073030710220337	0.0	0.0	0.0	0.39255043864250183	0.0	0.0	1.378348469734192	0.37491893768310547	0.0	0.0	0.4311346411705017	1.3402513265609741	0.4508034586906433	0.0	1.3052492141723633	0.38601571321487427	0.2735014855861664	0.0	0.0	0.0	0.4951724708080292
1.2286416292190552	0.4526270627975464	0.0	0.8056527376174927	0.0	0.0	2.5488228797912598	0.0	0.662335216999054	0.0	0.0	0.0	0.36572322249412537	0.0	0.0	0.7813183069229126	0.3370848298072815	0.47634193301200867	0.6608039140701294	0.11445141583681107	0.5169978141784668	0.3703269362449646	0.0	0.4903242290019989	1.362257480621338	0.27717339992523193	0.0	0.0	0.0	0.3993624448776245	0.0	0.6673352718353271	0.0	0.0	0.0	0.8550153374671936	0.23286691308021545	0.7045544981956482	1.1677991151809692	0.6958927512168884	0.2665172219276428	0.6037197709083557	1.2934837341308594	0.0	0.0	0.0	0.35915514826774597	0.0	0.0	1.3381234407424927	0.3656699061393738	0.0	0.0	0.4262557923793793	1.3355128765106201	0.45907124876976013	0.0	1.2906150817871094	0.4111466109752655	0.2607541084289551	0.0	0.0	0.0	0.5060981512069702
1.2450658082962036	0.4620475769042969	0.0	0.8257251977920532	0.0	0.0	2.4678285121917725	0.0	0.66831374168396	0.0	0.0	0.0	0.3833596706390381	0.0	0.0	0.760195255279541	0.35235774517059326	0.46742382645606995	0.6735180020332336	0.14288528263568878	0.5456311702728271	0.3626660406589508	0.0	0.49626922607421875	1.3692574501037598	0.2981591820716858	0.0	0.0	0.0	0.39133045077323914	0.0	0.6726054549217224	0.0	0.0	0.0	0.8507392406463623	0.38872265815734863	0.6960856914520264	1.1762089729309082	0.7205318212509155	0.30574333667755127	0.6543464064598083	1.3349521160125732	0.0	0.0	0.0	0.3585631847381592	0.0	0.0	1.3367468118667603	0.39428281784057617	0.0	0.0	0.42043155431747437	1.3306100368499756	0.4667590856552124	0.0	1.2923481464385986	0.3743900954723358	0.26494067907333374	0.0	0.0	0.0	0.5016033053398132
1.1872472763061523	0.4667026996612549	0.0	0.8284898400306702	0.0	0.0	2.506523847579956	0.0	0.6772416830062866	0.0	0.0	0.0	0.36086562275886536	0.0	0.0	0.7606232762336731	0.31766533851623535	0.4773511290550232	0.6898289322853088	0.15881438553333282	0.5240246653556824	0.3563397228717804	0.0	0.5763261914253235	1.3688410520553589	0.3048497140407562	0.0	0.0	0.0	0.38212716579437256	0.0	0.6748950481414795	0.0	0.0	0.0	0.870495617389679	0.2717440724372864	0.7380990386009216	1.1681487560272217	0.7198434472084045	0.278018593788147	0.6243993043899536	1.3407518863677979	0.0	0.0	0.0	0.34660717844963074	0.0	0.0	1.3076698780059814	0.3594953715801239	0.0	0.0	0.5055650472640991	1.3141731023788452	0.4674191176891327	0.0	1.2766889333724976	0.3531026244163513	0.2609618902206421	0.0	0.0	0.0	0.4954879581928253
1.2434583902359009	0.4626072645187378	0.0	0.8771772384643555	0.0	0.0	2.5151491165161133	0.0	0.6901280283927917	0.0	0.0	0.0	0.4109330177307129	0.0	0.0	0.7810579538345337	0.3295198678970337	0.47138625383377075	0.6935721039772034	0.12940670549869537	0.5337758660316467	0.3934425413608551	0.0	0.5012397170066833	1.3898650407791138	0.3128674328327179	0.0	0.0	0.0	0.4015926718711853	0.0	0.6960769891738892	0.0	0.0	0.0	0.8580842018127441	0.24746035039424896	0.7158051133155823	1.1968188285827637	0.7572872042655945	0.25353309512138367	0.6363169550895691	1.3426408767700195	0.0	0.0	0.0	0.34356817603111267	0.0	0.0	1.332521915435791	0.3756875693798065	0.0	0.0	0.4513643682003021	1.3154486417770386	0.4691663980484009	0.0	1.2980848550796509	0.3832627236843109	0.2679682672023773	0.0	0.0	0.0	0.49028101563453674
1.2278300523757935	0.5149089694023132	0.0	0.9515122175216675	0.0	0.0	2.536480188369751	0.0	0.6644600629806519	0.0	0.0	0.0	0.4120027720928192	0.0	0.0	0.8184525370597839	0.34809166193008423	0.4922542870044708	0.6799458861351013	0.131161630153656	0.5632361769676208	0.3811825215816498	0.0	0.5591258406639099	1.3673840761184692	0.3151034116744995	0.0	0.0	0.0	0.4057290256023407	0.0	0.6880236268043518	0.0	0.0	0.0	0.8788815140724182	0.29614874720573425	0.7597931623458862	1.1691398620605469	0.7152723670005798	0.26870447397232056	0.6631227731704712	1.3332575559616089	0.0	0.0	0.0	0.35417935252189636	0.0	0.0	1.3573026657104492	0.4057522118091583	0.0	0.0	0.4856143593788147	1.32285737991333	0.45026475191116333	0.0	1.2991071939468384	0.3911907374858856	0.30616822838783264	0.0	0.0	0.0	0.5763450860977173
1.2273701429367065	0.4834926128387451	0.0	0.8235164880752563	0.0	0.0	2.4951424598693848	0.0	0.6637075543403625	0.0	0.0	0.0	0.36762312054634094	0.0	0.0	0.7738118171691895	0.3225620687007904	0.47364944219589233	0.6997431516647339	0.10869252681732178	0.5274551510810852	0.3433668911457062	0.0	0.4963856637477875	1.3805320262908936	0.31012144684791565	0.0	0.0	0.0	0.3883049190044403	0.0	0.6745425462722778	0.0	0.0	0.0	0.8691099286079407	0.22549456357955933	0.7131398320198059	1.1777799129486084	0.7159653902053833	0.25972241163253784	0.6460463404655457	1.3479063510894775	0.0	0.0	0.0	0.37598347663879395	0.0	0.0	1.3322654962539673	0.35808292031288147	0.0	0.0	0.4355582892894745	1.3228447437286377	0.47949686646461487	0.0	1.285223126411438	0.36982104182243347	0.27035561203956604	0.0	0.0	0.0	0.48942551016807556
1.228824257850647	0.48131078481674194	0.0	0.8593369126319885	0.0	0.0	2.515791177749634	0.0	0.6641811728477478	0.0	0.0	0.0	0.37789466977119446	0.0	0.0	0.7588703632354736	0.3200712203979492	0.5257930159568787	0.678357720375061	0.12398583441972733	0.5346983075141907	0.37115678191185	0.0	0.4949128031730652	1.3900083303451538	0.38974618911743164	0.0	0.0	0.0	0.36900216341018677	0.0	0.6614587903022766	0.0	0.0	0.0	0.8713744282722473	0.23507775366306305	0.700320839881897	1.176974892616272	0.7201340794563293	0.34119608998298645	0.6312325596809387	1.3322809934616089	0.0	0.0	0.0	0.3716510534286499	0.0	0.0	1.357578992843628	0.5051472783088684	0.0	0.0	0.43435579538345337	1.3628941774368286	0.44820669293403625	0.0	1.2966266870498657	0.3822644054889679	0.25760209560394287	0.0	0.0	0.0	0.49762988090515137
1.2432156801223755	0.4399840831756592	0.0	0.8272782564163208	0.0	0.0	2.543959140777588	0.0	0.6616827845573425	0.0	0.0	0.0	0.3795505166053772	0.0	0.0	0.762399435043335	0.33547258377075195	0.4736725091934204	0.6693525910377502	0.11701107770204544	0.5460097789764404	0.37793490290641785	0.0	0.47559356689453125	1.3729983568191528	0.3082778751850128	0.0	0.0	0.0	0.3800629675388336	0.0	0.6657679080963135	0.0	0.0	0.0	0.8471558094024658	0.21029849350452423	0.6953221559524536	1.1708637475967407	0.6994410157203674	0.26416802406311035	0.6336647272109985	1.2879307270050049	0.0	0.0	0.0	0.36011531949043274	0.0	0.0	1.3443058729171753	0.48231345415115356	0.0	0.0	0.4578550159931183	1.3374061584472656	0.4299752712249756	0.0	1.2852253913879395	0.35816317796707153	0.24885441362857819	0.0	0.0	0.0	0.5081823468208313
1.2286661863327026	0.44887787103652954	0.0	0.9734339118003845	0.0	0.0	2.532421827316284	0.0	0.6637311577796936	0.0	0.0	0.0	0.3597462773323059	0.0	0.0	0.7752310633659363	0.3260517418384552	0.4829007089138031	0.6959185600280762	0.15219485759735107	0.5264674425125122	0.36526602506637573	0.0	0.5881596207618713	1.3676239252090454	0.2991795241832733	0.0	0.0	0.0	0.3765257000923157	0.0	0.6929653882980347	0.0	0.0	0.0	0.8392926454544067	0.38834652304649353	0.7666264772415161	1.1605504751205444	0.68765789270401	0.25042638182640076	0.6638551354408264	1.2814027070999146	0.0	0.0	0.0	0.3555329144001007	0.0	0.0	1.3325397968292236	0.4000840187072754	0.0	0.0	0.49852028489112854	1.311720609664917	0.4530108571052551	0.0	1.2691062688827515	0.3834591805934906	0.31103020906448364	0.0	0.0	0.0	0.4999470114707947
1.2429518699645996	0.4830421805381775	0.0	0.8310735821723938	0.0	0.0	2.499776840209961	0.0	0.6686674356460571	0.0	0.0	0.0	0.38455256819725037	0.0	0.0	0.762732207775116	0.3199175000190735	0.4607168734073639	0.684384286403656	0.1225300282239914	0.525553286075592	0.353730708360672	0.0	0.483268678188324	1.381432056427002	0.2920840382575989	0.0	0.0	0.0	0.38727477192878723	0.0	0.6720063090324402	0.0	0.0	0.0	0.8296905755996704	0.21371270716190338	0.6822606325149536	1.1746883392333984	0.7001457810401917	0.2597554624080658	0.609920084476471	1.293235421180725	0.0	0.0	0.0	0.3492624759674072	0.0	0.0	1.338942050933838	0.37227991223335266	0.0	0.0	0.41713225841522217	1.3484516143798828	0.4560851752758026	0.0	1.294921875	0.4080498218536377	0.2939651608467102	0.0	0.0	0.0	0.49755600094795227
1.2176676988601685	0.4601052701473236	0.0	0.8421766757965088	0.0	0.0	2.5147836208343506	0.0	0.6621652841567993	0.0	0.0	0.0	0.40426862239837646	0.0	0.0	0.756537914276123	0.32846003770828247	0.4710410535335541	0.6773195266723633	0.11754055321216583	0.5353559255599976	0.3531176447868347	0.0	0.4767343997955322	1.3880797624588013	0.2898380160331726	0.0	0.0	0.0	0.3718285858631134	0.0	0.6523178219795227	0.0	0.0	0.0	0.8582277297973633	0.22698786854743958	0.7056069374084473	1.1677380800247192	0.72063809633255	0.2707200050354004	0.6166364550590515	1.3108572959899902	0.0	0.0	0.0	0.36690178513526917	0.0	0.0	1.3323668241500854	0.3506705164909363	0.0	0.0	0.42337700724601746	1.329803228378296	0.4346345067024231	0.0	1.2827088832855225	0.3699120283126831	0.2517199218273163	0.0	0.0	0.0	0.5222125053405762
1.2029482126235962	0.4677165150642395	0.0	0.9199896454811096	0.0	0.0	2.494316816329956	0.0	0.6950225830078125	0.0	0.0	0.0	0.44040098786354065	0.0	0.0	0.7868008017539978	0.36854785680770874	0.4597052037715912	0.6747951507568359	0.1178896501660347	0.609913170337677	0.35696953535079956	0.0	0.5209619998931885	1.3908699750900269	0.2902049720287323	0.0	0.0	0.0	0.38931581377983093	0.0	0.6659373641014099	0.0	0.0	0.0	0.8945789933204651	0.251395046710968	0.7204204797744751	1.1856050491333008	0.7011305093765259	0.26010632514953613	0.6242165565490723	1.2609745264053345	0.0	0.0	0.0	0.35905274748802185	0.0	0.0	1.4620689153671265	0.3699495494365692	0.0	0.0	0.41953784227371216	1.3345508575439453	0.47738030552864075	0.0	1.2915737628936768	0.4777263104915619	0.2864910364151001	0.0	0.0	0.0	0.4991731345653534
1.2165422439575195	0.4305295944213867	0.0	0.8087326884269714	0.0	0.0	2.4554145336151123	0.0	0.6675931811332703	0.0	0.0	0.0	0.3927440047264099	0.0	0.0	0.7495101690292358	0.35081446170806885	0.47816216945648193	0.679398238658905	0.13514934480190277	0.538350522518158	0.39485570788383484	0.0	0.4758152365684509	1.4157863855361938	0.30648860335350037	0.0	0.0	0.0	0.41928350925445557	0.0	0.6460533142089844	0.0	0.0	0.0	0.8530296087265015	0.2014743834733963	0.6927601099014282	1.1844482421875	0.7401103377342224	0.2645663321018219	0.624555766582489	1.3010004758834839	0.0	0.0	0.0	0.34887829422950745	0.0	0.0	1.353434681892395	0.3678075969219208	0.0	0.0	0.431804895401001	1.3179880380630493	0.44516390562057495	0.0	1.2881155014038086	0.36524638533592224	0.2790486812591553	0.0	0.0	0.0	0.5243595242500305
1.234175443649292	0.5572893619537354	0.0	0.8255597949028015	0.0	0.0	2.5181057453155518	0.0	0.6621569395065308	0.0	0.0	0.0	0.4019726812839508	0.0	0.0	0.8376203179359436	0.33057716488838196	0.4812719523906708	0.6915065050125122	0.1136193498969078	0.5480065941810608	0.3999851942062378	0.0	0.5025700330734253	1.360154151916504	0.3090764880180359	0.0	0.0	0.0	0.3770672380924225	0.0	0.7042731642723083	0.0	0.0	0.0	0.8605950474739075	0.2058272808790207	0.6926944255828857	1.2199064493179321	0.7025019526481628	0.307815819978714	0.6896824836730957	1.3066840171813965	0.0	0.0	0.0	0.35117700695991516	0.0	0.0	1.3623216152191162	0.48972228169441223	0.0	0.0	0.41979390382766724	1.3317530155181885	0.49426552653312683	0.0	1.2856428623199463	0.3702095150947571	0.3159179091453552	0.0	0.0	0.0	0.5355979800224304
1.228036642074585	0.4697776436805725	0.0	0.9752411246299744	0.0	0.0	2.477186918258667	0.0	0.7212572693824768	0.0	0.0	0.0	0.40932542085647583	0.0	0.0	0.8084782958030701	0.3158300220966339	0.4713556468486786	0.6648067235946655	0.14073987305164337	0.5795583724975586	0.34993624687194824	0.0	0.6075781583786011	1.3743865489959717	0.3032514154911041	0.0	0.0	0.0	0.3697955012321472	0.0	0.6442170143127441	0.0	0.0	0.0	0.8696198463439941	0.2894231677055359	0.7715147137641907	1.1834872961044312	0.6804389357566833	0.26272231340408325	0.6190383434295654	1.2714104652404785	0.0	0.0	0.0	0.4067319333553314	0.0	0.0	1.429474949836731	0.358011394739151	0.0	0.0	0.4865463674068451	1.3458560705184937	0.45951205492019653	0.0	1.3085111379623413	0.45224153995513916	0.28675100207328796	0.0	0.0	0.0	0.47731682658195496
1.229262113571167	0.451386958360672	0.0	0.9530981183052063	0.0	0.0	2.4620344638824463	0.0	0.6691325902938843	0.0	0.0	0.0	0.37410643696784973	0.0	0.0	0.7717246413230896	0.30867087841033936	0.500232458114624	0.6900612711906433	0.11686179041862488	0.5314133763313293	0.3600614368915558	0.0	0.5712560415267944	1.3726454973220825	0.30418986082077026	0.0	0.0	0.0	0.3857943117618561	0.0	0.6706143021583557	0.0	0.0	0.0	0.8552479147911072	0.2721870541572571	0.7606543898582458	1.19706392288208	0.7053411602973938	0.2560562193393707	0.6355786919593811	1.3435579538345337	0.0	0.0	0.0	0.37181347608566284	0.0	0.0	1.3393020629882812	0.38687774538993835	0.0	0.0	0.5022569298744202	1.3347841501235962	0.4494418501853943	0.0	1.3108439445495605	0.38063520193099976	0.29551535844802856	0.0	0.0	0.0	0.5131075382232666
1.2171260118484497	0.4619317054748535	0.0	0.8079200983047485	0.0	0.0	2.442481756210327	0.0	0.6594516634941101	0.0	0.0	0.0	0.3688197731971741	0.0	0.0	0.7499557733535767	0.3107016086578369	0.4597446322441101	0.6620575189590454	0.1180625930428505	0.5181649923324585	0.37259790301322937	0.0	0.47886720299720764	1.3799172639846802	0.31639060378074646	0.0	0.0	0.0	0.4032178819179535	0.0	0.6591554880142212	0.0	0.0	0.0	0.8466075658798218	0.37618646025657654	0.6849328279495239	1.1647083759307861	0.6923229694366455	0.2668706476688385	0.6152641177177429	1.2908505201339722	0.0	0.0	0.0	0.3632534444332123	0.0	0.0	1.3435617685317993	0.3571512997150421	0.0	0.0	0.4237745404243469	1.3487350940704346	0.4414456784725189	0.0	1.2848366498947144	0.37650153040885925	0.2890767455101013	0.0	0.0	0.0	0.49191057682037354
1.225253939628601	0.47745758295059204	0.0	0.8188385963439941	0.0	0.0	2.5286002159118652	0.0	0.6840401887893677	0.0	0.0	0.0	0.3804517090320587	0.0	0.0	0.8126330375671387	0.310561865568161	0.4772528111934662	0.7033016681671143	0.11178296059370041	0.5264644622802734	0.3735027611255646	0.0	0.4693354368209839	1.3759187459945679	0.32574188709259033	0.0	0.0	0.0	0.3814617097377777	0.0	0.6561561822891235	0.0	0.0	0.0	0.8485165238380432	0.21039240062236786	0.7017998695373535	1.171481966972351	0.7048426866531372	0.2957639992237091	0.6193945407867432	1.3206788301467896	0.0	0.0	0.0	0.3491266071796417	0.0	0.0	1.3309738636016846	0.36622461676597595	0.0	0.0	0.4646835923194885	1.3619180917739868	0.46465906500816345	0.0	1.2990108728408813	0.41034814715385437	0.25354838371276855	0.0	0.0	0.0	0.5022799968719482
1.2151973247528076	0.4395706057548523	0.0	0.8249202966690063	0.0	0.0	2.519697427749634	0.0	0.6529697775840759	0.0	0.0	0.0	0.3625185787677765	0.0	0.0	0.7720568776130676	0.368215948343277	0.4635140895843506	0.6833672523498535	0.11772504448890686	0.5387097597122192	0.34366729855537415	0.0	0.4937567710876465	1.3774895668029785	0.3039001226425171	0.0	0.0	0.0	0.3744714856147766	0.0	0.6619417071342468	0.0	0.0	0.0	0.8595196008682251	0.21259556710720062	0.7052707672119141	1.1644154787063599	0.7121084332466125	0.2530951499938965	0.6267049908638	1.2853585481643677	0.0	0.0	0.0	0.38227030634880066	0.0	0.0	1.3468018770217896	0.36194026470184326	0.0	0.0	0.4164075553417206	1.3333091735839844	0.43437036871910095	0.0	1.2891415357589722	0.3985072076320648	0.2487286776304245	0.0	0.0	0.0	0.512104332447052
1.2343053817749023	0.4517214894294739	0.0	0.926927387714386	0.0	0.0	2.501636266708374	0.0	0.7175474166870117	0.0	0.0	0.0	0.42596977949142456	0.0	0.0	0.8443534970283508	0.3655797243118286	0.4493960440158844	0.6731646060943604	0.1169271320104599	0.5999391674995422	0.351412832736969	0.0	0.5146109461784363	1.400816798210144	0.3085213899612427	0.0	0.0	0.0	0.3850323259830475	0.0	0.6483210325241089	0.0	0.0	0.0	0.8703116774559021	0.21151432394981384	0.7020732760429382	1.1732927560806274	0.7040108442306519	0.28669339418411255	0.6062444448471069	1.2670930624008179	0.0	0.0	0.0	0.3704904317855835	0.0	0.0	1.4778938293457031	0.3691787123680115	0.0	0.0	0.4063439667224884	1.3266931772232056	0.46972694993019104	0.0	1.2914224863052368	0.4608151912689209	0.3018970489501953	0.0	0.0	0.0	0.576267421245575
1.2270556688308716	0.44833844900131226	0.0	0.8617589473724365	0.0	0.0	2.5225422382354736	0.0	0.6617712378501892	0.0	0.0	0.0	0.39416706562042236	0.0	0.0	0.7470716834068298	0.3223394751548767	0.5254250168800354	0.7190544009208679	0.11576199531555176	0.517257809638977	0.3650437295436859	0.0	0.45505058765411377	1.3844566345214844	0.34192952513694763	0.0	0.0	0.0	0.4001804292201996	0.0	0.6636798977851868	0.0	0.0	0.0	0.8465388417243958	0.23232391476631165	0.7381577491760254	1.1841864585876465	0.7141419053077698	0.30100324749946594	0.6183569431304932	1.2806475162506104	0.0	0.0	0.0	0.36657118797302246	0.0	0.0	1.3521932363510132	0.355602502822876	0.0	0.0	0.4396350085735321	1.323858380317688	0.4522663354873657	0.0	1.272121787071228	0.4201947748661041	0.25051814317703247	0.0	0.0	0.0	0.484641432762146
1.2071698904037476	0.44269853830337524	0.0	0.8938417434692383	0.0	0.0	2.6192500591278076	0.0	0.6557579040527344	0.0	0.0	0.0	0.39525100588798523	0.0	0.0	0.8038080334663391	0.3144901692867279	0.4835579991340637	0.6717710494995117	0.125502347946167	0.5317727327346802	0.3855447471141815	0.0	0.48194804787635803	1.3854820728302002	0.3798369765281677	0.0	0.0	0.0	0.4067862033843994	0.0	0.6602594256401062	0.0	0.0	0.0	0.8615058660507202	0.39626193046569824	0.7512125372886658	1.174301266670227	0.7125646471977234	0.26436057686805725	0.6587463021278381	1.3113923072814941	0.0	0.0	0.0	0.3600410223007202	0.0	0.0	1.422171950340271	0.3650462329387665	0.0	0.0	0.44694215059280396	1.3234533071517944	0.45860159397125244	0.0	1.2880140542984009	0.4333137571811676	0.2575451731681824	0.0	0.0	0.0	0.4948142170906067
1.2207709550857544	0.4663406014442444	0.0	0.8307472467422485	0.0	0.0	2.53798508644104	0.0	0.6599844098091125	0.0	0.0	0.0	0.3655369281768799	0.0	0.0	0.7448813319206238	0.39877083897590637	0.5275841355323792	0.6985629796981812	0.1272905319929123	0.5807129740715027	0.36619994044303894	0.0	0.4881753623485565	1.3950001001358032	0.34507715702056885	0.0	0.0	0.0	0.38816338777542114	0.0	0.6754314303398132	0.0	0.0	0.0	0.8543334007263184	0.22661708295345306	0.71110999584198	1.1790502071380615	0.7085983157157898	0.3040856122970581	0.622291088104248	1.3075380325317383	0.0	0.0	0.0	0.341503769159317	0.0	0.0	1.3662571907043457	0.36956775188446045	0.0	0.0	0.4199669659137726	1.3452191352844238	0.4364015460014343	0.0	1.2784147262573242	0.3999166190624237	0.2738436162471771	0.0	0.0	0.0	0.5124502778053284
1.2649247646331787	0.5062737464904785	0.0	0.8675632476806641	0.0	0.0	2.5766091346740723	0.0	0.6703880429267883	0.0	0.0	0.0	0.40273600816726685	0.0	0.0	0.7635843753814697	0.3291352689266205	0.476944237947464	0.6951660513877869	0.13982853293418884	0.538828432559967	0.38068997859954834	0.0	0.489260733127594	1.4285141229629517	0.32735151052474976	0.0	0.0	0.0	0.3757607638835907	0.0	0.6519166827201843	0.0	0.0	0.0	0.8640996217727661	0.24391871690750122	0.7104735970497131	1.1769288778305054	0.7033013701438904	0.25650686025619507	0.6428249478340149	1.303071141242981	0.0	0.0	0.0	0.34779879450798035	0.0	0.0	1.3696671724319458	0.3487308919429779	0.0	0.0	0.46262335777282715	1.3881676197052002	0.46544623374938965	0.0	1.3605718612670898	0.36589521169662476	0.25332364439964294	0.0	0.0	0.0	0.4948557913303375
1.2732295989990234	0.5073828101158142	0.0	0.9493831396102905	0.0	0.0	2.5717389583587646	0.0	0.7134841084480286	0.0	0.0	0.0	0.4092603325843811	0.0	0.0	0.8590782284736633	0.3164573311805725	0.49666014313697815	0.7009168863296509	0.12119579315185547	0.6288732290267944	0.35305705666542053	0.0	0.5886819958686829	1.40997314453125	0.310106098651886	0.0	0.0	0.0	0.33541539311408997	0.0	0.6567235589027405	0.0	0.0	0.0	0.8521530032157898	0.27805402874946594	0.7796775698661804	1.1863770484924316	0.7195943593978882	0.27808237075805664	0.6489273905754089	1.2776131629943848	0.0	0.0	0.0	0.3782929480075836	0.0	0.0	1.4463833570480347	0.5039892792701721	0.0	0.0	0.515480101108551	1.3763530254364014	0.471388578414917	0.0	1.365506649017334	0.42091214656829834	0.281388521194458	0.0	0.0	0.0	0.5002429485321045
1.2651865482330322	0.432370662689209	0.0	0.8882231116294861	0.0	0.0	2.4579813480377197	0.0	0.7296735644340515	0.0	0.0	0.0	0.43889886140823364	0.0	0.0	0.8060645461082458	0.3431520462036133	0.49166691303253174	0.7154102921485901	0.10039609670639038	0.5598471164703369	0.40168866515159607	0.0	0.551327109336853	1.4300978183746338	0.35409000515937805	0.0	0.0	0.0	0.38232484459877014	0.0	0.6609541177749634	0.0	0.0	0.0	0.8289867639541626	0.23533712327480316	0.7017686367034912	1.2013978958129883	0.7015606760978699	0.27665165066719055	0.6701955199241638	1.3417136669158936	0.0	0.0	0.0	0.41848766803741455	0.0	0.0	1.4731405973434448	0.3768804967403412	0.0	0.0	0.45317307114601135	1.3579410314559937	0.46637919545173645	0.0	1.331058144569397	0.4631986916065216	0.32487672567367554	0.0	0.0	0.0	0.5041321516036987
1.2125362157821655	0.46956387162208557	0.0	0.849107563495636	0.0	0.0	2.505596876144409	0.0	0.6583205461502075	0.0	0.0	0.0	0.38150927424430847	0.0	0.0	0.7848512530326843	0.3312767744064331	0.49394145607948303	0.7099115252494812	0.13158674538135529	0.5365540981292725	0.38719505071640015	0.0	0.5093011856079102	1.3671464920043945	0.30860382318496704	0.0	0.0	0.0	0.4499150514602661	0.0	0.6660534143447876	0.0	0.0	0.0	0.8541773557662964	0.2148928940296173	0.7263109683990479	1.2006150484085083	0.7019745111465454	0.2541291117668152	0.6689695715904236	1.3613126277923584	0.0	0.0	0.0	0.3553890883922577	0.0	0.0	1.3558628559112549	0.3992801308631897	0.0	0.0	0.47704777121543884	1.3167134523391724	0.47954773902893066	0.0	1.277820348739624	0.39618393778800964	0.26890942454338074	0.0	0.0	0.0	0.501008152961731
1.2236762046813965	0.45968717336654663	0.0	0.9954325556755066	0.0	0.0	2.4696524143218994	0.0	0.6815520524978638	0.0	0.0	0.0	0.364949494600296	0.0	0.0	0.7479158043861389	0.35066908597946167	0.4692531228065491	0.6595302224159241	0.14301033318042755	0.5315185785293579	0.3579139709472656	0.0	0.619776725769043	1.36928391456604	0.28656458854675293	0.0	0.0	0.0	0.3737410008907318	0.0	0.6633109450340271	0.0	0.0	0.0	0.8440197706222534	0.2998952567577362	0.7827379703521729	1.169497013092041	0.7073533535003662	0.2615194618701935	0.6452913880348206	1.2983384132385254	0.0	0.0	0.0	0.34093475341796875	0.0	0.0	1.339700698852539	0.36431270837783813	0.0	0.0	0.5115642547607422	1.315234661102295	0.43211281299591064	0.0	1.2721830606460571	0.38594579696655273	0.2673461437225342	0.0	0.0	0.0	0.5180285573005676
1.2078869342803955	0.47462114691734314	0.0	0.9625777006149292	0.0	0.0	2.5659823417663574	0.0	0.6694266200065613	0.0	0.0	0.0	0.4231802225112915	0.0	0.0	0.7424061298370361	0.354293555021286	0.473076730966568	0.7008706331253052	0.13962240517139435	0.520002543926239	0.3790127635002136	0.0	0.60613614320755	1.3655869960784912	0.3038521707057953	0.0	0.0	0.0	0.39355266094207764	0.0	0.6973220705986023	0.0	0.0	0.0	0.9184374809265137	0.31339555978775024	0.7807736992835999	1.1840640306472778	0.7112685441970825	0.2935642600059509	0.6544926166534424	1.3343034982681274	0.0	0.0	0.0	0.3633798360824585	0.0	0.0	1.3775676488876343	0.41743966937065125	0.0	0.0	0.48310405015945435	1.32844078540802	0.46930620074272156	0.0	1.2876613140106201	0.3701644241809845	0.30795106291770935	0.0	0.0	0.0	0.5126152634620667
1.2190316915512085	0.48961520195007324	0.0	0.9313520789146423	0.0	0.0	2.512972831726074	0.0	0.6670218706130981	0.0	0.0	0.0	0.40681734681129456	0.0	0.0	0.8280815482139587	0.32420745491981506	0.46889641880989075	0.694305956363678	0.1657707691192627	0.5662668347358704	0.39083075523376465	0.0	0.5862493515014648	1.3830616474151611	0.31357139348983765	0.0	0.0	0.0	0.40410834550857544	0.0	0.6597636938095093	0.0	0.0	0.0	0.8771700859069824	0.2900030016899109	0.798407256603241	1.2107049226760864	0.7289801836013794	0.27966102957725525	0.6339433789253235	1.3436638116836548	0.0	0.0	0.0	0.34517499804496765	0.0	0.0	1.3245269060134888	0.36694836616516113	0.0	0.0	0.43370604515075684	1.340275764465332	0.46043330430984497	0.0	1.304978370666504	0.3847242593765259	0.2803215980529785	0.0	0.0	0.0	0.5452911853790283
1.2015156745910645	0.44687238335609436	0.0	0.9675453305244446	0.0	0.0	2.50561261177063	0.0	0.6874067783355713	0.0	0.0	0.0	0.37463563680648804	0.0	0.0	0.7698201537132263	0.30849602818489075	0.4824616611003876	0.680329442024231	0.1075020581483841	0.5269451141357422	0.37635672092437744	0.0	0.5268806219100952	1.3693839311599731	0.3181541860103607	0.0	0.0	0.0	0.35670456290245056	0.0	0.7088671922683716	0.0	0.0	0.0	0.8658698797225952	0.2764989137649536	0.799292266368866	1.1483430862426758	0.6877983212471008	0.2679991126060486	0.6408345103263855	1.2667932510375977	0.0	0.0	0.0	0.34147369861602783	0.0	0.0	1.3526266813278198	0.3999446630477905	0.0	0.0	0.5024976134300232	1.3178099393844604	0.4694659411907196	0.0	1.297900915145874	0.39680078625679016	0.294762521982193	0.0	0.0	0.0	0.4954698979854584
1.2129102945327759	0.4934861958026886	0.0	0.8480241298675537	0.0	0.0	2.529660224914551	0.0	0.6779914498329163	0.0	0.0	0.0	0.3891853988170624	0.0	0.0	0.7939885854721069	0.34733298420906067	0.5000757575035095	0.6870482563972473	0.13993622362613678	0.5711110830307007	0.38375723361968994	0.0	0.4852307438850403	1.3745921850204468	0.32519209384918213	0.0	0.0	0.0	0.37945082783699036	0.0	0.7085536122322083	0.0	0.0	0.0	0.8711801171302795	0.23342548310756683	0.7048023343086243	1.1674247980117798	0.7317200899124146	0.28525450825691223	0.6380137205123901	1.3356202840805054	0.0	0.0	0.0	0.3668850362300873	0.0	0.0	1.3385965824127197	0.38696610927581787	0.0	0.0	0.44925767183303833	1.3718537092208862	0.48009613156318665	0.0	1.3249125480651855	0.3921566903591156	0.319126695394516	0.0	0.0	0.0	0.4910087287425995
1.2363545894622803	0.47912102937698364	0.0	0.8890776634216309	0.0	0.0	2.5243465900421143	0.0	0.6960424780845642	0.0	0.0	0.0	0.4070468842983246	0.0	0.0	0.7847295999526978	0.3091861307621002	0.5064730048179626	0.700465977191925	0.12520039081573486	0.5727214813232422	0.38799020648002625	0.0	0.49498996138572693	1.3811864852905273	0.32157936692237854	0.0	0.0	0.0	0.3801322281360626	0.0	0.6592424511909485	0.0	0.0	0.0	0.841282308101654	0.4026271402835846	0.7235086560249329	1.1851346492767334	0.7228990793228149	0.29094356298446655	0.6344584822654724	1.3442777395248413	0.0	0.0	0.0	0.3499912619590759	0.0	0.0	1.3677124977111816	0.37518608570098877	0.0	0.0	0.4573582410812378	1.3497916460037231	0.46891364455223083	0.0	1.3363206386566162	0.391512930393219	0.251834899187088	0.0	0.0	0.0	0.4961993396282196
1.28932523727417	0.4288676083087921	0.0	0.9486469030380249	0.0	0.0	2.470639944076538	0.0	0.7596145868301392	0.0	0.0	0.0	0.47489237785339355	0.0	0.0	0.8407154679298401	0.3447417616844177	0.4891364276409149	0.7151429057121277	0.12529808282852173	0.6388655304908752	0.38367846608161926	0.0	0.5712200403213501	1.4424326419830322	0.32604730129241943	0.0	0.0	0.0	0.4044559895992279	0.0	0.7077240347862244	0.0	0.0	0.0	0.8421521782875061	0.27494168281555176	0.7447160482406616	1.1697838306427002	0.7062473297119141	0.2636845111846924	0.6437047719955444	1.3095433712005615	0.0	0.0	0.0	0.40457043051719666	0.0	0.0	1.5024176836013794	0.5163410305976868	0.0	0.0	0.4817470908164978	1.3262248039245605	0.4796762466430664	0.0	1.2931689023971558	0.38501837849617004	0.32924020290374756	0.0	0.0	0.0	0.5208544135093689
1.1874439716339111	0.4874711334705353	0.0	0.8053371906280518	0.0	0.0	2.502912998199463	0.0	0.6617138385772705	0.0	0.0	0.0	0.3608262836933136	0.0	0.0	0.766322135925293	0.3053227663040161	0.46846815943717957	0.6889404058456421	0.11504516005516052	0.5363394021987915	0.3679090738296509	0.0	0.48941266536712646	1.3518955707550049	0.3017706573009491	0.0	0.0	0.0	0.3703126609325409	0.0	0.6435524821281433	0.0	0.0	0.0	0.8750253319740295	0.2183169424533844	0.6934270262718201	1.1713138818740845	0.7073060870170593	0.27134114503860474	0.6287935376167297	1.2933663129806519	0.0	0.0	0.0	0.350368469953537	0.0	0.0	1.3451833724975586	0.3812757432460785	0.0	0.0	0.4357638955116272	1.3266257047653198	0.44102156162261963	0.0	1.2833638191223145	0.37117433547973633	0.2557269036769867	0.0	0.0	0.0	0.4891701936721802
1.1997642517089844	0.4943230450153351	0.0	0.8171083927154541	0.0	0.0	2.5485122203826904	0.0	0.6577984690666199	0.0	0.0	0.0	0.4048251211643219	0.0	0.0	0.7497760057449341	0.32001280784606934	0.4615650177001953	0.6723562479019165	0.11636178195476532	0.531531810760498	0.3705485463142395	0.0	0.505638062953949	1.355141043663025	0.3158538043498993	0.0	0.0	0.0	0.3706561326980591	0.0	0.6518649458885193	0.0	0.0	0.0	0.874568521976471	0.3967602550983429	0.6881123185157776	1.195046067237854	0.7163230180740356	0.31604450941085815	0.640386164188385	1.281130075454712	0.0	0.0	0.0	0.3404678702354431	0.0	0.0	1.357607126235962	0.3937128186225891	0.0	0.0	0.45098021626472473	1.3565874099731445	0.44496679306030273	0.0	1.3031085729599	0.3697332739830017	0.28067776560783386	0.0	0.0	0.0	0.5520147085189819
1.24148428440094	0.45640215277671814	0.0	0.9346676468849182	0.0	0.0	2.5096306800842285	0.0	0.6940227746963501	0.0	0.0	0.0	0.37174949049949646	0.0	0.0	0.7873606085777283	0.3653395473957062	0.46544504165649414	0.7162197232246399	0.13407988846302032	0.5267019867897034	0.37829652428627014	0.0	0.5814563632011414	1.3926758766174316	0.3105516731739044	0.0	0.0	0.0	0.3864423334598541	0.0	0.6714640855789185	0.0	0.0	0.0	0.8563562035560608	0.27589112520217896	0.745945155620575	1.1870309114456177	0.7019048929214478	0.24845251441001892	0.6431315541267395	1.33625066280365	0.0	0.0	0.0	0.38064274191856384	0.0	0.0	1.361607551574707	0.38749033212661743	0.0	0.0	0.4841023087501526	1.361593246459961	0.4538954794406891	0.0	1.3052698373794556	0.3814050555229187	0.272355318069458	0.0	0.0	0.0	0.4882924258708954
1.2367650270462036	0.44639307260513306	0.0	0.8678449392318726	0.0	0.0	2.536804437637329	0.0	0.6747946739196777	0.0	0.0	0.0	0.4042392075061798	0.0	0.0	0.7376316785812378	0.2987005114555359	0.5095747113227844	0.6989402770996094	0.1266244798898697	0.5171123743057251	0.35996606945991516	0.0	0.4899199306964874	1.3622490167617798	0.36380764842033386	0.0	0.0	0.0	0.38497063517570496	0.0	0.6913164854049683	0.0	0.0	0.0	0.8803778290748596	0.26177725195884705	0.725358247756958	1.2391018867492676	0.7153319120407104	0.3082433342933655	0.648293673992157	1.3110522031784058	0.0	0.0	0.0	0.33415138721466064	0.0	0.0	1.3634588718414307	0.4103606641292572	0.0	0.0	0.4486803412437439	1.3548953533172607	0.4453294277191162	0.0	1.2994276285171509	0.4013884365558624	0.29172149300575256	0.0	0.0	0.0	0.4907137155532837
1.2187248468399048	0.4719218909740448	0.0	0.872450590133667	0.0	0.0	2.480797529220581	0.0	0.6925695538520813	0.0	0.0	0.0	0.37896543741226196	0.0	0.0	0.7843560576438904	0.31969913840293884	0.5021288990974426	0.6794673204421997	0.126717671751976	0.5356104969978333	0.3610789179801941	0.0	0.4838011562824249	1.3929818868637085	0.31268271803855896	0.0	0.0	0.0	0.3813253343105316	0.0	0.6605971455574036	0.0	0.0	0.0	0.839655876159668	0.2628099024295807	0.7196054458618164	1.1727091073989868	0.7029305100440979	0.35704705119132996	0.6455803513526917	1.2895467281341553	0.0	0.0	0.0	0.38791611790657043	0.0	0.0	1.3590903282165527	0.36703839898109436	0.0	0.0	0.4217643141746521	1.3399633169174194	0.4724528193473816	0.0	1.299851417541504	0.3978087902069092	0.2849641740322113	0.0	0.0	0.0	0.5071227550506592
1.22926664352417	0.43685123324394226	0.0	0.847091555595398	0.0	0.0	2.472707748413086	0.0	0.6991243958473206	0.0	0.0	0.0	0.417584627866745	0.0	0.0	0.7545871138572693	0.3284176290035248	0.501538872718811	0.7199283838272095	0.12908124923706055	0.563113272190094	0.3878073990345001	0.0	0.5663284063339233	1.3967607021331787	0.3345218896865845	0.0	0.0	0.0	0.3733798861503601	0.0	0.652091920375824	0.0	0.0	0.0	0.8551575541496277	0.2941635549068451	0.6943094730377197	1.169784665107727	0.7162792086601257	0.257647305727005	0.6307462453842163	1.277121663093567	0.0	0.0	0.0	0.38738471269607544	0.0	0.0	1.4716588258743286	0.4013154208660126	0.0	0.0	0.4510851800441742	1.3426858186721802	0.46898725628852844	0.0	1.3202886581420898	0.5128443241119385	0.3808881640434265	0.0	0.0	0.0	0.5526500344276428
1.2150894403457642	0.4414702355861664	0.0	0.8618826866149902	0.0	0.0	2.4950923919677734	0.0	0.6640231013298035	0.0	0.0	0.0	0.37084224820137024	0.0	0.0	0.768568754196167	0.3153943419456482	0.48133447766304016	0.6706573963165283	0.12688426673412323	0.5431054830551147	0.3644666373729706	0.0	0.48752233386039734	1.3881770372390747	0.2899852991104126	0.0	0.0	0.0	0.38299164175987244	0.0	0.6531174182891846	0.0	0.0	0.0	0.8433351516723633	0.2547309696674347	0.7267419099807739	1.178156852722168	0.7006601095199585	0.257284939289093	0.6351161003112793	1.2926557064056396	0.0	0.0	0.0	0.3784552812576294	0.0	0.0	1.3703644275665283	0.4992506504058838	0.0	0.0	0.40848997235298157	1.3488520383834839	0.45191043615341187	0.0	1.3042223453521729	0.39424851536750793	0.28283408284187317	0.0	0.0	0.0	0.5322946310043335
1.2304621934890747	0.4465067982673645	0.0	0.9474520087242126	0.0	0.0	2.575869083404541	0.0	0.6861306428909302	0.0	0.0	0.0	0.3990163207054138	0.0	0.0	0.80767422914505	0.31938961148262024	0.476382315158844	0.705355703830719	0.12059784680604935	0.5383970141410828	0.3995726704597473	0.0	0.5539711117744446	1.391614317893982	0.29467177391052246	0.0	0.0	0.0	0.4091325104236603	0.0	0.6576663851737976	0.0	0.0	0.0	0.8734210729598999	0.3361225426197052	0.6921904683113098	1.1983642578125	0.7036891579627991	0.27116578817367554	0.6604995131492615	1.3006569147109985	0.0	0.0	0.0	0.33755728602409363	0.0	0.0	1.3410550355911255	0.38426822423934937	0.0	0.0	0.5590489506721497	1.3636658191680908	0.4669038653373718	0.0	1.2952625751495361	0.38865700364112854	0.29376310110092163	0.0	0.0	0.0	0.5537042021751404
1.2531839609146118	0.4652175009250641	0.0	0.8523343801498413	0.0	0.0	2.5360107421875	0.0	0.6753144860267639	0.0	0.0	0.0	0.3787876069545746	0.0	0.0	0.777988612651825	0.3296445906162262	0.4830995202064514	0.7102380990982056	0.1231420561671257	0.5362981557846069	0.3673246204853058	0.0	0.5042815804481506	1.3937262296676636	0.32345640659332275	0.0	0.0	0.0	0.38974472880363464	0.0	0.6635567545890808	0.0	0.0	0.0	0.8432444334030151	0.22071482241153717	0.7215688228607178	1.1873656511306763	0.727738618850708	0.2597055435180664	0.671565055847168	1.3300684690475464	0.0	0.0	0.0	0.36146265268325806	0.0	0.0	1.3349459171295166	0.37009769678115845	0.0	0.0	0.4415799677371979	1.3503867387771606	0.4536871016025543	0.0	1.2852072715759277	0.4178829789161682	0.27411285042762756	0.0	0.0	0.0	0.510076105594635
1.2407000064849854	0.4399932026863098	0.0	0.9697597622871399	0.0	0.0	2.511526346206665	0.0	0.7215714454650879	0.0	0.0	0.0	0.43839022517204285	0.0	0.0	0.815807044506073	0.37722891569137573	0.4780632257461548	0.6819568872451782	0.15144747495651245	0.6038587093353271	0.392222136259079	0.0	0.5905585289001465	1.4154529571533203	0.3219411075115204	0.0	0.0	0.0	0.3660171627998352	0.0	0.7145806550979614	0.0	0.0	0.0	0.8300240635871887	0.2830859422683716	0.7674612402915955	1.2204645872116089	0.7166934609413147	0.24521735310554504	0.6695583462715149	1.3146461248397827	0.0	0.0	0.0	0.41510146856307983	0.0	0.0	1.4637079238891602	0.4169330298900604	0.0	0.0	0.5065605640411377	1.3726857900619507	0.48795902729034424	0.0	1.3012810945510864	0.4692480266094208	0.29675060510635376	0.0	0.0	0.0	0.5498895049095154
1.2374215126037598	0.4478802978992462	0.0	0.8400708436965942	0.0	0.0	2.489288806915283	0.0	0.6921462416648865	0.0	0.0	0.0	0.40304404497146606	0.0	0.0	0.7576408386230469	0.32392796874046326	0.5218682289123535	0.6925517916679382	0.1433178037405014	0.5277251601219177	0.36287710070610046	0.0	0.4807199239730835	1.3971660137176514	0.30196109414100647	0.0	0.0	0.0	0.38957643508911133	0.0	0.7121119499206543	0.0	0.0	0.0	0.8743149042129517	0.2393452525138855	0.693297266960144	1.1765342950820923	0.7278715968132019	0.26628410816192627	0.6322283744812012	1.2889283895492554	0.0	0.0	0.0	0.3558676242828369	0.0	0.0	1.3449878692626953	0.3859345018863678	0.0	0.0	0.4099492132663727	1.3166760206222534	0.46514570713043213	0.0	1.2978214025497437	0.4214644134044647	0.3166307806968689	0.0	0.0	0.0	0.49879562854766846
1.2463284730911255	0.49064531922340393	0.0	0.9075026512145996	0.0	0.0	2.5425708293914795	0.0	0.6827038526535034	0.0	0.0	0.0	0.3733880817890167	0.0	0.0	0.7757920622825623	0.32317444682121277	0.5125223994255066	0.7170268893241882	0.1360427290201187	0.5325696468353271	0.3716159760951996	0.0	0.48852893710136414	1.373319149017334	0.3632149398326874	0.0	0.0	0.0	0.38744696974754333	0.0	0.7074540853500366	0.0	0.0	0.0	0.8512648344039917	0.2282325178384781	0.765652596950531	1.1852728128433228	0.7155671119689941	0.315725177526474	0.6283838152885437	1.2898534536361694	0.0	0.0	0.0	0.3574031889438629	0.0	0.0	1.3630231618881226	0.40165719389915466	0.0	0.0	0.48230186104774475	1.3213868141174316	0.4755249619483948	0.0	1.2952253818511963	0.41227081418037415	0.31293627619743347	0.0	0.0	0.0	0.5458004474639893
1.2507994174957275	0.4780486226081848	0.0	0.9449242949485779	0.0	0.0	2.49369740486145	0.0	0.7167068719863892	0.0	0.0	0.0	0.37150460481643677	0.0	0.0	0.7613073587417603	0.32360294461250305	0.512100875377655	0.6764294505119324	0.16982625424861908	0.539088785648346	0.41359227895736694	0.0	0.4973466694355011	1.364904761314392	0.3699084520339966	0.0	0.0	0.0	0.36783647537231445	0.0	0.6697218418121338	0.0	0.0	0.0	0.8564350605010986	0.335129052400589	0.7278163433074951	1.1810086965560913	0.7144463062286377	0.31267479062080383	0.6534233093261719	1.315930962562561	0.0	0.0	0.0	0.3591408133506775	0.0	0.0	1.3594141006469727	0.39212656021118164	0.0	0.0	0.5075258612632751	1.3387057781219482	0.5416104793548584	0.0	1.3115408420562744	0.393703430891037	0.33127692341804504	0.0	0.0	0.0	0.5146136283874512
1.2463502883911133	0.4587101936340332	0.0	0.8591823577880859	0.0	0.0	2.5385162830352783	0.0	0.707775890827179	0.0	0.0	0.0	0.42681291699409485	0.0	0.0	0.8170570135116577	0.3697482943534851	0.4894794225692749	0.673237681388855	0.11956454068422318	0.6019155383110046	0.3623046278953552	0.0	0.5205786228179932	1.3888590335845947	0.364650160074234	0.0	0.0	0.0	0.4007621705532074	0.0	0.6893879771232605	0.0	0.0	0.0	0.8428413271903992	0.2489861398935318	0.6977479457855225	1.1729214191436768	0.6903234124183655	0.2924775183200836	0.6453467011451721	1.2999285459518433	0.0	0.0	0.0	0.37869545817375183	0.0	0.0	1.4239274263381958	0.36457860469818115	0.0	0.0	0.4399260878562927	1.3987103700637817	0.4690283536911011	0.0	1.2791343927383423	0.4546734392642975	0.28290027379989624	0.0	0.0	0.0	0.5028074383735657
1.2506868839263916	0.4798727333545685	0.0	0.8377509713172913	0.0	0.0	2.6494617462158203	0.0	0.6830241084098816	0.0	0.0	0.0	0.40922313928604126	0.0	0.0	0.7872139811515808	0.3346021771430969	0.49712058901786804	0.6812819838523865	0.13482609391212463	0.5473005771636963	0.3787442743778229	0.0	0.5342475771903992	1.3890185356140137	0.32367345690727234	0.0	0.0	0.0	0.3825204074382782	0.0	0.7026098966598511	0.0	0.0	0.0	0.8589279055595398	0.2034958451986313	0.7273696660995483	1.1827332973480225	0.7446391582489014	0.2623130679130554	0.6488461494445801	1.3399407863616943	0.0	0.0	0.0	0.3569945991039276	0.0	0.0	1.3685030937194824	0.38464340567588806	0.0	0.0	0.4647187292575836	1.3726134300231934	0.46469035744667053	0.0	1.376548409461975	0.38865217566490173	0.28609180450439453	0.0	0.0	0.0	0.5153350830078125
1.1994667053222656	0.44015276432037354	0.0	0.8130162358283997	0.0	0.0	2.4401135444641113	0.0	0.6508916616439819	0.0	0.0	0.0	0.36933717131614685	0.0	0.0	0.7512497901916504	0.32605165243148804	0.4572559893131256	0.6757044196128845	0.11764977127313614	0.5355731844902039	0.37467414140701294	0.0	0.47120386362075806	1.3603243827819824	0.29750677943229675	0.0	0.0	0.0	0.3648391366004944	0.0	0.6501473784446716	0.0	0.0	0.0	0.8495935201644897	0.20310477912425995	0.692841112613678	1.1780214309692383	0.6919872164726257	0.25260668992996216	0.6198431849479675	1.2799679040908813	0.0	0.0	0.0	0.33991101384162903	0.0	0.0	1.3176097869873047	0.3709365129470825	0.0	0.0	0.42467641830444336	1.3143306970596313	0.4326961934566498	0.0	1.2660515308380127	0.3753853142261505	0.2773793339729309	0.0	0.0	0.0	0.4991665780544281
1.2443832159042358	0.43007490038871765	0.0	0.9164619445800781	0.0	0.0	2.470075845718384	0.0	0.7300275564193726	0.0	0.0	0.0	0.3870764374732971	0.0	0.0	0.7709705233573914	0.32164740562438965	0.4673233926296234	0.6841027736663818	0.11022669076919556	0.6073633432388306	0.35214778780937195	0.0	0.5268613696098328	1.4019287824630737	0.3151795566082001	0.0	0.0	0.0	0.40583112835884094	0.0	0.6754558086395264	0.0	0.0	0.0	0.8419996500015259	0.25978484749794006	0.7133342027664185	1.195936679840088	0.7080569267272949	0.26086029410362244	0.6474292874336243	1.2626574039459229	0.0	0.0	0.0	0.3611951768398285	0.0	0.0	1.4689604043960571	0.36230653524398804	0.0	0.0	0.42284926772117615	1.3256120681762695	0.47460412979125977	0.0	1.3043962717056274	0.47164246439933777	0.31353896856307983	0.0	0.0	0.0	0.5002425909042358
1.2258403301239014	0.47910019755363464	0.0	0.9805639386177063	0.0	0.0	2.493171453475952	0.0	0.7027913331985474	0.0	0.0	0.0	0.397671103477478	0.0	0.0	0.7574262022972107	0.3284766376018524	0.4589722454547882	0.6814573407173157	0.12474377453327179	0.5392370223999023	0.3834555745124817	0.0	0.6061695218086243	1.3699913024902344	0.2932789921760559	0.0	0.0	0.0	0.37930259108543396	0.0	0.6633127927780151	0.0	0.0	0.0	0.869641125202179	0.3119480013847351	0.8016237020492554	1.1834197044372559	0.7201754450798035	0.28790026903152466	0.6449664235115051	1.3068739175796509	0.0	0.0	0.0	0.34649577736854553	0.0	0.0	1.3341960906982422	0.38042107224464417	0.0	0.0	0.5197421312332153	1.3458013534545898	0.4525570869445801	0.0	1.307784914970398	0.381401389837265	0.2926245927810669	0.0	0.0	0.0	0.5420770049095154
1.258070707321167	0.45179352164268494	0.0	0.8715583086013794	0.0	0.0	2.464416027069092	0.0	0.7120431661605835	0.0	0.0	0.0	0.40106281638145447	0.0	0.0	0.8064383268356323	0.32695472240448	0.48908933997154236	0.7055626511573792	0.12620621919631958	0.5592333078384399	0.40092480182647705	0.0	0.4882737398147583	1.4042937755584717	0.3181530833244324	0.0	0.0	0.0	0.3864501714706421	0.0	0.6810024976730347	0.0	0.0	0.0	0.8599261045455933	0.24545127153396606	0.7247437238693237	1.199971318244934	0.7059463858604431	0.2571464776992798	0.6544530987739563	1.3386995792388916	0.0	0.0	0.0	0.37393563985824585	0.0	0.0	1.3773285150527954	0.40807726979255676	0.0	0.0	0.45215728878974915	1.3989497423171997	0.4922845959663391	0.0	1.3092443943023682	0.3910495340824127	0.3007814884185791	0.0	0.0	0.0	0.5147750973701477
1.2253968715667725	0.4754979908466339	0.0	0.8548921942710876	0.0	0.0	2.5074946880340576	0.0	0.6491377353668213	0.0	0.0	0.0	0.4163810908794403	0.0	0.0	0.7880571484565735	0.3256872892379761	0.5129795074462891	0.7354358434677124	0.1039840579032898	0.577618420124054	0.35364291071891785	0.0	0.5214172005653381	1.4347246885299683	0.3372798562049866	0.0	0.0	0.0	0.38668209314346313	0.0	0.6523356437683105	0.0	0.0	0.0	0.8934370875358582	0.21700967848300934	0.6948709487915039	1.187148928642273	0.7471094131469727	0.26133573055267334	0.6421443223953247	1.3197910785675049	0.0	0.0	0.0	0.42229652404785156	0.0	0.0	1.395836353302002	0.3506966233253479	0.0	0.0	0.4163148105144501	1.3635386228561401	0.4493471086025238	0.0	1.332491159439087	0.37311533093452454	0.26835060119628906	0.0	0.0	0.0	0.5360140204429626
1.2586283683776855	0.4355926215648651	0.0	0.8683614730834961	0.0	0.0	2.560783624649048	0.0	0.7212968468666077	0.0	0.0	0.0	0.4532277584075928	0.0	0.0	0.8374101519584656	0.3332696259021759	0.43731430172920227	0.6713983416557312	0.0942353755235672	0.615308940410614	0.3712412416934967	0.0	0.533482551574707	1.4109489917755127	0.30528905987739563	0.0	0.0	0.0	0.37982141971588135	0.0	0.6608231663703918	0.0	0.0	0.0	0.824640691280365	0.24842683970928192	0.6970512866973877	1.1795705556869507	0.7060696482658386	0.27230581641197205	0.6155117750167847	1.2938382625579834	0.0	0.0	0.0	0.40605491399765015	0.0	0.0	1.4768836498260498	0.36131900548934937	0.0	0.0	0.42278358340263367	1.3591073751449585	0.45742708444595337	0.0	1.3398232460021973	0.46069955825805664	0.3034221827983856	0.0	0.0	0.0	0.5015547871589661
1.2541874647140503	0.46584492921829224	0.0	0.9217091202735901	0.0	0.0	2.5226621627807617	0.0	0.7194149494171143	0.0	0.0	0.0	0.4289868175983429	0.0	0.0	0.8308775424957275	0.3256734013557434	0.5142771005630493	0.6822924613952637	0.10730060935020447	0.6076661944389343	0.3849138617515564	0.0	0.5316578149795532	1.3950227499008179	0.33518391847610474	0.0	0.0	0.0	0.3958599269390106	0.0	0.6904305219650269	0.0	0.0	0.0	0.872056245803833	0.25531843304634094	0.7420511245727539	1.1669268608093262	0.7364872097969055	0.25828999280929565	0.6363550424575806	1.3884505033493042	0.0	0.0	0.0	0.3857014775276184	0.0	0.0	1.4534934759140015	0.3734036982059479	0.0	0.0	0.4556300640106201	1.3567084074020386	0.4604905843734741	0.0	1.3188774585723877	0.4635479152202606	0.29720818996429443	0.0	0.0	0.0	0.5250388383865356
1.2164558172225952	0.43195173144340515	0.0	0.8235197067260742	0.0	0.0	2.504709005355835	0.0	0.6712750792503357	0.0	0.0	0.0	0.38198715448379517	0.0	0.0	0.7685502767562866	0.3390682637691498	0.4620286822319031	0.6963391304016113	0.14188016951084137	0.5459420084953308	0.36986008286476135	0.0	0.47490954399108887	1.3754225969314575	0.3063090443611145	0.0	0.0	0.0	0.39467349648475647	0.0	0.6591109037399292	0.0	0.0	0.0	0.8626153469085693	0.2070491760969162	0.7092708945274353	1.164158821105957	0.7226994633674622	0.26204031705856323	0.6873401999473572	1.3307667970657349	0.0	0.0	0.0	0.4161374866962433	0.0	0.0	1.3453595638275146	0.3972504138946533	0.0	0.0	0.44410642981529236	1.3135194778442383	0.45267191529273987	0.0	1.2845001220703125	0.38951390981674194	0.27732786536216736	0.0	0.0	0.0	0.5125424265861511
1.226943016052246	0.47749876976013184	0.0	0.8246033191680908	0.0	0.0	2.475109338760376	0.0	0.669116735458374	0.0	0.0	0.0	0.3538808524608612	0.0	0.0	0.7767719030380249	0.3268899619579315	0.4838528633117676	0.682533323764801	0.10743922740221024	0.5250333547592163	0.3895956873893738	0.0	0.5083950161933899	1.3650130033493042	0.33671700954437256	0.0	0.0	0.0	0.4050068259239197	0.0	0.7312098741531372	0.0	0.0	0.0	0.8656168580055237	0.23713615536689758	0.7231791615486145	1.1911015510559082	0.6938188672065735	0.2450985312461853	0.6938495635986328	1.3430019617080688	0.0	0.0	0.0	0.4016049802303314	0.0	0.0	1.3414050340652466	0.4258261024951935	0.0	0.0	0.42404621839523315	1.3136546611785889	0.48836642503738403	0.0	1.297275185585022	0.3844805359840393	0.2741706073284149	0.0	0.0	0.0	0.5086866021156311
1.2810684442520142	0.4803164601325989	0.0	0.9008023738861084	0.0	0.0	2.477576732635498	0.0	0.7121632695198059	0.0	0.0	0.0	0.4437052011489868	0.0	0.0	0.8249392509460449	0.3522297143936157	0.46785587072372437	0.7488654851913452	0.10796304047107697	0.6031310558319092	0.3688160181045532	0.0	0.5181860327720642	1.3897310495376587	0.35444098711013794	0.0	0.0	0.0	0.3954732418060303	0.0	0.6953844428062439	0.0	0.0	0.0	0.906808614730835	0.3678818941116333	0.7398319244384766	1.2098630666732788	0.7261800765991211	0.28166767954826355	0.646491527557373	1.31475031375885	0.0	0.0	0.0	0.37967315316200256	0.0	0.0	1.4453014135360718	0.38804891705513	0.0	0.0	0.3975328207015991	1.3398634195327759	0.46344807744026184	0.0	1.2972681522369385	0.4540026783943176	0.3452496826648712	0.0	0.0	0.0	0.583996057510376
1.2269809246063232	0.4335457980632782	0.0	0.9523521065711975	0.0	0.0	2.5218558311462402	0.0	0.6657464504241943	0.0	0.0	0.0	0.36950692534446716	0.0	0.0	0.7721983790397644	0.3099387288093567	0.47312095761299133	0.6700509786605835	0.1327790915966034	0.5245129466056824	0.36992940306663513	0.0	0.47188273072242737	1.418678641319275	0.32509753108024597	0.0	0.0	0.0	0.38464057445526123	0.0	0.6505282521247864	0.0	0.0	0.0	0.8482019901275635	0.2599152624607086	0.7766515612602234	1.1876775026321411	0.711354672908783	0.27694275975227356	0.619379997253418	1.299800157546997	0.0	0.0	0.0	0.360222727060318	0.0	0.0	1.3517581224441528	0.381840318441391	0.0	0.0	0.47288230061531067	1.3142513036727905	0.44515910744667053	0.0	1.2737946510314941	0.37364062666893005	0.24639339745044708	0.0	0.0	0.0	0.5297951698303223
1.227957844734192	0.45703402161598206	0.0	0.8259063959121704	0.0	0.0	2.5095880031585693	0.0	0.7125647068023682	0.0	0.0	0.0	0.3988761007785797	0.0	0.0	0.7849075198173523	0.3294677138328552	0.496410608291626	0.7090879678726196	0.13274922966957092	0.5542148947715759	0.39056161046028137	0.0	0.4841999113559723	1.3758431673049927	0.32367151975631714	0.0	0.0	0.0	0.40730753540992737	0.0	0.706299901008606	0.0	0.0	0.0	0.8757498860359192	0.3948458731174469	0.6954396367073059	1.221137285232544	0.7041381597518921	0.27895691990852356	0.6170317530632019	1.2734014987945557	0.0	0.0	0.0	0.3635563254356384	0.0	0.0	1.3424432277679443	0.38166287541389465	0.0	0.0	0.4254429042339325	1.3104029893875122	0.4781295657157898	0.0	1.3028045892715454	0.42404991388320923	0.3244934380054474	0.0	0.0	0.0	0.5653131008148193
1.2634295225143433	0.4343065023422241	0.0	0.9241344332695007	0.0	0.0	2.5319297313690186	0.0	0.6970416307449341	0.0	0.0	0.0	0.4691114127635956	0.0	0.0	0.8526607155799866	0.34131762385368347	0.4429630935192108	0.6532154679298401	0.10414114594459534	0.611712634563446	0.3494875431060791	0.0	0.5509271025657654	1.401424527168274	0.2909543216228485	0.0	0.0	0.0	0.36744004487991333	0.0	0.6478557586669922	0.0	0.0	0.0	0.8402016758918762	0.22450315952301025	0.6872389316558838	1.19688081741333	0.7031621932983398	0.24198395013809204	0.664306640625	1.3045237064361572	0.0	0.0	0.0	0.39695078134536743	0.0	0.0	1.456160306930542	0.3636537790298462	0.0	0.0	0.39077383279800415	1.3443853855133057	0.44558602571487427	0.0	1.288187026977539	0.4906046688556671	0.2903537154197693	0.0	0.0	0.0	0.4926360547542572
1.2176584005355835	0.45841947197914124	0.0	0.8116196990013123	0.0	0.0	2.5204408168792725	0.0	0.670089840888977	0.0	0.0	0.0	0.3786548972129822	0.0	0.0	0.760840892791748	0.32961732149124146	0.4882403612136841	0.6950089335441589	0.10495776683092117	0.518617570400238	0.3795887529850006	0.0	0.4902610778808594	1.3769183158874512	0.3176659941673279	0.0	0.0	0.0	0.39400580525398254	0.0	0.6957526803016663	0.0	0.0	0.0	0.8654235005378723	0.22711561620235443	0.7006127834320068	1.1664037704467773	0.7205096483230591	0.29713132977485657	0.6183205246925354	1.2999656200408936	0.0	0.0	0.0	0.32960113883018494	0.0	0.0	1.3437116146087646	0.3799445927143097	0.0	0.0	0.44182005524635315	1.3062233924865723	0.45792776346206665	0.0	1.2713475227355957	0.39805683493614197	0.32294097542762756	0.0	0.0	0.0	0.490113765001297
1.2277216911315918	0.4450345039367676	0.0	0.8165308833122253	0.0	0.0	2.5024046897888184	0.0	0.6684167981147766	0.0	0.0	0.0	0.39813923835754395	0.0	0.0	0.759835422039032	0.34044352173805237	0.5188584327697754	0.6787709593772888	0.13905933499336243	0.527329683303833	0.4121733605861664	0.0	0.46751511096954346	1.4058794975280762	0.3184651732444763	0.0	0.0	0.0	0.38750842213630676	0.0	0.6569252610206604	0.0	0.0	0.0	0.8696677088737488	0.22339428961277008	0.7054580450057983	1.2084622383117676	0.7332242727279663	0.28183063864707947	0.6793243288993835	1.2964483499526978	0.0	0.0	0.0	0.3353618383407593	0.0	0.0	1.3637893199920654	0.3665388524532318	0.0	0.0	0.41327038407325745	1.3407068252563477	0.444475382566452	0.0	1.285622477531433	0.39134490489959717	0.2718023359775543	0.0	0.0	0.0	0.5270673036575317
1.2591606378555298	0.48649272322654724	0.0	0.8692263960838318	0.0	0.0	2.5191256999969482	0.0	0.6896605491638184	0.0	0.0	0.0	0.4056257903575897	0.0	0.0	0.7804738283157349	0.33557772636413574	0.5111781358718872	0.700724720954895	0.12044208496809006	0.5356153845787048	0.41072797775268555	0.0	0.5396331548690796	1.3692923784255981	0.34130755066871643	0.0	0.0	0.0	0.3997829854488373	0.0	0.7044077515602112	0.0	0.0	0.0	0.8837149739265442	0.23105424642562866	0.6890115141868591	1.1943354606628418	0.7117742300033569	0.25556397438049316	0.6813734173774719	1.3561543226242065	0.0	0.0	0.0	0.3541298508644104	0.0	0.0	1.4277559518814087	0.4509594738483429	0.0	0.0	0.42818161845207214	1.3560664653778076	0.48652705550193787	0.0	1.306657314300537	0.37778323888778687	0.3288501501083374	0.0	0.0	0.0	0.4901871979236603
1.205281138420105	0.46456676721572876	0.0	0.8228099942207336	0.0	0.0	2.4679999351501465	0.0	0.6589038372039795	0.0	0.0	0.0	0.3964819610118866	0.0	0.0	0.7616798877716064	0.3102077543735504	0.4809059202671051	0.6917926669120789	0.132828027009964	0.5238092541694641	0.36748209595680237	0.0	0.5076259970664978	1.362669825553894	0.2861706018447876	0.0	0.0	0.0	0.3781772255897522	0.0	0.6516201496124268	0.0	0.0	0.0	0.8800351619720459	0.36946535110473633	0.6975962519645691	1.1633434295654297	0.6967559456825256	0.27117905020713806	0.6490366458892822	1.3337985277175903	0.0	0.0	0.0	0.37448444962501526	0.0	0.0	1.348954439163208	0.4755200147628784	0.0	0.0	0.436870813369751	1.3059159517288208	0.4412400424480438	0.0	1.275463581085205	0.36861059069633484	0.2735174298286438	0.0	0.0	0.0	0.48894402384757996
1.222217082977295	0.4754919111728668	0.0	0.8143767714500427	0.0	0.0	2.5473034381866455	0.0	0.671840250492096	0.0	0.0	0.0	0.3726710379123688	0.0	0.0	0.7716277837753296	0.3773375451564789	0.48127859830856323	0.6965116858482361	0.11909914761781693	0.5391390919685364	0.36926713585853577	0.0	0.5087904334068298	1.3749604225158691	0.31102871894836426	0.0	0.0	0.0	0.37372487783432007	0.0	0.6613702774047852	0.0	0.0	0.0	0.8569275140762329	0.20509378612041473	0.7119913697242737	1.1839747428894043	0.7234460711479187	0.2730884850025177	0.6573917269706726	1.3352904319763184	0.0	0.0	0.0	0.3968159556388855	0.0	0.0	1.3346986770629883	0.38514766097068787	0.0	0.0	0.4289475977420807	1.3588500022888184	0.45275992155075073	0.0	1.312946081161499	0.3823547661304474	0.2690502107143402	0.0	0.0	0.0	0.5205583572387695
1.2098711729049683	0.4575314223766327	0.0	0.8180037140846252	0.0	0.0	2.49186635017395	0.0	0.6648038029670715	0.0	0.0	0.0	0.38171911239624023	0.0	0.0	0.8010721802711487	0.33435216546058655	0.47160202264785767	0.6630588173866272	0.11372420191764832	0.5250933170318604	0.3756333291530609	0.0	0.5023216009140015	1.369983434677124	0.30740851163864136	0.0	0.0	0.0	0.36413097381591797	0.0	0.6539381742477417	0.0	0.0	0.0	0.8548130393028259	0.2103574275970459	0.6803722381591797	1.1698092222213745	0.7201568484306335	0.2510639429092407	0.616346538066864	1.2793539762496948	0.0	0.0	0.0	0.33691322803497314	0.0	0.0	1.3372269868850708	0.4026024341583252	0.0	0.0	0.4896637201309204	1.3170899152755737	0.45535650849342346	0.0	1.313590407371521	0.37588199973106384	0.2912050783634186	0.0	0.0	0.0	0.4843626618385315
1.2367215156555176	0.4299202561378479	0.0	0.9213402271270752	0.0	0.0	2.461199998855591	0.0	0.7022391557693481	0.0	0.0	0.0	0.4510573148727417	0.0	0.0	0.8501638770103455	0.33629530668258667	0.4628519117832184	0.6683134436607361	0.09430887550115585	0.6078717112541199	0.3537367582321167	0.0	0.5340914130210876	1.3890740871429443	0.3190498650074005	0.0	0.0	0.0	0.389923632144928	0.0	0.6588465571403503	0.0	0.0	0.0	0.8442636728286743	0.24000181257724762	0.692145824432373	1.188308596611023	0.7009435892105103	0.25487953424453735	0.6268135905265808	1.298057198524475	0.0	0.0	0.0	0.3912200331687927	0.0	0.0	1.4508627653121948	0.38130494952201843	0.0	0.0	0.4275919497013092	1.3268836736679077	0.4505438208580017	0.0	1.2913343906402588	0.45963814854621887	0.3056325614452362	0.0	0.0	0.0	0.49967333674430847
1.2224563360214233	0.48893773555755615	0.0	0.9341275691986084	0.0	0.0	2.598280429840088	0.0	0.6619022488594055	0.0	0.0	0.0	0.37185898423194885	0.0	0.0	0.7627916932106018	0.30848628282546997	0.46421143412590027	0.7332509756088257	0.17539948225021362	0.532945454120636	0.36743295192718506	0.0	0.5908772945404053	1.4140727519989014	0.3960641622543335	0.0	0.0	0.0	0.38117727637290955	0.0	0.6755484342575073	0.0	0.0	0.0	0.8482138514518738	0.2996327877044678	0.77222740650177	1.187991738319397	0.7270556688308716	0.32493892312049866	0.6380972862243652	1.2997751235961914	0.0	0.0	0.0	0.3450638949871063	0.0	0.0	1.3613548278808594	0.3674069344997406	0.0	0.0	0.45202746987342834	1.341352105140686	0.42441606521606445	0.0	1.2891926765441895	0.40388765931129456	0.3261793553829193	0.0	0.0	0.0	0.4896601438522339
1.2002005577087402	0.4744526445865631	0.0	0.8110625743865967	0.0	0.0	2.5405194759368896	0.0	0.6591960787773132	0.0	0.0	0.0	0.3917170763015747	0.0	0.0	0.7676615118980408	0.32767581939697266	0.5148542523384094	0.735464334487915	0.12904620170593262	0.5375421643257141	0.39090055227279663	0.0	0.4764707088470459	1.3726451396942139	0.33275192975997925	0.0	0.0	0.0	0.37387198209762573	0.0	0.7300710082054138	0.0	0.0	0.0	0.8715712428092957	0.2530442774295807	0.7387334704399109	1.1587707996368408	0.729210615158081	0.2726152837276459	0.6348897814750671	1.269718050956726	0.0	0.0	0.0	0.3549616038799286	0.0	0.0	1.3383049964904785	0.3992246687412262	0.0	0.0	0.43665972352027893	1.3382600545883179	0.5042039155960083	0.0	1.2781771421432495	0.4078933298587799	0.3359779417514801	0.0	0.0	0.0	0.506350040435791
1.1933149099349976	0.4578716456890106	0.0	0.8428914546966553	0.0	0.0	2.486297130584717	0.0	0.6655718684196472	0.0	0.0	0.0	0.36942896246910095	0.0	0.0	0.7718984484672546	0.3332313001155853	0.46748167276382446	0.6908721327781677	0.12096409499645233	0.5337684154510498	0.3804793655872345	0.0	0.4842524528503418	1.3841168880462646	0.2996473014354706	0.0	0.0	0.0	0.39078083634376526	0.0	0.6479026079177856	0.0	0.0	0.0	0.8374210596084595	0.24558885395526886	0.6916516423225403	1.1697641611099243	0.6955971121788025	0.28794682025909424	0.6427863836288452	1.2783994674682617	0.0	0.0	0.0	0.3404574394226074	0.0	0.0	1.3349496126174927	0.35602736473083496	0.0	0.0	0.48547065258026123	1.340181827545166	0.4414912164211273	0.0	1.2887457609176636	0.38066521286964417	0.2630908489227295	0.0	0.0	0.0	0.49853453040122986
1.2192832231521606	0.478263795375824	0.0	0.8404697179794312	0.0	0.0	2.494340419769287	0.0	0.6938260793685913	0.0	0.0	0.0	0.37392231822013855	0.0	0.0	0.8245563507080078	0.3088262677192688	0.476788192987442	0.7131626009941101	0.11397027969360352	0.5563792586326599	0.39689216017723083	0.0	0.4911918640136719	1.383131504058838	0.3034031093120575	0.0	0.0	0.0	0.3838888704776764	0.0	0.6912152171134949	0.0	0.0	0.0	0.85069340467453	0.2428496927022934	0.7056993246078491	1.1823806762695312	0.7001627087593079	0.2937428057193756	0.6204687356948853	1.3115166425704956	0.0	0.0	0.0	0.3782399892807007	0.0	0.0	1.3616291284561157	0.4192402958869934	0.0	0.0	0.4185676872730255	1.3315892219543457	0.47966650128364563	0.0	1.3038667440414429	0.39092883467674255	0.2850220203399658	0.0	0.0	0.0	0.5035040378570557
1.267865777015686	0.4407716691493988	0.0	0.895056962966919	0.0	0.0	2.510038375854492	0.0	0.6934165954589844	0.0	0.0	0.0	0.4105464816093445	0.0	0.0	0.8275774121284485	0.38976824283599854	0.4768087565898895	0.6945829391479492	0.12160718441009521	0.6057080626487732	0.3727293610572815	0.0	0.5282517671585083	1.3740216493606567	0.30496785044670105	0.0	0.0	0.0	0.3836386799812317	0.0	0.6460810899734497	0.0	0.0	0.0	0.8442965149879456	0.24165445566177368	0.6931726336479187	1.1602333784103394	0.7130680084228516	0.25430378317832947	0.6665804386138916	1.301917552947998	0.0	0.0	0.0	0.37534546852111816	0.0	0.0	1.4293267726898193	0.36820077896118164	0.0	0.0	0.4145393967628479	1.3346195220947266	0.4505888521671295	0.0	1.2913082838058472	0.43290629982948303	0.2910604476928711	0.0	0.0	0.0	0.5178623795509338
1.2237257957458496	0.45510897040367126	0.0	0.9015175104141235	0.0	0.0	2.5110011100769043	0.0	0.7054185271263123	0.0	0.0	0.0	0.42496833205223083	0.0	0.0	0.8236885666847229	0.3478602468967438	0.48726794123649597	0.7070490717887878	0.10249990224838257	0.5958037972450256	0.3642394542694092	0.0	0.5205930471420288	1.3838310241699219	0.3175908327102661	0.0	0.0	0.0	0.3962002992630005	0.0	0.6673777103424072	0.0	0.0	0.0	0.859950840473175	0.39887121319770813	0.7018957734107971	1.184328317642212	0.6891289353370667	0.2931016981601715	0.6111220121383667	1.3098316192626953	0.0	0.0	0.0	0.3922819197177887	0.0	0.0	1.428038477897644	0.3781619071960449	0.0	0.0	0.42132702469825745	1.3470743894577026	0.43530741333961487	0.0	1.3008216619491577	0.44456616044044495	0.28420090675354004	0.0	0.0	0.0	0.5027116537094116
1.220248818397522	0.4543236196041107	0.0	0.9560628533363342	0.0	0.0	2.5063233375549316	0.0	0.6808344721794128	0.0	0.0	0.0	0.37018972635269165	0.0	0.0	0.7980846762657166	0.32472264766693115	0.5096074342727661	0.7419074773788452	0.11948081105947495	0.5233263969421387	0.36742687225341797	0.0	0.5843610763549805	1.3601717948913574	0.3068932890892029	0.0	0.0	0.0	0.4226643443107605	0.0	0.7156029939651489	0.0	0.0	0.0	0.8679340481758118	0.40630581974983215	0.7517977952957153	1.1441375017166138	0.7284801006317139	0.26651903986930847	0.6501047611236572	1.3049768209457397	0.0	0.0	0.0	0.3544692099094391	0.0	0.0	1.3436814546585083	0.5196710824966431	0.0	0.0	0.47768455743789673	1.3365933895111084	0.47000062465667725	0.0	1.3128085136413574	0.3992446959018707	0.34058454632759094	0.0	0.0	0.0	0.527054488658905
1.2373000383377075	0.48800212144851685	0.0	0.9183310866355896	0.0	0.0	2.5162112712860107	0.0	0.6616960763931274	0.0	0.0	0.0	0.4393819570541382	0.0	0.0	0.8453024625778198	0.3808417320251465	0.4725298583507538	0.684232771396637	0.11794599890708923	0.5950835943222046	0.37489885091781616	0.0	0.5438143014907837	1.405189037322998	0.3538631498813629	0.0	0.0	0.0	0.37951377034187317	0.0	0.6825286746025085	0.0	0.0	0.0	0.846163272857666	0.25268593430519104	0.7056774497032166	1.2273396253585815	0.6998997926712036	0.23469653725624084	0.6602115035057068	1.377069354057312	0.0	0.0	0.0	0.39248427748680115	0.0	0.0	1.3175044059753418	0.3915346562862396	0.0	0.0	0.4698253273963928	1.378112554550171	0.48876360058784485	0.0	1.3187847137451172	0.46846118569374084	0.30421197414398193	0.0	0.0	0.0	0.5294535160064697
1.2632566690444946	0.451926052570343	0.0	0.865298330783844	0.0	0.0	2.5244123935699463	0.0	0.6588613986968994	0.0	0.0	0.0	0.36201414465904236	0.0	0.0	0.7638717889785767	0.31624287366867065	0.4553368389606476	0.7057502269744873	0.12342263758182526	0.5377540588378906	0.3841691315174103	0.0	0.48280563950538635	1.3904545307159424	0.33090740442276	0.0	0.0	0.0	0.36905327439308167	0.0	0.7174938321113586	0.0	0.0	0.0	0.8779096603393555	0.3937368094921112	0.7194242477416992	1.1813210248947144	0.698969841003418	0.30533185601234436	0.63077312707901	1.2992525100708008	0.0	0.0	0.0	0.34589970111846924	0.0	0.0	1.3182131052017212	0.38955700397491455	0.0	0.0	0.44551703333854675	1.381491780281067	0.4658361077308655	0.0	1.2964636087417603	0.38834455609321594	0.305865079164505	0.0	0.0	0.0	0.5042980909347534
1.228421688079834	0.4434509873390198	0.0	0.8704046607017517	0.0	0.0	2.5186657905578613	0.0	0.6602050065994263	0.0	0.0	0.0	0.39921605587005615	0.0	0.0	0.7562718987464905	0.3443576991558075	0.4587743878364563	0.6846509575843811	0.134942889213562	0.5331822037696838	0.3721465468406677	0.0	0.4854092597961426	1.3594446182250977	0.3063634932041168	0.0	0.0	0.0	0.3843444287776947	0.0	0.6664663553237915	0.0	0.0	0.0	0.8435381054878235	0.21516413986682892	0.6981046199798584	1.1814618110656738	0.7183066010475159	0.25216561555862427	0.6291609406471252	1.2933136224746704	0.0	0.0	0.0	0.3553526699542999	0.0	0.0	1.348308801651001	0.3730885684490204	0.0	0.0	0.4135514199733734	1.3254146575927734	0.4633095860481262	0.0	1.2817496061325073	0.3654754161834717	0.2612443268299103	0.0	0.0	0.0	0.5219280123710632
1.2089297771453857	0.44292038679122925	0.0	0.8414591550827026	0.0	0.0	2.445481777191162	0.0	0.6583535671234131	0.0	0.0	0.0	0.3856092095375061	0.0	0.0	0.7694942951202393	0.3215382397174835	0.48634982109069824	0.7113111615180969	0.13030067086219788	0.5357482433319092	0.36621204018592834	0.0	0.48825323581695557	1.3879960775375366	0.3341574966907501	0.0	0.0	0.0	0.3721531927585602	0.0	0.6913554072380066	0.0	0.0	0.0	0.8358010649681091	0.23542001843452454	0.682989239692688	1.1693401336669922	0.695416271686554	0.2505013346672058	0.6596511006355286	1.2875511646270752	0.0	0.0	0.0	0.36990705132484436	0.0	0.0	1.3571902513504028	0.40780675411224365	0.0	0.0	0.41141393780708313	1.3214302062988281	0.46693307161331177	0.0	1.2842731475830078	0.4005957245826721	0.30878815054893494	0.0	0.0	0.0	0.5021239519119263
1.2565433979034424	0.47890496253967285	0.0	0.8208595514297485	0.0	0.0	2.5177929401397705	0.0	0.641615092754364	0.0	0.0	0.0	0.3828331232070923	0.0	0.0	0.7607301473617554	0.32544270157814026	0.5080941915512085	0.6934773325920105	0.12226095050573349	0.5192958116531372	0.39240917563438416	0.0	0.4657459259033203	1.3886841535568237	0.32649174332618713	0.0	0.0	0.0	0.3887491226196289	0.0	0.7277742028236389	0.0	0.0	0.0	0.8849485516548157	0.20616063475608826	0.6870654821395874	1.1962635517120361	0.743095874786377	0.24986015260219574	0.6664741635322571	1.2950202226638794	0.0	0.0	0.0	0.3391222059726715	0.0	0.0	1.3231934309005737	0.3912460505962372	0.0	0.0	0.4289405941963196	1.34477961063385	0.48235756158828735	0.0	1.2953168153762817	0.4014287292957306	0.3239762485027313	0.0	0.0	0.0	0.4952218234539032
1.237093210220337	0.4598321318626404	0.0	0.8205000162124634	0.0	0.0	2.477530002593994	0.0	0.6637945175170898	0.0	0.0	0.0	0.37180623412132263	0.0	0.0	0.8123153448104858	0.3205145001411438	0.46939435601234436	0.6889841556549072	0.10920887440443039	0.5269371271133423	0.35911473631858826	0.0	0.4929257333278656	1.3865758180618286	0.2899321913719177	0.0	0.0	0.0	0.3704129755496979	0.0	0.6520974636077881	0.0	0.0	0.0	0.8504361510276794	0.25083115696907043	0.7075243592262268	1.1855121850967407	0.7038735747337341	0.2616035044193268	0.6539537906646729	1.283205509185791	0.0	0.0	0.0	0.34718096256256104	0.0	0.0	1.340950608253479	0.3630043566226959	0.0	0.0	0.4125492572784424	1.3572512865066528	0.45397868752479553	0.0	1.2777289152145386	0.36950743198394775	0.25360432267189026	0.0	0.0	0.0	0.4928516149520874
1.2291357517242432	0.4565533697605133	0.0	0.9117645621299744	0.0	0.0	2.5054001808166504	0.0	0.7241829633712769	0.0	0.0	0.0	0.44535890221595764	0.0	0.0	0.8094173073768616	0.33143696188926697	0.466613233089447	0.6578081846237183	0.11055073887109756	0.6103909015655518	0.37620487809181213	0.0	0.5146157741546631	1.3929810523986816	0.3150499761104584	0.0	0.0	0.0	0.3715033531188965	0.0	0.656498908996582	0.0	0.0	0.0	0.8373550176620483	0.39747124910354614	0.7065857648849487	1.2047816514968872	0.7365556955337524	0.302712082862854	0.6389505863189697	1.3248610496520996	0.0	0.0	0.0	0.40456417202949524	0.0	0.0	1.4481637477874756	0.3587402403354645	0.0	0.0	0.41415950655937195	1.3350833654403687	0.513725221157074	0.0	1.300327181816101	0.44163745641708374	0.30627185106277466	0.0	0.0	0.0	0.5415853261947632
1.205207109451294	0.4440058171749115	0.0	0.9388774633407593	0.0	0.0	2.4694466590881348	0.0	0.6710612177848816	0.0	0.0	0.0	0.39179301261901855	0.0	0.0	0.7636357545852661	0.3307960629463196	0.4792356491088867	0.7203484177589417	0.115484319627285	0.5294238328933716	0.3656071424484253	0.0	0.5911978483200073	1.3647513389587402	0.34717321395874023	0.0	0.0	0.0	0.3756423592567444	0.0	0.6584491729736328	0.0	0.0	0.0	0.8731571435928345	0.2727990746498108	0.7580825686454773	1.162003993988037	0.716633677482605	0.258359432220459	0.6311147212982178	1.2823505401611328	0.0	0.0	0.0	0.3393043279647827	0.0	0.0	1.3526763916015625	0.4636830985546112	0.0	0.0	0.4921821057796478	1.3611369132995605	0.43753910064697266	0.0	1.298195481300354	0.37585389614105225	0.26109224557876587	0.0	0.0	0.0	0.502060055732727
1.2509831190109253	0.457920104265213	0.0	0.8239637017250061	0.0	0.0	2.4466254711151123	0.0	0.6593332886695862	0.0	0.0	0.0	0.3724905550479889	0.0	0.0	0.7574893832206726	0.33098140358924866	0.46337541937828064	0.6803213953971863	0.10895376652479172	0.5324416756629944	0.3503570854663849	0.0	0.4803040623664856	1.3883826732635498	0.29565221071243286	0.0	0.0	0.0	0.3748376965522766	0.0	0.6687268614768982	0.0	0.0	0.0	0.8571579456329346	0.21338851749897003	0.697517454624176	1.181065559387207	0.7096893191337585	0.261209100484848	0.6378690004348755	1.3024030923843384	0.0	0.0	0.0	0.3451871871948242	0.0	0.0	1.3132439851760864	0.3682165741920471	0.0	0.0	0.4140591025352478	1.3330061435699463	0.42921268939971924	0.0	1.2906172275543213	0.37354138493537903	0.27769237756729126	0.0	0.0	0.0	0.5031616687774658
1.2236852645874023	0.42428454756736755	0.0	0.8490715026855469	0.0	0.0	2.4475927352905273	0.0	0.6699178814888	0.0	0.0	0.0	0.4109654724597931	0.0	0.0	0.772824227809906	0.32331135869026184	0.5023152232170105	0.6875396370887756	0.12766234576702118	0.5412646532058716	0.3760112226009369	0.0	0.4805332124233246	1.4000935554504395	0.3046954274177551	0.0	0.0	0.0	0.3799172341823578	0.0	0.6712905764579773	0.0	0.0	0.0	0.8403875231742859	0.2227814942598343	0.7065337896347046	1.1499935388565063	0.7245830297470093	0.26540783047676086	0.614375650882721	1.2963567972183228	0.0	0.0	0.0	0.3396531045436859	0.0	0.0	1.3672324419021606	0.40385663509368896	0.0	0.0	0.45331984758377075	1.3145923614501953	0.44734320044517517	0.0	1.3258256912231445	0.36637812852859497	0.2866177558898926	0.0	0.0	0.0	0.4919602572917938
1.2261536121368408	0.437713086605072	0.0	0.835268497467041	0.0	0.0	2.4440114498138428	0.0	0.6772506237030029	0.0	0.0	0.0	0.38112545013427734	0.0	0.0	0.7574186325073242	0.3191710412502289	0.46332287788391113	0.6932184100151062	0.11006801575422287	0.5252336263656616	0.3646012544631958	0.0	0.47465917468070984	1.3852078914642334	0.3132639229297638	0.0	0.0	0.0	0.3774530589580536	0.0	0.6569374799728394	0.0	0.0	0.0	0.8599287271499634	0.21532605588436127	0.6967874765396118	1.1539303064346313	0.7230452299118042	0.28713247179985046	0.6262258291244507	1.2984809875488281	0.0	0.0	0.0	0.36968687176704407	0.0	0.0	1.3338590860366821	0.4849502444267273	0.0	0.0	0.42919251322746277	1.3307416439056396	0.4483582675457001	0.0	1.2760852575302124	0.3609040677547455	0.2687254846096039	0.0	0.0	0.0	0.5070008039474487
1.2069447040557861	0.45606735348701477	0.0	0.8207716941833496	0.0	0.0	2.5320098400115967	0.0	0.6681008338928223	0.0	0.0	0.0	0.3946436941623688	0.0	0.0	0.7621027231216431	0.3209995925426483	0.49350079894065857	0.6601805090904236	0.11325722932815552	0.533649206161499	0.3660221993923187	0.0	0.4988365173339844	1.3747831583023071	0.3111521601676941	0.0	0.0	0.0	0.3805153965950012	0.0	0.6781744956970215	0.0	0.0	0.0	0.8528997302055359	0.39342862367630005	0.7005114555358887	1.2034398317337036	0.6923384070396423	0.25720974802970886	0.621594250202179	1.365351676940918	0.0	0.0	0.0	0.3568970859050751	0.0	0.0	1.331054925918579	0.37063199281692505	0.0	0.0	0.4337839186191559	1.3589671850204468	0.4858314096927643	0.0	1.3108881711959839	0.4110008478164673	0.29066503047943115	0.0	0.0	0.0	0.5448579788208008
1.235395908355713	0.465602308511734	0.0	0.840603768825531	0.0	0.0	2.518375873565674	0.0	0.6572165489196777	0.0	0.0	0.0	0.3865492641925812	0.0	0.0	0.8062543272972107	0.34595733880996704	0.4855433404445648	0.6844007968902588	0.11234140396118164	0.5405008792877197	0.3731202781200409	0.0	0.47708770632743835	1.3595901727676392	0.3222787082195282	0.0	0.0	0.0	0.397162526845932	0.0	0.6649715304374695	0.0	0.0	0.0	0.9311215281486511	0.29484638571739197	0.7827660441398621	1.1823760271072388	0.7186757922172546	0.28048861026763916	0.6187537908554077	1.3916128873825073	0.0	0.0	0.0	0.33936455845832825	0.0	0.0	1.3135641813278198	0.38891157507896423	0.0	0.0	0.4474201202392578	1.348606824874878	0.4923122823238373	0.0	1.3090965747833252	0.38958802819252014	0.30256521701812744	0.0	0.0	0.0	0.5667769908905029
1.253706693649292	0.42883777618408203	0.0	0.9040931463241577	0.0	0.0	2.599386692047119	0.0	0.7068461179733276	0.0	0.0	0.0	0.43134838342666626	0.0	0.0	0.8085265159606934	0.3273383677005768	0.4547762870788574	0.6704503893852234	0.10237269848585129	0.6057814955711365	0.36189496517181396	0.0	0.4895121157169342	1.3886864185333252	0.309381902217865	0.0	0.0	0.0	0.37003976106643677	0.0	0.6504204869270325	0.0	0.0	0.0	0.8425152897834778	0.20864947140216827	0.724456250667572	1.2022325992584229	0.7065842151641846	0.2809475064277649	0.6270008683204651	1.318684697151184	0.0	0.0	0.0	0.3825497627258301	0.0	0.0	1.4323595762252808	0.38932281732559204	0.0	0.0	0.4371916353702545	1.3733290433883667	0.4581199288368225	0.0	1.274492621421814	0.445603609085083	0.29098692536354065	0.0	0.0	0.0	0.4905400574207306
1.2265901565551758	0.458609402179718	0.0	0.8337231874465942	0.0	0.0	2.550682783126831	0.0	0.6833081841468811	0.0	0.0	0.0	0.39786496758461	0.0	0.0	0.793572723865509	0.3312537372112274	0.4929686188697815	0.668840229511261	0.13122719526290894	0.5440288782119751	0.37890321016311646	0.0	0.4963727295398712	1.3754454851150513	0.3098357319831848	0.0	0.0	0.0	0.38720211386680603	0.0	0.6485118865966797	0.0	0.0	0.0	0.8860827684402466	0.22565896809101105	0.7360860705375671	1.1735730171203613	0.7097479104995728	0.37118589878082275	0.6510522365570068	1.2961955070495605	0.0	0.0	0.0	0.3582473397254944	0.0	0.0	1.3503825664520264	0.3763842284679413	0.0	0.0	0.4661463499069214	1.3836674690246582	0.45316168665885925	0.0	1.2957592010498047	0.39932355284690857	0.2616155743598938	0.0	0.0	0.0	0.5139490365982056
1.2125535011291504	0.49131932854652405	0.0	0.8144023418426514	0.0	0.0	2.5195040702819824	0.0	0.671414852142334	0.0	0.0	0.0	0.3672143518924713	0.0	0.0	0.7719414234161377	0.30113065242767334	0.4529080390930176	0.6557537913322449	0.15722323954105377	0.5392271280288696	0.36840376257896423	0.0	0.46558520197868347	1.41339910030365	0.29818713665008545	0.0	0.0	0.0	0.3717585802078247	0.0	0.6570525765419006	0.0	0.0	0.0	0.8739294409751892	0.20141445100307465	0.6917133331298828	1.1680752038955688	0.7035359144210815	0.2589874267578125	0.6324772238731384	1.3143417835235596	0.0	0.0	0.0	0.3527231812477112	0.0	0.0	1.3452887535095215	0.42909860610961914	0.0	0.0	0.4473285377025604	1.3486523628234863	0.4709779918193817	0.0	1.3122470378875732	0.37208354473114014	0.24841547012329102	0.0	0.0	0.0	0.5133354663848877
1.2570263147354126	0.4428086280822754	0.0	0.8475203514099121	0.0	0.0	2.5854392051696777	0.0	0.6823264360427856	0.0	0.0	0.0	0.3906729519367218	0.0	0.0	0.762259304523468	0.3780212104320526	0.4916473627090454	0.6816968321800232	0.12506356835365295	0.5318760871887207	0.3734816014766693	0.0	0.4823545515537262	1.424241304397583	0.3316980004310608	0.0	0.0	0.0	0.3808315396308899	0.0	0.6568731069564819	0.0	0.0	0.0	0.8657140135765076	0.20606178045272827	0.7085254788398743	1.1859571933746338	0.708281934261322	0.2942824065685272	0.6376561522483826	1.3330286741256714	0.0	0.0	0.0	0.3523521423339844	0.0	0.0	1.3556134700775146	0.5311830043792725	0.0	0.0	0.43088188767433167	1.3709666728973389	0.46235278248786926	0.0	1.30286705493927	0.39029058814048767	0.27846217155456543	0.0	0.0	0.0	0.5408840179443359
1.2395597696304321	0.433470219373703	0.0	0.9109471440315247	0.0	0.0	2.446815252304077	0.0	0.7102755904197693	0.0	0.0	0.0	0.4252385199069977	0.0	0.0	0.8214179277420044	0.3156468868255615	0.45638447999954224	0.6713383197784424	0.10779654234647751	0.6042685508728027	0.39849361777305603	0.0	0.5212981104850769	1.412635087966919	0.3118889331817627	0.0	0.0	0.0	0.37918928265571594	0.0	0.6537492871284485	0.0	0.0	0.0	0.8427637219429016	0.23813171684741974	0.677609384059906	1.1814649105072021	0.6972576975822449	0.242204487323761	0.6196441054344177	1.2815272808074951	0.0	0.0	0.0	0.3779202997684479	0.0	0.0	1.4475679397583008	0.38603323698043823	0.0	0.0	0.41685453057289124	1.3576172590255737	0.4565574526786804	0.0	1.305261492729187	0.4603418707847595	0.27624502778053284	0.0	0.0	0.0	0.496096670627594
1.2050176858901978	0.4427621066570282	0.0	0.8216990232467651	0.0	0.0	2.5655107498168945	0.0	0.6517021059989929	0.0	0.0	0.0	0.3534006178379059	0.0	0.0	0.7771779298782349	0.30742883682250977	0.47242289781570435	0.6657043099403381	0.13189539313316345	0.5281612873077393	0.3579571843147278	0.0	0.47149327397346497	1.3727060556411743	0.2896113693714142	0.0	0.0	0.0	0.3811105191707611	0.0	0.6547054052352905	0.0	0.0	0.0	0.8647447228431702	0.19967243075370789	0.695733368396759	1.1770609617233276	0.6962195634841919	0.24663852155208588	0.6271012425422668	1.2881596088409424	0.0	0.0	0.0	0.3468206226825714	0.0	0.0	1.3375670909881592	0.435891330242157	0.0	0.0	0.42136549949645996	1.3109735250473022	0.43085381388664246	0.0	1.3010979890823364	0.3716796040534973	0.2626248896121979	0.0	0.0	0.0	0.5233966112136841
1.2137467861175537	0.4521421492099762	0.0	0.9513464570045471	0.0	0.0	2.4559919834136963	0.0	0.6800732016563416	0.0	0.0	0.0	0.4046960771083832	0.0	0.0	0.7759286165237427	0.3321879804134369	0.4478113353252411	0.6685572266578674	0.14859765768051147	0.5540860891342163	0.34659266471862793	0.0	0.5822685956954956	1.39305579662323	0.29593223333358765	0.0	0.0	0.0	0.4040162265300751	0.0	0.6575004458427429	0.0	0.0	0.0	0.8586748838424683	0.26710930466651917	0.7467268109321594	1.1764650344848633	0.7018879652023315	0.2598837614059448	0.6411647200584412	1.2727113962173462	0.0	0.0	0.0	0.35762718319892883	0.0	0.0	1.3619612455368042	0.4100164473056793	0.0	0.0	0.48881995677948	1.2991292476654053	0.43859174847602844	0.0	1.2779064178466797	0.38898801803588867	0.27512693405151367	0.0	0.0	0.0	0.5224527716636658
1.2129535675048828	0.47077757120132446	0.0	0.8784486651420593	0.0	0.0	2.4874942302703857	0.0	0.6752004623413086	0.0	0.0	0.0	0.3920626938343048	0.0	0.0	0.814713716506958	0.32382938265800476	0.48299315571784973	0.6837841868400574	0.12713360786437988	0.5400091409683228	0.36706241965293884	0.0	0.5186374187469482	1.4773114919662476	0.29930976033210754	0.0	0.0	0.0	0.3797600269317627	0.0	0.6705326437950134	0.0	0.0	0.0	0.8433475494384766	0.2509852349758148	0.6879969239234924	1.1850626468658447	0.7082287669181824	0.29259738326072693	0.6187893748283386	1.3266561031341553	0.0	0.0	0.0	0.34112033247947693	0.0	0.0	1.4266774654388428	0.3972052037715912	0.0	0.0	0.42910799384117126	1.3608148097991943	0.4619768559932709	0.0	1.3149572610855103	0.3720818758010864	0.27159440517425537	0.0	0.0	0.0	0.5164437294006348
1.2330974340438843	0.45272400975227356	0.0	0.8613131046295166	0.0	0.0	2.493964910507202	0.0	0.6948235034942627	0.0	0.0	0.0	0.38330063223838806	0.0	0.0	0.7819130420684814	0.34342488646507263	0.5079172253608704	0.6679295301437378	0.12856292724609375	0.5740959644317627	0.3794395923614502	0.0	0.4823441505432129	1.406576156616211	0.3536825180053711	0.0	0.0	0.0	0.4158397912979126	0.0	0.6741834282875061	0.0	0.0	0.0	0.8699835538864136	0.23201870918273926	0.7379875779151917	1.16605544090271	0.7045038342475891	0.313308447599411	0.6317207217216492	1.2984402179718018	0.0	0.0	0.0	0.3615225851535797	0.0	0.0	1.3805614709854126	0.36060598492622375	0.0	0.0	0.4302626848220825	1.3348737955093384	0.44836947321891785	0.0	1.308302879333496	0.40443333983421326	0.25702282786369324	0.0	0.0	0.0	0.5239529609680176
1.2355926036834717	0.4337160885334015	0.0	0.956829309463501	0.0	0.0	2.4709324836730957	0.0	0.6971800923347473	0.0	0.0	0.0	0.446120023727417	0.0	0.0	0.8297997117042542	0.3538573682308197	0.4641314148902893	0.6885207891464233	0.10767228156328201	0.6157866716384888	0.35019394755363464	0.0	0.553229808807373	1.4012699127197266	0.31941545009613037	0.0	0.0	0.0	0.390937477350235	0.0	0.6387505531311035	0.0	0.0	0.0	0.8599573373794556	0.24661079049110413	0.7096636891365051	1.1647347211837769	0.6917566657066345	0.26249241828918457	0.648185670375824	1.3292032480239868	0.0	0.0	0.0	0.4084671139717102	0.0	0.0	1.4650291204452515	0.4563095271587372	0.0	0.0	0.42480432987213135	1.3502416610717773	0.4692104756832123	0.0	1.2913737297058105	0.46441489458084106	0.2638853192329407	0.0	0.0	0.0	0.5242659449577332
1.2034132480621338	0.46661052107810974	0.0	0.861301600933075	0.0	0.0	2.542402744293213	0.0	0.6755905747413635	0.0	0.0	0.0	0.4309201240539551	0.0	0.0	0.776768147945404	0.3465660512447357	0.46003201603889465	0.680326521396637	0.13051478564739227	0.5721127986907959	0.36045774817466736	0.0	0.5322180986404419	1.3965957164764404	0.3137422800064087	0.0	0.0	0.0	0.3872030973434448	0.0	0.6547317504882812	0.0	0.0	0.0	0.8482470512390137	0.41674602031707764	0.6972187757492065	1.19010329246521	0.7357286214828491	0.2938801050186157	0.6192042231559753	1.2857260704040527	0.0	0.0	0.0	0.36040234565734863	0.0	0.0	1.3734651803970337	0.464409202337265	0.0	0.0	0.4153859615325928	1.3474910259246826	0.4389398396015167	0.0	1.289186716079712	0.4184247553348541	0.3059644401073456	0.0	0.0	0.0	0.5187792778015137
1.234165906906128	0.4412608742713928	0.0	0.8440513610839844	0.0	0.0	2.4817488193511963	0.0	0.6673330068588257	0.0	0.0	0.0	0.36075299978256226	0.0	0.0	0.800443172454834	0.34028899669647217	0.4781048893928528	0.7253244519233704	0.12174294143915176	0.5419155955314636	0.3463634252548218	0.0	0.49429258704185486	1.3727668523788452	0.31091606616973877	0.0	0.0	0.0	0.4024532437324524	0.0	0.6662980318069458	0.0	0.0	0.0	0.837923526763916	0.22921974956989288	0.6814020872116089	1.2065004110336304	0.7300103306770325	0.24958939850330353	0.6308403611183167	1.342024326324463	0.0	0.0	0.0	0.4133494198322296	0.0	0.0	1.396207571029663	0.47481441497802734	0.0	0.0	0.47785770893096924	1.3435401916503906	0.4700494110584259	0.0	1.2899270057678223	0.3950015604496002	0.26625627279281616	0.0	0.0	0.0	0.5128578543663025
1.219006896018982	0.5114668011665344	0.0	0.8159165978431702	0.0	0.0	2.552478551864624	0.0	0.6675058007240295	0.0	0.0	0.0	0.3509725332260132	0.0	0.0	0.7705682516098022	0.313617467880249	0.47881171107292175	0.7052550315856934	0.1309124082326889	0.5382407903671265	0.3756977319717407	0.0	0.4950873851776123	1.3923834562301636	0.37457096576690674	0.0	0.0	0.0	0.38296249508857727	0.0	0.6705745458602905	0.0	0.0	0.0	0.8736397624015808	0.3860565423965454	0.6941270232200623	1.1839509010314941	0.6985521912574768	0.27210238575935364	0.6832122206687927	1.3404197692871094	0.0	0.0	0.0	0.35029423236846924	0.0	0.0	1.3502318859100342	0.36715009808540344	0.0	0.0	0.44106119871139526	1.3562856912612915	0.4798175096511841	0.0	1.3231961727142334	0.4063907265663147	0.26592138409614563	0.0	0.0	0.0	0.48270413279533386
1.256575584411621	0.44131872057914734	0.0	0.9477446675300598	0.0	0.0	2.5239455699920654	0.0	0.7181719541549683	0.0	0.0	0.0	0.4483833611011505	0.0	0.0	0.8354344964027405	0.34678199887275696	0.44183921813964844	0.6610456109046936	0.13481463491916656	0.6421039700508118	0.3667278587818146	0.0	0.544776201248169	1.4029042720794678	0.322176069021225	0.0	0.0	0.0	0.3462190330028534	0.0	0.645702064037323	0.0	0.0	0.0	0.8448222279548645	0.4154109060764313	0.7170670628547668	1.1792876720428467	0.6851078867912292	0.25752899050712585	0.6414907574653625	1.275529384613037	0.0	0.0	0.0	0.4059159457683563	0.0	0.0	1.453087568283081	0.38069912791252136	0.0	0.0	0.42197611927986145	1.3370810747146606	0.4464901089668274	0.0	1.3020832538604736	0.4578040838241577	0.2783687114715576	0.0	0.0	0.0	0.49792030453681946
1.2370433807373047	0.5068480968475342	0.0	0.8696252107620239	0.0	0.0	2.4996371269226074	0.0	0.6600248217582703	0.0	0.0	0.0	0.37990644574165344	0.0	0.0	0.7877782583236694	0.36347270011901855	0.5174434781074524	0.6904510855674744	0.12186537683010101	0.5490774512290955	0.3937999904155731	0.0	0.5065163373947144	1.382087230682373	0.367273211479187	0.0	0.0	0.0	0.41671299934387207	0.0	0.7081043124198914	0.0	0.0	0.0	0.8393948674201965	0.2507255971431732	0.7166135907173157	1.171859860420227	0.7192639112472534	0.2837070822715759	0.6233147978782654	1.3217140436172485	0.0	0.0	0.0	0.3653312921524048	0.0	0.0	1.349454641342163	0.3752804696559906	0.0	0.0	0.47492218017578125	1.3236759901046753	0.44448038935661316	0.0	1.2808175086975098	0.4198226034641266	0.2566129267215729	0.0	0.0	0.0	0.49448147416114807
1.2316373586654663	0.47246989607810974	0.0	0.8424053192138672	0.0	0.0	2.526482582092285	0.0	0.6904533505439758	0.0	0.0	0.0	0.4027961790561676	0.0	0.0	0.7952523827552795	0.32663270831108093	0.5039846897125244	0.6813524961471558	0.12876567244529724	0.5288379192352295	0.3690156638622284	0.0	0.517897367477417	1.4083704948425293	0.3406935930252075	0.0	0.0	0.0	0.41752567887306213	0.0	0.6995114088058472	0.0	0.0	0.0	0.8941707611083984	0.3817988634109497	0.7041550278663635	1.1931673288345337	0.7352458238601685	0.3221227824687958	0.6569622755050659	1.3083527088165283	0.0	0.0	0.0	0.35965386033058167	0.0	0.0	1.3472859859466553	0.40638694167137146	0.0	0.0	0.44700226187705994	1.3329187631607056	0.47319933772087097	0.0	1.3150864839553833	0.4484609365463257	0.246693417429924	0.0	0.0	0.0	0.5176823139190674
1.2184420824050903	0.46704229712486267	0.0	0.825721025466919	0.0	0.0	2.5476484298706055	0.0	0.7234172224998474	0.0	0.0	0.0	0.38387569785118103	0.0	0.0	0.7928792834281921	0.3286464810371399	0.4647027552127838	0.7122247815132141	0.11858273297548294	0.5972254872322083	0.36782681941986084	0.0	0.5150504112243652	1.3972798585891724	0.3570197522640228	0.0	0.0	0.0	0.38203293085098267	0.0	0.6697008013725281	0.0	0.0	0.0	0.8514400720596313	0.37945106625556946	0.6839074492454529	1.2028840780258179	0.7516966462135315	0.24537521600723267	0.6251851916313171	1.3234639167785645	0.0	0.0	0.0	0.3707349896430969	0.0	0.0	1.3588258028030396	0.4953569173812866	0.0	0.0	0.4251909554004669	1.3625178337097168	0.45401203632354736	0.0	1.3255126476287842	0.3661574423313141	0.25817447900772095	0.0	0.0	0.07049281150102615	0.5057972073554993
1.220328688621521	0.45642781257629395	0.0	0.8325288891792297	0.0	0.0	2.4745032787323	0.0	0.6834518909454346	0.0	0.0	0.0	0.36584901809692383	0.0	0.0	0.7716221809387207	0.3200177848339081	0.48204341530799866	0.6752913594245911	0.1162632554769516	0.5312944650650024	0.38045287132263184	0.0	0.4828619062900543	1.359664797782898	0.3076840341091156	0.0	0.0	0.0	0.3867955207824707	0.0	0.6704367995262146	0.0	0.0	0.0	0.8369230628013611	0.3987073600292206	0.7016282081604004	1.1723438501358032	0.7059271335601807	0.2590961754322052	0.6240498423576355	1.297532320022583	0.0	0.0	0.0	0.35125622153282166	0.0	0.0	1.333585500717163	0.38213294744491577	0.0	0.0	0.42485111951828003	1.3252027034759521	0.4465874433517456	0.0	1.2846217155456543	0.3662194311618805	0.25222331285476685	0.0	0.0	0.0	0.501736581325531
1.229681134223938	0.44090887904167175	0.0	0.8676359057426453	0.0	0.0	2.519144296646118	0.0	0.6784195899963379	0.0	0.0	0.0	0.42066600918769836	0.0	0.0	0.782993495464325	0.36474043130874634	0.4719967842102051	0.6698554158210754	0.12901532649993896	0.5467039346694946	0.3692021667957306	0.0	0.5410144329071045	1.3786146640777588	0.3063904643058777	0.0	0.0	0.0	0.4051938056945801	0.0	0.676477313041687	0.0	0.0	0.0	0.8902269005775452	0.21535149216651917	0.7130741477012634	1.178305745124817	0.6924809217453003	0.2630988657474518	0.6666887998580933	1.2908116579055786	0.0	0.0	0.0	0.35891014337539673	0.0	0.0	1.3785251379013062	0.3921806514263153	0.0	0.0	0.4585060477256775	1.333345890045166	0.4634157419204712	0.0	1.2919107675552368	0.3887261152267456	0.3124030530452728	0.0	0.0	0.0	0.4974692463874817
1.2498141527175903	0.4423750638961792	0.0	0.8390381932258606	0.0	0.0	2.4448747634887695	0.0	0.6800072193145752	0.0	0.0	0.0	0.3605990409851074	0.0	0.0	0.7536432147026062	0.3152856230735779	0.46033433079719543	0.735761284828186	0.11009884625673294	0.5548499822616577	0.3684041500091553	0.0	0.4840773642063141	1.3585317134857178	0.33407577872276306	0.0	0.0	0.0	0.3682175576686859	0.0	0.6496744155883789	0.0	0.0	0.0	0.8369187712669373	0.22648613154888153	0.6879754662513733	1.1637049913406372	0.6955007910728455	0.24984052777290344	0.6505584716796875	1.321016788482666	0.0	0.0	0.0	0.34472256898880005	0.0	0.0	1.3207238912582397	0.4765385091304779	0.0	0.0	0.43685710430145264	1.322043538093567	0.44266951084136963	0.0	1.2769322395324707	0.36589163541793823	0.27134111523628235	0.0	0.0	0.0	0.49244827032089233
1.2104382514953613	0.45006901025772095	0.0	0.9228029251098633	0.0	0.0	2.4889955520629883	0.0	0.6728969812393188	0.0	0.0	0.0	0.4337344169616699	0.0	0.0	0.7502596974372864	0.35470885038375854	0.47864943742752075	0.6993166208267212	0.1224052906036377	0.5357216000556946	0.3920365571975708	0.0	0.5861005783081055	1.3720258474349976	0.3288050889968872	0.0	0.0	0.0	0.3675810694694519	0.0	0.6557656526565552	0.0	0.0	0.0	0.9222042560577393	0.27282917499542236	0.7787061929702759	1.1692018508911133	0.6986339688301086	0.2976607382297516	0.6479488015174866	1.3299833536148071	0.0	0.0	0.0	0.3438572585582733	0.0	0.0	1.4254276752471924	0.4113589823246002	0.0	0.0	0.4927643835544586	1.357085108757019	0.4315994083881378	0.0	1.2762947082519531	0.38138166069984436	0.2604965269565582	0.0	0.0	0.0	0.5110554695129395
1.2159804105758667	0.4634181261062622	0.0	0.8336182236671448	0.0	0.0	2.5296449661254883	0.0	0.6911765933036804	0.0	0.0	0.0	0.38335511088371277	0.0	0.0	0.8143953084945679	0.3464431166648865	0.4678052067756653	0.6863170862197876	0.15405599772930145	0.544564962387085	0.3566981554031372	0.0	0.5084365010261536	1.4045817852020264	0.3149726092815399	0.0	0.0	0.0	0.38010257482528687	0.0	0.6660000681877136	0.0	0.0	0.0	0.8476799130439758	0.22529463469982147	0.6901534199714661	1.180035948753357	0.7136730551719666	0.2903280556201935	0.6171925663948059	1.299164891242981	0.0	0.0	0.0	0.36774787306785583	0.0	0.0	1.3563884496688843	0.37542739510536194	0.0	0.0	0.427732914686203	1.3448737859725952	0.47594332695007324	0.0	1.3318804502487183	0.41860026121139526	0.2957378625869751	0.0	0.0	0.0	0.5478008389472961
1.2155791521072388	0.4646140933036804	0.0	0.9417900443077087	0.0	0.0	2.5325193405151367	0.0	0.6748703122138977	0.0	0.0	0.0	0.3701329231262207	0.0	0.0	0.7379679679870605	0.3651735782623291	0.48361170291900635	0.6767732501029968	0.14141574501991272	0.5393381118774414	0.3490867614746094	0.0	0.5819037556648254	1.3765336275100708	0.3261029124259949	0.0	0.0	0.0	0.3724081218242645	0.0	0.664391040802002	0.0	0.0	0.0	0.8469260931015015	0.2293669432401657	0.7520676255226135	1.1595035791397095	0.7011071443557739	0.27767840027809143	0.616783857345581	1.3597394227981567	0.0	0.0	0.0	0.34608256816864014	0.0	0.0	1.3153177499771118	0.3529003858566284	0.0	0.0	0.4937281906604767	1.3495720624923706	0.49286985397338867	0.0	1.3032747507095337	0.36388736963272095	0.2645232677459717	0.0	0.0	0.0	0.4975563883781433
1.215849757194519	0.4838156998157501	0.0	0.8506367802619934	0.0	0.0	2.602250814437866	0.0	0.6842616200447083	0.0	0.0	0.0	0.3696388304233551	0.0	0.0	0.8401167392730713	0.3644828796386719	0.499673992395401	0.6822622418403625	0.1304136961698532	0.551231324672699	0.37256669998168945	0.0	0.5417919158935547	1.3853849172592163	0.31389182806015015	0.0	0.0	0.0	0.3786507844924927	0.0	0.6538892984390259	0.0	0.0	0.0	0.8462460041046143	0.2364499568939209	0.6926171779632568	1.1844161748886108	0.7176283001899719	0.28069350123405457	0.626926839351654	1.3180536031723022	0.0	0.0	0.0	0.37771520018577576	0.0	0.0	1.352748155593872	0.4107886552810669	0.0	0.0	0.4624669551849365	1.329938292503357	0.4635375142097473	0.0	1.345751404762268	0.3907412886619568	0.280845046043396	0.0	0.0	0.0	0.49824950098991394
1.2195826768875122	0.4873923659324646	0.0	0.8753483295440674	0.0	0.0	2.4786458015441895	0.0	0.653521716594696	0.0	0.0	0.0	0.40324118733406067	0.0	0.0	0.7794314622879028	0.3158627152442932	0.4647558331489563	0.6994799375534058	0.126731276512146	0.5346426963806152	0.37370508909225464	0.0	0.6068897247314453	1.3531850576400757	0.29007095098495483	0.0	0.0	0.0	0.4080381691455841	0.0	0.6735330820083618	0.0	0.0	0.0	0.854494035243988	0.27966585755348206	0.7402742505073547	1.189630389213562	0.7125746607780457	0.2688395380973816	0.6391615271568298	1.3258916139602661	0.0	0.0	0.0	0.3968502879142761	0.0	0.0	1.3393981456756592	0.37351346015930176	0.0	0.0	0.5139575004577637	1.3295652866363525	0.4664939045906067	0.0	1.2805510759353638	0.38771265745162964	0.2666829824447632	0.0	0.0	0.0	0.5246934294700623
1.2507596015930176	0.4618745744228363	0.0	0.8109229207038879	0.0	0.0	2.515103578567505	0.0	0.6718324422836304	0.0	0.0	0.0	0.39734604954719543	0.0	0.0	0.787945032119751	0.3749854266643524	0.49792155623435974	0.6893506646156311	0.10196051001548767	0.5626790523529053	0.3611176609992981	0.0	0.47880449891090393	1.3767821788787842	0.31736817955970764	0.0	0.0	0.0	0.38624340295791626	0.0	0.6580191850662231	0.0	0.0	0.0	0.8811740875244141	0.40878307819366455	0.691186785697937	1.2208659648895264	0.7176456451416016	0.2626436948776245	0.6774078607559204	1.2984622716903687	0.0	0.0	0.0	0.339008092880249	0.0	0.0	1.3203039169311523	0.37311720848083496	0.0	0.0	0.41447094082832336	1.3416498899459839	0.45364901423454285	0.0	1.330133080482483	0.3932756781578064	0.2759855389595032	0.0	0.0	0.0	0.5047179460525513
1.223071813583374	0.4783758223056793	0.0	0.8913545608520508	0.0	0.0	2.540896415710449	0.0	0.6807206273078918	0.0	0.0	0.0	0.3818224370479584	0.0	0.0	0.7750259637832642	0.30410030484199524	0.5173486471176147	0.7135928869247437	0.1288851648569107	0.5379971861839294	0.36076730489730835	0.0	0.4840821921825409	1.3900561332702637	0.38377270102500916	0.0	0.0	0.0	0.41282954812049866	0.0	0.677710771560669	0.0	0.0	0.0	0.848901093006134	0.3975854814052582	0.7471973896026611	1.1721200942993164	0.6978310346603394	0.3113960325717926	0.639695942401886	1.3236196041107178	0.0	0.0	0.0	0.3597726821899414	0.0	0.0	1.377516269683838	0.36818528175354004	0.0	0.0	0.45779910683631897	1.333486795425415	0.4713980555534363	0.0	1.3004652261734009	0.43062248826026917	0.2928144931793213	0.0	0.0	0.0	0.4874056577682495
1.2245744466781616	0.46366050839424133	0.0	0.9725092649459839	0.0	0.0	2.52590012550354	0.0	0.7167485356330872	0.0	0.0	0.0	0.37531450390815735	0.0	0.0	0.784706711769104	0.3367544412612915	0.5308817625045776	0.7037270069122314	0.12311241030693054	0.5714440941810608	0.3795456886291504	0.0	0.6030886769294739	1.3966301679611206	0.35299035906791687	0.0	0.0	0.0	0.38210657238960266	0.0	0.6707770824432373	0.0	0.0	0.0	0.8684404492378235	0.2906425893306732	0.769020676612854	1.1697880029678345	0.7096089124679565	0.31216999888420105	0.6383427381515503	1.2845438718795776	0.0	0.0	0.0	0.34372177720069885	0.0	0.0	1.3498529195785522	0.37827450037002563	0.0	0.0	0.5246349573135376	1.3651401996612549	0.4611610770225525	0.0	1.2961891889572144	0.41791394352912903	0.30420631170272827	0.0	0.0	0.0	0.5330531001091003
1.2916699647903442	0.44305548071861267	0.0	0.9702234268188477	0.0	0.0	2.569822311401367	0.0	0.7005918622016907	0.0	0.0	0.0	0.44043752551078796	0.0	0.0	0.827024519443512	0.35215839743614197	0.48362526297569275	0.6783522367477417	0.10228734463453293	0.6092223525047302	0.3723631799221039	0.0	0.6694368124008179	1.4345768690109253	0.3064993917942047	0.0	0.0	0.0	0.3913603723049164	0.0	0.6868307590484619	0.0	0.0	0.0	0.9006332159042358	0.29201412200927734	0.7509788274765015	1.1831541061401367	0.6979818344116211	0.22685027122497559	0.6654782891273499	1.338212013244629	0.0	0.0	0.0	0.4223368167877197	0.0	0.0	1.490596890449524	0.3741132915019989	0.0	0.0	0.44152122735977173	1.3891775608062744	0.45484569668769836	0.0	1.3018968105316162	0.4398771822452545	0.28122684359550476	0.0	0.0	0.0	0.49660277366638184
1.231541633605957	0.4874456822872162	0.0	0.8337012529373169	0.0	0.0	2.4880998134613037	0.0	0.6741567850112915	0.0	0.0	0.0	0.3710276484489441	0.0	0.0	0.7809889316558838	0.3224550783634186	0.4891798794269562	0.6860232949256897	0.14096441864967346	0.5330363512039185	0.35201480984687805	0.0	0.48551279306411743	1.3976548910140991	0.325588583946228	0.0	0.0	0.0	0.36550024151802063	0.0	0.6525628566741943	0.0	0.0	0.0	0.8705832362174988	0.20520363748073578	0.6943480372428894	1.1757259368896484	0.706457257270813	0.26618120074272156	0.619133472442627	1.2934367656707764	0.0	0.0	0.0	0.3590429723262787	0.0	0.0	1.37736177444458	0.36446648836135864	0.0	0.0	0.40665963292121887	1.3468314409255981	0.4582744240760803	0.0	1.2896451950073242	0.39915212988853455	0.2741144001483917	0.0	0.0	0.0	0.5043405294418335
1.2319408655166626	0.43625903129577637	0.0	0.9362388849258423	0.0	0.0	2.6311049461364746	0.0	0.6805103421211243	0.0	0.0	0.0	0.36790603399276733	0.0	0.0	0.7648930549621582	0.3722568154335022	0.4756621718406677	0.7168288826942444	0.16068734228610992	0.533250629901886	0.355070561170578	0.0	0.5894008278846741	1.3802478313446045	0.29736533761024475	0.0	0.0	0.0	0.3676005005836487	0.0	0.6602841019630432	0.0	0.0	0.0	0.8476473093032837	0.34463757276535034	0.8199357986450195	1.1929705142974854	0.7066723108291626	0.2484227567911148	0.6742350459098816	1.2990585565567017	0.0	0.0	0.0	0.3576568365097046	0.0	0.0	1.3571977615356445	0.38308602571487427	0.0	0.0	0.5007344484329224	1.3445566892623901	0.4551100730895996	0.0	1.2793344259262085	0.37843766808509827	0.2672559916973114	0.0	0.0	0.0	0.5062234997749329
1.2132633924484253	0.4661931097507477	0.0	0.8212999105453491	0.0	0.0	2.515631675720215	0.0	0.6599365472793579	0.0	0.0	0.0	0.3830256760120392	0.0	0.0	0.7678132057189941	0.3250173330307007	0.4806276261806488	0.6811544299125671	0.12618467211723328	0.5296736359596252	0.38238391280174255	0.0	0.4786594808101654	1.4150748252868652	0.3121751844882965	0.0	0.0	0.0	0.40805405378341675	0.0	0.6591240167617798	0.0	0.0	0.0	0.8784276843070984	0.3676490783691406	0.7233155369758606	1.16360342502594	0.7126038074493408	0.27741631865501404	0.6186242699623108	1.30507230758667	0.0	0.0	0.0	0.3530283570289612	0.0	0.0	1.3264566659927368	0.3910035789012909	0.0	0.0	0.4413243234157562	1.3378803730010986	0.4605801999568939	0.0	1.2739380598068237	0.4037631154060364	0.2854976952075958	0.0	0.0	0.0	0.5272305607795715
1.2402437925338745	0.453843891620636	0.0	0.8408795595169067	0.0	0.0	2.517793893814087	0.0	0.6712093353271484	0.0	0.0	0.0	0.3758867084980011	0.0	0.0	0.7569952607154846	0.33630305528640747	0.5231317281723022	0.705799400806427	0.12184455990791321	0.534121036529541	0.37732037901878357	0.0	0.483400821685791	1.392392635345459	0.3667181432247162	0.0	0.0	0.0	0.3909755051136017	0.0	0.6729082465171814	0.0	0.0	0.0	0.8548858165740967	0.382078617811203	0.7348328828811646	1.1924515962600708	0.7179280519485474	0.30004173517227173	0.6295879483222961	1.3188848495483398	0.0	0.0	0.0	0.3750103712081909	0.0	0.0	1.3536845445632935	0.3797772526741028	0.0	0.0	0.442554235458374	1.3324767351150513	0.45502153038978577	0.0	1.301222324371338	0.3919578194618225	0.26833319664001465	0.0	0.0	0.0	0.5309044122695923
1.271889328956604	0.5016745328903198	0.0	0.8468996286392212	0.0	0.0	2.4580729007720947	0.0	0.6700024008750916	0.0	0.0	0.0	0.3754512071609497	0.0	0.0	0.7600958943367004	0.33331504464149475	0.4621315598487854	0.699288547039032	0.12547889351844788	0.5370162129402161	0.36443576216697693	0.0	0.5397183895111084	1.3846384286880493	0.2924821972846985	0.0	0.0	0.0	0.4061885178089142	0.0	0.6648085713386536	0.0	0.0	0.0	0.8497937917709351	0.2654719650745392	0.7311387658119202	1.173535943031311	0.6961953639984131	0.2567749619483948	0.6715788841247559	1.3406896591186523	0.0	0.0	0.0	0.41969916224479675	0.0	0.0	1.3433818817138672	0.46033698320388794	0.0	0.0	0.4414961040019989	1.3689578771591187	0.46439510583877563	0.0	1.296140193939209	0.3801528215408325	0.27368447184562683	0.0	0.0	0.0	0.5085628032684326
1.2462222576141357	0.46369943022727966	0.0	0.8622180223464966	0.0	0.0	2.577810049057007	0.0	0.7027167081832886	0.0	0.0	0.0	0.38781413435935974	0.0	0.0	0.7797954082489014	0.3786056339740753	0.4488193988800049	0.6965237259864807	0.12233546376228333	0.5391318798065186	0.3573061525821686	0.0	0.5002594590187073	1.3687028884887695	0.340387761592865	0.0	0.0	0.0	0.3804754614830017	0.0	0.6538395285606384	0.0	0.0	0.0	0.9018952250480652	0.21720737218856812	0.7021000981330872	1.1626726388931274	0.7388843894004822	0.27436745166778564	0.6561543345451355	1.3434885740280151	0.0	0.0	0.0	0.3625749349594116	0.0	0.0	1.386636734008789	0.40278851985931396	0.0	0.0	0.4603371322154999	1.3636988401412964	0.4566163122653961	0.0	1.289806604385376	0.3695380985736847	0.247598335146904	0.0	0.0	0.0	0.49817776679992676
1.217436671257019	0.4961060881614685	0.0	0.8268709182739258	0.0	0.0	2.6098644733428955	0.0	0.7037825584411621	0.0	0.0	0.0	0.354856014251709	0.0	0.0	0.8070274591445923	0.3083398938179016	0.4793699383735657	0.7174872159957886	0.1418943554162979	0.5250332951545715	0.3830968737602234	0.0	0.477272093296051	1.378570556640625	0.3349249064922333	0.0	0.0	0.0	0.4085766673088074	0.0	0.6745952367782593	0.0	0.0	0.0	0.8411976099014282	0.21907000243663788	0.7028648257255554	1.1849393844604492	0.6931276917457581	0.2881900668144226	0.6361323595046997	1.333709716796875	0.0	0.0	0.0	0.4008001387119293	0.0	0.0	1.365230679512024	0.35315951704978943	0.0	0.0	0.4411802291870117	1.3264015913009644	0.5130572319030762	0.0	1.3510956764221191	0.4209555983543396	0.2899124026298523	0.0	0.0	0.0	0.5012542605400085
1.2148818969726562	0.4672117233276367	0.0	0.8657288551330566	0.0	0.0	2.5106019973754883	0.0	0.7127153277397156	0.0	0.0	0.0	0.39646852016448975	0.0	0.0	0.7667097449302673	0.3277229070663452	0.4864344298839569	0.6753672957420349	0.14086167514324188	0.5401802659034729	0.37764108180999756	0.0	0.4914742410182953	1.3776004314422607	0.3384435176849365	0.0	0.0	0.0	0.4177567660808563	0.0	0.661577582359314	0.0	0.0	0.0	0.8743762969970703	0.2335704118013382	0.7166290879249573	1.1600117683410645	0.7230058908462524	0.2797754108905792	0.6291975975036621	1.319519281387329	0.0	0.0	0.0	0.3607545793056488	0.0	0.0	1.3399578332901	0.4962058961391449	0.0	0.0	0.461654394865036	1.3291666507720947	0.47000575065612793	0.0	1.2772140502929688	0.3961980938911438	0.2605970501899719	0.0	0.0	0.0	0.5063526630401611
1.2051373720169067	0.4602273106575012	0.0	0.938483476638794	0.0	0.0	2.5485312938690186	0.0	0.6891697645187378	0.0	0.0	0.0	0.3610961139202118	0.0	0.0	0.7643389701843262	0.31793415546417236	0.4922374486923218	0.6711416244506836	0.12973017990589142	0.5269857048988342	0.3687630891799927	0.0	0.6057894825935364	1.3850935697555542	0.28803500533103943	0.0	0.0	0.0	0.383796751499176	0.0	0.6473726034164429	0.0	0.0	0.0	0.8508729338645935	0.2844589054584503	0.7983704805374146	1.162338376045227	0.7308954000473022	0.26817160844802856	0.6290832161903381	1.2806572914123535	0.0	0.0	0.0	0.363955557346344	0.0	0.0	1.3426581621170044	0.37515687942504883	0.0	0.0	0.48323655128479004	1.3264752626419067	0.4514809250831604	0.0	1.349111795425415	0.3851945400238037	0.3231448233127594	0.0	0.0	0.0	0.48995697498321533
1.2219390869140625	0.47255241870880127	0.0	0.9701849222183228	0.0	0.0	2.4513213634490967	0.0	0.6728084683418274	0.0	0.0	0.0	0.37640586495399475	0.0	0.0	0.7772263884544373	0.3306724429130554	0.4916413426399231	0.6948064565658569	0.12999720871448517	0.5263028144836426	0.3811601996421814	0.0	0.5842593312263489	1.3923875093460083	0.33417877554893494	0.0	0.0	0.0	0.4041633605957031	0.0	0.7095524668693542	0.0	0.0	0.0	0.8908705115318298	0.33871063590049744	0.7971444129943848	1.1716737747192383	0.7045032382011414	0.2976871132850647	0.6190877556800842	1.3134350776672363	0.0	0.0	0.0	0.4026910960674286	0.0	0.0	1.332634449005127	0.38231804966926575	0.0	0.0	0.475640207529068	1.329034686088562	0.5171194076538086	0.0	1.277511477470398	0.3796493113040924	0.31406936049461365	0.0	0.0	0.0	0.5040125846862793
1.2557289600372314	0.43233317136764526	0.0	0.850364089012146	0.0	0.0	2.551290512084961	0.0	0.6727359294891357	0.0	0.0	0.0	0.39826709032058716	0.0	0.0	0.7832860946655273	0.39090344309806824	0.44957759976387024	0.6857185959815979	0.12557825446128845	0.5386927723884583	0.3645249903202057	0.0	0.49189287424087524	1.3805991411209106	0.28840819001197815	0.0	0.0	0.0	0.3794918954372406	0.0	0.6553300619125366	0.0	0.0	0.0	0.8593128323554993	0.26390525698661804	0.7020573616027832	1.170622706413269	0.7049332857131958	0.25031155347824097	0.7010583877563477	1.3365871906280518	0.0	0.0	0.0	0.35322967171669006	0.0	0.0	1.3772022724151611	0.3984869718551636	0.0	0.0	0.4041173458099365	1.3672549724578857	0.4424828886985779	0.0	1.3323032855987549	0.36225685477256775	0.24906028807163239	0.0	0.0	0.0	0.5150153636932373
1.2233127355575562	0.448569118976593	0.0	0.8398089408874512	0.0	0.0	2.482189416885376	0.0	0.6815615296363831	0.0	0.0	0.0	0.38519975543022156	0.0	0.0	0.7469420433044434	0.342279314994812	0.4985114634037018	0.733566403388977	0.11877451092004776	0.5488642454147339	0.41605955362319946	0.0	0.5124332308769226	1.355790376663208	0.3069802522659302	0.0	0.0	0.0	0.3692472577095032	0.0	0.6683762073516846	0.0	0.0	0.0	0.8696099519729614	0.38171032071113586	0.7409025430679321	1.159900188446045	0.7048945426940918	0.25522711873054504	0.6214383244514465	1.28349769115448	0.0	0.0	0.0	0.3470207154750824	0.0	0.0	1.398016333580017	0.44628387689590454	0.0	0.0	0.5051987767219543	1.335849404335022	0.44012650847435	0.0	1.276328206062317	0.3775275945663452	0.29926279187202454	0.0	0.0	0.0	0.5197078585624695
1.2297612428665161	0.43727007508277893	0.0	0.8335683345794678	0.0	0.0	2.5636799335479736	0.0	0.6572619080543518	0.0	0.0	0.0	0.3649263083934784	0.0	0.0	0.7846664190292358	0.3224232494831085	0.4614306390285492	0.6955444812774658	0.13223637640476227	0.534505307674408	0.36689043045043945	0.0	0.5052204132080078	1.3888002634048462	0.30281710624694824	0.0	0.0	0.0	0.38838282227516174	0.0	0.6669614911079407	0.0	0.0	0.0	0.8368075489997864	0.19672799110412598	0.716700553894043	1.1943864822387695	0.7059417963027954	0.24251699447631836	0.6680483818054199	1.3207404613494873	0.0	0.0	0.0	0.38056379556655884	0.0	0.0	1.3537683486938477	0.3849948048591614	0.0	0.0	0.42414426803588867	1.3398586511611938	0.4686577618122101	0.0	1.2798696756362915	0.3874666094779968	0.256164014339447	0.0	0.0	0.0	0.5118657350540161
1.2315013408660889	0.45417895913124084	0.0	0.8261602520942688	0.0	0.0	2.524733304977417	0.0	0.6751074194908142	0.0	0.0	0.0	0.3945118188858032	0.0	0.0	0.7563496828079224	0.3170897662639618	0.47738826274871826	0.7144045233726501	0.11519400775432587	0.5405741930007935	0.37021997570991516	0.0	0.4980212450027466	1.402003526687622	0.3403069078922272	0.0	0.0	0.0	0.3974878489971161	0.0	0.6709818840026855	0.0	0.0	0.0	0.8610367178916931	0.2370031625032425	0.7088810205459595	1.2009046077728271	0.7128601670265198	0.28364184498786926	0.6225847601890564	1.33571457862854	0.0	0.0	0.0	0.33908820152282715	0.0	0.0	1.3434466123580933	0.409207284450531	0.0	0.0	0.43629691004753113	1.3625717163085938	0.4446960985660553	0.0	1.3005297183990479	0.39571279287338257	0.2901945114135742	0.0	0.0	0.0	0.5379185080528259
1.2350832223892212	0.45600858330726624	0.0	0.8277394771575928	0.0	0.0	2.469165325164795	0.0	0.6716997027397156	0.0	0.0	0.0	0.36295825242996216	0.0	0.0	0.7644359469413757	0.3262863755226135	0.4587106704711914	0.6878314018249512	0.13604342937469482	0.5429323315620422	0.35704946517944336	0.0	0.5076987147331238	1.3883947134017944	0.28839126229286194	0.0	0.0	0.0	0.37659043073654175	0.0	0.6619900465011597	0.0	0.0	0.0	0.9006819725036621	0.2657756209373474	0.7394666075706482	1.183796763420105	0.6918239593505859	0.2933272421360016	0.6550975441932678	1.341261625289917	0.0	0.0	0.0	0.3626181185245514	0.0	0.0	1.3567265272140503	0.38904300332069397	0.0	0.0	0.4313218593597412	1.3365027904510498	0.43163764476776123	0.0	1.2701075077056885	0.3712906539440155	0.2720955014228821	0.0	0.0	0.0	0.5203295350074768
1.225376009941101	0.4398345947265625	0.0	0.8589785695075989	0.0	0.0	2.5046541690826416	0.0	0.6671413779258728	0.0	0.0	0.0	0.38363784551620483	0.0	0.0	0.765862226486206	0.3833048641681671	0.4530646800994873	0.6818738579750061	0.11997172236442566	0.5543441772460938	0.3641161620616913	0.0	0.5004901885986328	1.3814103603363037	0.29307907819747925	0.0	0.0	0.0	0.3948599696159363	0.0	0.6679591536521912	0.0	0.0	0.0	0.8833035826683044	0.20699161291122437	0.71848064661026	1.1926041841506958	0.7082541584968567	0.26779380440711975	0.6254674196243286	1.3227779865264893	0.0	0.0	0.0	0.3625570237636566	0.0	0.0	1.3569003343582153	0.40018850564956665	0.0	0.0	0.4325605034828186	1.3573992252349854	0.453409343957901	0.0	1.3033462762832642	0.3609505295753479	0.2717679440975189	0.0	0.0	0.0	0.5087396502494812
1.2089049816131592	0.4643517732620239	0.0	0.8565371632575989	0.0	0.0	2.536041736602783	0.0	0.6859555244445801	0.0	0.0	0.0	0.3966616094112396	0.0	0.0	0.7554755210876465	0.31693217158317566	0.48396003246307373	0.6759434342384338	0.13015693426132202	0.5443542003631592	0.37817245721817017	0.0	0.4788378179073334	1.373247742652893	0.30982711911201477	0.0	0.0	0.0	0.37993624806404114	0.0	0.6571543216705322	0.0	0.0	0.0	0.8663827180862427	0.22739501297473907	0.7102417945861816	1.1814026832580566	0.6982269287109375	0.25555121898651123	0.6313758492469788	1.3015679121017456	0.0	0.0	0.0	0.3774518370628357	0.0	0.0	1.352899193763733	0.5068262219429016	0.0	0.0	0.42173612117767334	1.335364580154419	0.45201024413108826	0.0	1.285284161567688	0.37694448232650757	0.26122042536735535	0.0	0.0	0.0	0.507487952709198
1.2216600179672241	0.48571348190307617	0.0	0.8283981680870056	0.0	0.0	2.512756586074829	0.0	0.6733677387237549	0.0	0.0	0.0	0.37566810846328735	0.0	0.0	0.7568517327308655	0.3612115681171417	0.47264519333839417	0.6879631280899048	0.13078124821186066	0.5190179347991943	0.3569256365299225	0.0	0.5862895846366882	1.4189119338989258	0.31995096802711487	0.0	0.0	0.0	0.35793933272361755	0.0	0.658367931842804	0.0	0.0	0.0	0.8521048426628113	0.2899969518184662	0.7699989676475525	1.1695259809494019	0.6885480284690857	0.23954956233501434	0.6742382049560547	1.3373465538024902	0.0	0.0	0.0	0.39294013381004333	0.0	0.0	1.346766710281372	0.4599606990814209	0.0	0.0	0.4297681748867035	1.3554251194000244	0.4559330344200134	0.0	1.3327805995941162	0.4095219075679779	0.278717577457428	0.0	0.0	0.0	0.5040621757507324
1.2296581268310547	0.4566459655761719	0.0	0.8746803998947144	0.0	0.0	2.511348009109497	0.0	0.6729726195335388	0.0	0.0	0.0	0.3752005994319916	0.0	0.0	0.8005315661430359	0.3311053216457367	0.4843255281448364	0.7017132043838501	0.13142476975917816	0.6271619200706482	0.37019479274749756	0.0	0.5122807025909424	1.423596739768982	0.35193508863449097	0.0	0.0	0.0	0.3714275360107422	0.0	0.6721470355987549	0.0	0.0	0.0	0.8770349621772766	0.21431465446949005	0.6911330223083496	1.1910088062286377	0.7188431024551392	0.26083654165267944	0.6440876722335815	1.3115547895431519	0.0	0.0	0.0	0.36852404475212097	0.0	0.0	1.3773858547210693	0.38961878418922424	0.0	0.0	0.4320737421512604	1.3323990106582642	0.44845038652420044	0.0	1.3005422353744507	0.38656625151634216	0.2783299684524536	0.0	0.0	0.0	0.526385486125946
1.2081456184387207	0.46868178248405457	0.0	0.833267867565155	0.0	0.0	2.4704768657684326	0.0	0.7022672295570374	0.0	0.0	0.0	0.37110599875450134	0.0	0.0	0.7721592783927917	0.32178929448127747	0.46686625480651855	0.6617714762687683	0.10898763686418533	0.5401921272277832	0.36513471603393555	0.0	0.4932071268558502	1.3597307205200195	0.2976282835006714	0.0	0.0	0.0	0.3833985924720764	0.0	0.646746039390564	0.0	0.0	0.0	0.8526959419250488	0.22968173027038574	0.6935505867004395	1.1580628156661987	0.7083870768547058	0.24773751199245453	0.6204714775085449	1.290125846862793	0.0	0.0	0.0	0.3478259742259979	0.0	0.0	1.3445309400558472	0.4188724160194397	0.0	0.0	0.41768088936805725	1.3149877786636353	0.4376344084739685	0.0	1.2866448163986206	0.3607460558414459	0.25924667716026306	0.0	0.0	0.0	0.506364107131958
1.20527184009552	0.45410701632499695	0.0	1.027961254119873	0.0	0.0	2.481451988220215	0.0	0.7023370862007141	0.0	0.0	0.0	0.39188218116760254	0.0	0.0	0.7679054737091064	0.3263135552406311	0.5229916572570801	0.6679272651672363	0.1454756259918213	0.5692793130874634	0.3747764527797699	0.0	0.610318124294281	1.3758829832077026	0.3438035249710083	0.0	0.0	0.0	0.3787793219089508	0.0	0.7288237810134888	0.0	0.0	0.0	0.8472137451171875	0.3910563290119171	0.7526403069496155	1.1612164974212646	0.6949914693832397	0.34154701232910156	0.6752209663391113	1.299462080001831	0.0	0.0	0.0	0.35898229479789734	0.0	0.0	1.3501158952713013	0.42225193977355957	0.0	0.0	0.5194036960601807	1.3243476152420044	0.4904942512512207	0.0	1.2892388105392456	0.38613632321357727	0.30030906200408936	0.0	0.0	0.0	0.49520760774612427
1.2031677961349487	0.4721771478652954	0.0	0.803254246711731	0.0	0.0	2.5007498264312744	0.0	0.6921326518058777	0.0	0.0	0.0	0.4124257266521454	0.0	0.0	0.757373034954071	0.337230384349823	0.4810771644115448	0.668683648109436	0.162265345454216	0.5315642356872559	0.40013259649276733	0.0	0.5392345190048218	1.3915842771530151	0.284656822681427	0.05351054295897484	0.0	0.0	0.3806087374687195	0.0	0.6654664874076843	0.0	0.0	0.0	0.910051167011261	0.2559463381767273	0.6966556310653687	1.1708134412765503	0.695375382900238	0.28432032465934753	0.6569920182228088	1.3162245750427246	0.0	0.0	0.0	0.36130034923553467	0.0	0.0	1.3919349908828735	0.3917694687843323	0.0	0.0	0.43567708134651184	1.3360093832015991	0.46803244948387146	0.0	1.293220043182373	0.38632723689079285	0.2595997750759125	0.0	0.0	0.0	0.5067973732948303
1.2166171073913574	0.461189329624176	0.0	0.816737949848175	0.0	0.0	2.511960983276367	0.0	0.6908318996429443	0.0	0.0	0.0	0.38929954171180725	0.0	0.0	0.7748433947563171	0.326708048582077	0.47478923201560974	0.688615083694458	0.13025447726249695	0.5223328471183777	0.39191314578056335	0.0	0.4951607286930084	1.3792240619659424	0.3222525715827942	0.0	0.0	0.0	0.38255348801612854	0.0	0.6574530601501465	0.0	0.0	0.0	0.8687264323234558	0.2323191910982132	0.6808597445487976	1.1661810874938965	0.72423255443573	0.29126644134521484	0.6357791423797607	1.3417950868606567	0.0	0.0	0.0	0.3550562560558319	0.0	0.0	1.365074634552002	0.4322377145290375	0.0	0.0	0.4166524410247803	1.3344923257827759	0.5325036644935608	0.0	1.2751460075378418	0.3801259398460388	0.29613223671913147	0.0	0.0	0.0	0.4960552453994751
1.2532676458358765	0.4484036862850189	0.0	0.9255577325820923	0.0	0.0	2.533066987991333	0.0	0.6473998427391052	0.0	0.0	0.0	0.43526923656463623	0.0	0.0	0.8230957984924316	0.32749319076538086	0.48796507716178894	0.6910831928253174	0.09646064788103104	0.6069352626800537	0.4168333113193512	0.0	0.5432021021842957	1.3928804397583008	0.3108775019645691	0.0	0.0	0.0	0.36205804347991943	0.0	0.6996402144432068	0.0	0.0	0.0	0.8748214840888977	0.22997936606407166	0.7163458466529846	1.19802987575531	0.6943815350532532	0.27901530265808105	0.615237295627594	1.2832289934158325	0.0	0.0	0.0	0.39777421951293945	0.0	0.0	1.4627684354782104	0.36526334285736084	0.0	0.0	0.40314146876335144	1.3464678525924683	0.5069600939750671	0.0	1.3274872303009033	0.43326079845428467	0.3072110712528229	0.0	0.0	0.0	0.5510697960853577
1.258213996887207	0.49781155586242676	0.0	0.9212021827697754	0.0	0.0	2.4820940494537354	0.0	0.6683779358863831	0.0	0.0	0.0	0.36586281657218933	0.0	0.0	0.7941907048225403	0.321857750415802	0.5528647303581238	0.7344401478767395	0.11060439050197601	0.5607177019119263	0.3576507568359375	0.0	0.49006974697113037	1.3888427019119263	0.39436575770378113	0.0	0.0	0.0	0.3778030574321747	0.0	0.660239577293396	0.0	0.0	0.0	0.857456624507904	0.19922807812690735	0.7070451378822327	1.1825604438781738	0.7007129192352295	0.33991923928260803	0.6768919229507446	1.2943236827850342	0.0	0.0	0.0	0.37411853671073914	0.0	0.0	1.4017218351364136	0.3707208037376404	0.0	0.0	0.44104713201522827	1.3327778577804565	0.4463660418987274	0.0	1.29800283908844	0.4308958351612091	0.2643454670906067	0.0	0.0	0.0	0.49514761567115784
1.2476531267166138	0.4378245770931244	0.0	0.9356920123100281	0.0	0.0	2.55779767036438	0.0	0.6942199468612671	0.0	0.0	0.0	0.40949392318725586	0.0	0.0	0.832170844078064	0.33428582549095154	0.5067525506019592	0.7186717391014099	0.12188894301652908	0.5863528251647949	0.3833892047405243	0.0	0.513901948928833	1.4232327938079834	0.3509065508842468	0.0	0.0	0.0	0.37920764088630676	0.0	0.6707426309585571	0.0	0.0	0.0	0.8656840920448303	0.24807973206043243	0.6932275891304016	1.2069520950317383	0.7358261346817017	0.2626728117465973	0.634998083114624	1.3035995960235596	0.0	0.0	0.0	0.3813264071941376	0.0	0.0	1.4574811458587646	0.3730018436908722	0.0	0.0	0.411078542470932	1.3578848838806152	0.47104188799858093	0.0	1.3194043636322021	0.45549821853637695	0.3227682113647461	0.0	0.0	0.0	0.5133318901062012
1.2322487831115723	0.44931191205978394	0.0	0.953332245349884	0.0	0.0	2.4782228469848633	0.0	0.6898359060287476	0.0	0.0	0.0	0.3606429100036621	0.0	0.0	0.7701086401939392	0.3297879099845886	0.4855060577392578	0.6789505481719971	0.13343535363674164	0.543384313583374	0.3666917681694031	0.0	0.5768117308616638	1.3726446628570557	0.3016807436943054	0.0	0.0	0.0	0.3762334883213043	0.0	0.6670719385147095	0.0	0.0	0.0	0.8637206554412842	0.27141430974006653	0.7489742636680603	1.1608960628509521	0.7022725939750671	0.28470268845558167	0.6507477164268494	1.3170136213302612	0.0	0.0	0.0	0.3872596323490143	0.0	0.0	1.3523292541503906	0.3870154917240143	0.0	0.0	0.4938362240791321	1.3547841310501099	0.47883671522140503	0.0	1.2972004413604736	0.36846962571144104	0.26850947737693787	0.0	0.0	0.0	0.5101426243782043
1.2382711172103882	0.44694122672080994	0.0	0.8219971656799316	0.0	0.0	2.4806103706359863	0.0	0.6705939769744873	0.0	0.0	0.0	0.3747861683368683	0.0	0.0	0.7774775624275208	0.3261398375034332	0.5077170133590698	0.7279977202415466	0.10200919955968857	0.5356324315071106	0.37319672107696533	0.0	0.4875306487083435	1.3728208541870117	0.32813510298728943	0.0	0.0	0.0	0.3812369704246521	0.0	0.7002783417701721	0.0	0.0	0.0	0.8648712038993835	0.23166848719120026	0.6855927109718323	1.191616415977478	0.7077054977416992	0.28108254075050354	0.6335257887840271	1.2835358381271362	0.0	0.0	0.0	0.3394770324230194	0.0	0.0	1.3198105096817017	0.3627539873123169	0.0	0.0	0.40872475504875183	1.3617976903915405	0.47494950890541077	0.0	1.2766951322555542	0.39549997448921204	0.29726457595825195	0.0	0.0	0.0	0.530773937702179
1.2077082395553589	0.4733237028121948	0.0	0.8456476330757141	0.0	0.0	2.516282558441162	0.0	0.661715567111969	0.0	0.0	0.0	0.4173974096775055	0.0	0.0	0.7759690284729004	0.32704958319664	0.4613358974456787	0.7021480798721313	0.11379486322402954	0.5308580994606018	0.3930038809776306	0.0	0.4830898344516754	1.3857730627059937	0.3069954514503479	0.0	0.0	0.0	0.39191436767578125	0.0	0.6567306518554688	0.0	0.0	0.0	0.8834819197654724	0.20342960953712463	0.6817182302474976	1.1699838638305664	0.7346479892730713	0.2462313324213028	0.6731734871864319	1.2797781229019165	0.0	0.0	0.0	0.35495370626449585	0.0	0.0	1.388280987739563	0.4981232285499573	0.0	0.0	0.45158860087394714	1.3364770412445068	0.4310327172279358	0.0	1.2856030464172363	0.3781050145626068	0.2581150233745575	0.0	0.0	0.0	0.5091069340705872
1.2206870317459106	0.45488032698631287	0.0	0.8217020034790039	0.0	0.0	2.6980080604553223	0.0	0.662943959236145	0.0	0.0	0.0	0.36387932300567627	0.0	0.0	0.7759867310523987	0.3268415331840515	0.4712387025356293	0.7050511837005615	0.10512902587652206	0.5450491905212402	0.3686681389808655	0.0	0.49738290905952454	1.371955156326294	0.2995978593826294	0.0	0.0	0.0	0.40127289295196533	0.0	0.6681650280952454	0.0	0.0	0.0	0.895602285861969	0.24438314139842987	0.7066231966018677	1.2056403160095215	0.7096908092498779	0.26012036204338074	0.6618181467056274	1.3300288915634155	0.0	0.0	0.0	0.410387247800827	0.0	0.0	1.3131617307662964	0.369524210691452	0.0	0.0	0.43626222014427185	1.3935165405273438	0.4550710916519165	0.0	1.2706860303878784	0.3719062805175781	0.25526052713394165	0.0	0.0	0.0	0.5165989398956299
1.2613799571990967	0.4362165331840515	0.0	0.8416467905044556	0.0	0.0	2.482290744781494	0.0	0.6821512579917908	0.0	0.0	0.0	0.41419246792793274	0.0	0.0	0.7673017978668213	0.34637725353240967	0.4693683683872223	0.6941198110580444	0.13187190890312195	0.5452231168746948	0.3459290564060211	0.0	0.480528324842453	1.4081789255142212	0.3175162374973297	0.0	0.0	0.0	0.40764734148979187	0.0	0.6479712724685669	0.0	0.0	0.0	0.842413067817688	0.2365434765815735	0.7016358971595764	1.2068402767181396	0.7251706123352051	0.25252285599708557	0.6590732932090759	1.3184019327163696	0.0	0.0	0.0	0.38472121953964233	0.0	0.0	1.4051330089569092	0.4006504714488983	0.0	0.0	0.4216722846031189	1.3357151746749878	0.491973340511322	0.0	1.3118400573730469	0.3933762311935425	0.26368215680122375	0.0	0.0	0.0	0.5399201512336731
1.217166543006897	0.4897350072860718	0.0	0.8595518469810486	0.0	0.0	2.623892307281494	0.0	0.7117466926574707	0.0	0.0	0.0	0.3932437002658844	0.0	0.0	0.8218895196914673	0.30683547258377075	0.49861374497413635	0.6834069490432739	0.13441838324069977	0.5585342645645142	0.3733194172382355	0.0	0.4930858016014099	1.428387999534607	0.32140684127807617	0.0	0.0	0.0	0.41504842042922974	0.0	0.6711247563362122	0.0	0.0	0.0	0.8507020473480225	0.21506492793560028	0.753372311592102	1.2112619876861572	0.7039701342582703	0.25986358523368835	0.6311573386192322	1.3525811433792114	0.0	0.0	0.0	0.35245683789253235	0.0	0.0	1.3686408996582031	0.3872165381908417	0.0	0.0	0.4309920072555542	1.36202073097229	0.5123951435089111	0.0	1.3137410879135132	0.3809059262275696	0.2682507634162903	0.0	0.0	0.0	0.5417018532752991
1.2316653728485107	0.5332511067390442	0.0	0.8678023815155029	0.0	0.0	2.4989659786224365	0.0	0.6574779748916626	0.0	0.0	0.0	0.3685078024864197	0.0	0.0	0.7950347661972046	0.31963908672332764	0.49558037519454956	0.7204349637031555	0.11196024715900421	0.5391318202018738	0.3771914541721344	0.0	0.46802690625190735	1.3604501485824585	0.3099575638771057	0.0	0.0	0.0	0.36624667048454285	0.0	0.6620333194732666	0.0	0.0	0.0	0.8522309064865112	0.2382754236459732	0.7260066866874695	1.1709365844726562	0.6910592317581177	0.27400851249694824	0.6168022751808167	1.284642219543457	0.0	0.0	0.0	0.382695734500885	0.0	0.0	1.3263691663742065	0.38856610655784607	0.0	0.0	0.4148103594779968	1.3271440267562866	0.4714919924736023	0.0	1.323287010192871	0.43481966853141785	0.2604636549949646	0.0	0.0	0.0	0.49686992168426514
1.2160531282424927	0.4191697835922241	0.0	0.8132975697517395	0.0	0.0	2.4427833557128906	0.0	0.7035444378852844	0.0	0.0	0.0	0.4573324918746948	0.0	0.0	0.8447428941726685	0.33519935607910156	0.45413267612457275	0.6762328743934631	0.11276950687170029	0.6058865189552307	0.36743614077568054	0.0	0.5308544039726257	1.4004780054092407	0.2999660074710846	0.0	0.0	0.0	0.3820647895336151	0.0	0.6560485363006592	0.0	0.0	0.0	0.8319687843322754	0.24186499416828156	0.6800405979156494	1.1621612310409546	0.7055448889732361	0.2545258402824402	0.6175751686096191	1.2651506662368774	0.0	0.0	0.0	0.369731605052948	0.0	0.0	1.4661599397659302	0.36810606718063354	0.0	0.0	0.4157172441482544	1.3170760869979858	0.4257620871067047	0.0	1.272294521331787	0.4656611382961273	0.30824148654937744	0.0	0.0	0.0	0.5030736327171326
1.2260651588439941	0.4425772428512573	0.0	0.816249668598175	0.0	0.0	2.505498170852661	0.0	0.6814514994621277	0.0	0.0	0.0	0.3891270160675049	0.0	0.0	0.7793335318565369	0.34067806601524353	0.4634149968624115	0.6649412512779236	0.1284281611442566	0.5448411107063293	0.38026100397109985	0.0	0.48935937881469727	1.373572587966919	0.29502469301223755	0.0	0.0	0.0	0.39477503299713135	0.0	0.6680340766906738	0.0	0.0	0.0	0.8599426746368408	0.22464048862457275	0.682405412197113	1.161542296409607	0.7269076704978943	0.25070852041244507	0.6157144904136658	1.2900276184082031	0.0	0.0	0.0	0.340126633644104	0.0	0.0	1.3518328666687012	0.3639509081840515	0.0	0.0	0.45130473375320435	1.3274599313735962	0.45517370104789734	0.0	1.2840449810028076	0.3711031973361969	0.27965521812438965	0.0	0.0	0.0	0.49909400939941406
1.2183549404144287	0.44327425956726074	0.0	0.9107881784439087	0.0	0.0	2.53222918510437	0.0	0.680525541305542	0.0	0.0	0.0	0.3613920509815216	0.0	0.0	0.7860116362571716	0.30557137727737427	0.45734578371047974	0.6817865371704102	0.1304703801870346	0.5180977582931519	0.36115318536758423	0.0	0.5769505500793457	1.3731516599655151	0.32071611285209656	0.0	0.0	0.0	0.3639770746231079	0.0	0.6500635743141174	0.0	0.0	0.0	0.8527489900588989	0.26897376775741577	0.7802190780639648	1.1941299438476562	0.6848980188369751	0.3223024308681488	0.611610472202301	1.3204420804977417	0.0	0.0	0.0	0.3411245048046112	0.0	0.0	1.3361161947250366	0.3931759297847748	0.0	0.0	0.48890992999076843	1.3679704666137695	0.5054188966751099	0.0	1.3071315288543701	0.40792009234428406	0.26987355947494507	0.0	0.0	0.0	0.5021564364433289
1.2146809101104736	0.4540146589279175	0.0	0.8596284985542297	0.0	0.0	2.550292491912842	0.0	0.6651954650878906	0.0	0.0	0.0	0.40463611483573914	0.0	0.0	0.7623321413993835	0.3335820436477661	0.496489018201828	0.6854023933410645	0.14120997488498688	0.5119423270225525	0.37505489587783813	0.0	0.4846603274345398	1.370819091796875	0.34608736634254456	0.0	0.0	0.0	0.3885747492313385	0.0	0.6628187298774719	0.0	0.0	0.0	0.8715850710868835	0.23310282826423645	0.7176463007926941	1.1878409385681152	0.6955835819244385	0.30654850602149963	0.6505886912345886	1.3063368797302246	0.0	0.0	0.0	0.3527386784553528	0.0	0.0	1.348646879196167	0.3826015591621399	0.0	0.0	0.41781914234161377	1.3304328918457031	0.4575837552547455	0.0	1.2857557535171509	0.4274427890777588	0.2625374495983124	0.0	0.0	0.0	0.4978656768798828
1.2423412799835205	0.41810035705566406	0.0	0.9131757020950317	0.0	0.0	2.525101661682129	0.0	0.7093406319618225	0.0	0.0	0.0	0.4163038432598114	0.0	0.0	0.79677414894104	0.3356691300868988	0.5225893259048462	0.702957272529602	0.13433396816253662	0.5970014333724976	0.37984082102775574	0.0	0.5332720875740051	1.419739007949829	0.31815117597579956	0.0	0.0	0.0	0.40752431750297546	0.0	0.6507777571678162	0.0	0.0	0.0	0.8827084302902222	0.24705515801906586	0.7361907958984375	1.199958324432373	0.7164157629013062	0.3049110174179077	0.6463636159896851	1.3384878635406494	0.0	0.0	0.0	0.3856470584869385	0.0	0.0	1.4291691780090332	0.4176199436187744	0.0	0.0	0.4265322685241699	1.3217602968215942	0.4755379557609558	0.0	1.313246488571167	0.4464617967605591	0.30596765875816345	0.0	0.0	0.0	0.4992641508579254
1.2192789316177368	0.4379720687866211	0.0	0.8078839778900146	0.0	0.0	2.456411361694336	0.0	0.6431479454040527	0.0	0.0	0.0	0.3670080304145813	0.0	0.0	0.7827240824699402	0.37379005551338196	0.4813810884952545	0.6677347421646118	0.11523132026195526	0.5159914493560791	0.39144566655158997	0.0	0.4647183418273926	1.3759703636169434	0.3076383173465729	0.0	0.0	0.0	0.3898093104362488	0.0	0.6845418810844421	0.0	0.0	0.0	0.843198299407959	0.20390476286411285	0.6793702244758606	1.1684112548828125	0.7064000368118286	0.2518105208873749	0.616659939289093	1.31441068649292	0.0	0.0	0.0	0.3495003879070282	0.0	0.0	1.313397765159607	0.37103766202926636	0.0	0.0	0.4287835657596588	1.3188494443893433	0.45676061511039734	0.0	1.2712656259536743	0.375018447637558	0.3094498813152313	0.0	0.0	0.0	0.5041049718856812
1.239537239074707	0.4335281550884247	0.0	0.8160110116004944	0.0	0.0	2.505798816680908	0.0	0.6691516041755676	0.0	0.0	0.0	0.3775319457054138	0.0	0.0	0.7605040669441223	0.32940152287483215	0.489562064409256	0.6911648511886597	0.1447073519229889	0.5201417207717896	0.39049646258354187	0.0	0.4588298201560974	1.384554386138916	0.2959713339805603	0.0	0.0	0.0	0.4105948805809021	0.0	0.6909350156784058	0.0	0.0	0.0	0.8569768667221069	0.21205824613571167	0.6731343269348145	1.1673557758331299	0.728653609752655	0.24385419487953186	0.6177916526794434	1.2819677591323853	0.0	0.0	0.0	0.35551711916923523	0.0	0.0	1.3575234413146973	0.40091967582702637	0.0	0.0	0.4483897387981415	1.3207426071166992	0.4527461528778076	0.0	1.26242196559906	0.3809649646282196	0.30662646889686584	0.0	0.0	0.0	0.546557605266571
1.260017991065979	0.47452250123023987	0.0	0.8920698761940002	0.0	0.0	2.5432844161987305	0.0	0.6756467819213867	0.0	0.0	0.0	0.38137802481651306	0.0	0.0	0.7927880883216858	0.3877555727958679	0.5069021582603455	0.6945207715034485	0.14608797430992126	0.5441343784332275	0.39626187086105347	0.0	0.6200647354125977	1.3821552991867065	0.40112584829330444	0.0	0.0	0.0	0.3866041302680969	0.0	0.6686972975730896	0.0	0.0	0.0	0.8714693188667297	0.2343457043170929	0.712900698184967	1.187709093093872	0.7199146151542664	0.3286131024360657	0.6581998467445374	1.299633264541626	0.0	0.0	0.0	0.3551751375198364	0.0	0.0	1.3664847612380981	0.4018772840499878	0.0	0.0	0.48553037643432617	1.3508491516113281	0.45862630009651184	0.0	1.3202012777328491	0.4285089373588562	0.2861323654651642	0.0	0.0	0.0	0.602594792842865
1.2246267795562744	0.4498492181301117	0.0	0.8124913573265076	0.0	0.0	2.589186906814575	0.0	0.6551072001457214	0.0	0.0	0.0	0.3703345060348511	0.0	0.0	0.7672537565231323	0.3284820318222046	0.4627676010131836	0.7014658451080322	0.10807526111602783	0.5370137691497803	0.37305811047554016	0.0	0.47070547938346863	1.3765665292739868	0.31529974937438965	0.0	0.0	0.0	0.3875029385089874	0.0	0.6567745804786682	0.0	0.0	0.0	0.8539850115776062	0.2346513569355011	0.7183140516281128	1.1734846830368042	0.6946468949317932	0.24944531917572021	0.6745781898498535	1.35252046585083	0.0	0.0	0.0	0.3669705092906952	0.0	0.0	1.3304535150527954	0.4838421046733856	0.0	0.0	0.46063145995140076	1.335037350654602	0.4602854251861572	0.0	1.2897011041641235	0.38261479139328003	0.24976463615894318	0.0	0.0	0.0	0.5010582804679871
1.1991370916366577	0.4407239854335785	0.0	0.8091532588005066	0.0	0.0	2.4935429096221924	0.0	0.6696496605873108	0.0	0.0	0.0	0.3833017945289612	0.0	0.0	0.765947699546814	0.3086795210838318	0.4893130660057068	0.6527831554412842	0.1085013821721077	0.5190848112106323	0.3674902021884918	0.0	0.48253294825553894	1.3545430898666382	0.2868001163005829	0.0	0.0	0.0	0.3606015145778656	0.0	0.647935152053833	0.0	0.0	0.0	0.8785068988800049	0.40381109714508057	0.7067082524299622	1.1743067502975464	0.6846088171005249	0.32168155908584595	0.6393402814865112	1.297378420829773	0.0	0.0	0.0	0.35944420099258423	0.0	0.0	1.3544763326644897	0.38434866070747375	0.0	0.0	0.41771137714385986	1.3071955442428589	0.4371809959411621	0.0	1.2716090679168701	0.37203314900398254	0.2455742508172989	0.0	0.0	0.0	0.49004557728767395
1.184800148010254	0.4483717381954193	0.0	0.8383903503417969	0.0	0.0	2.55464243888855	0.0	0.6576691269874573	0.0	0.0	0.0	0.40198373794555664	0.0	0.0	0.7873996496200562	0.31777188181877136	0.45842260122299194	0.6773949265480042	0.12439242005348206	0.5290585160255432	0.3730807304382324	0.0	0.4840015172958374	1.3916113376617432	0.30061668157577515	0.0	0.0	0.0	0.3770252466201782	0.0	0.6626845002174377	0.0	0.0	0.0	0.8637925982475281	0.4014873802661896	0.7153355479240417	1.1900439262390137	0.7236336469650269	0.28817006945610046	0.6239795088768005	1.3053158521652222	0.0	0.0	0.0	0.3643313944339752	0.0	0.0	1.3689228296279907	0.3571561574935913	0.0	0.0	0.43223488330841064	1.3339455127716064	0.4700084626674652	0.0	1.3372187614440918	0.40301886200904846	0.26972392201423645	0.0	0.0	0.0	0.5471380352973938
1.1993262767791748	0.4541076123714447	0.0	0.9591799378395081	0.0	0.0	2.5555710792541504	0.0	0.6768425107002258	0.0	0.0	0.0	0.38221657276153564	0.0	0.0	0.8132172226905823	0.3257616460323334	0.507440447807312	0.7090756297111511	0.1339658796787262	0.561071515083313	0.3602310121059418	0.0	0.591037929058075	1.3972413539886475	0.36610981822013855	0.0	0.0	0.0	0.3876084089279175	0.0	0.6868865489959717	0.0	0.0	0.0	0.8282595872879028	0.41027137637138367	0.7407890558242798	1.1760146617889404	0.6918523907661438	0.29591235518455505	0.6323939561843872	1.2860957384109497	0.0	0.0	0.0	0.3420778810977936	0.0	0.0	1.3816592693328857	0.39038681983947754	0.0	0.0	0.5073575377464294	1.3305907249450684	0.46901771426200867	0.0	1.2671914100646973	0.440834641456604	0.2713202238082886	0.0	0.0	0.0	0.5360971093177795
1.250573754310608	0.45384693145751953	0.0	0.822845458984375	0.0	0.0	2.49471116065979	0.0	0.6650435924530029	0.0	0.0	0.0	0.3878578245639801	0.0	0.0	0.7670063972473145	0.33668068051338196	0.4787236154079437	0.6967951059341431	0.13246826827526093	0.5836297869682312	0.3498087525367737	0.0	0.5200312733650208	1.419956922531128	0.3069652020931244	0.0	0.0	0.0	0.41334977746009827	0.0	0.649633526802063	0.0	0.0	0.0	0.8692349195480347	0.2232811152935028	0.6976003646850586	1.2021026611328125	0.7095562219619751	0.2683543264865875	0.6336268782615662	1.300564169883728	0.0	0.0	0.0	0.3740079998970032	0.0	0.0	1.3542861938476562	0.3834822475910187	0.0	0.0	0.4052547216415405	1.3455944061279297	0.44383278489112854	0.0	1.273640513420105	0.36931395530700684	0.299145370721817	0.0	0.0	0.0	0.5299090147018433
1.2170112133026123	0.4533074200153351	0.0	0.8487828373908997	0.0	0.0	2.5508663654327393	0.0	0.6523280143737793	0.0	0.0	0.0	0.36915579438209534	0.0	0.0	0.757226824760437	0.33919745683670044	0.5180454850196838	0.7002452611923218	0.11366039514541626	0.5389204621315002	0.4168977439403534	0.0	0.4666912257671356	1.3771601915359497	0.34729859232902527	0.0	0.0	0.0	0.38597214221954346	0.0	0.6840265393257141	0.0	0.0	0.0	0.8782492876052856	0.20886732637882233	0.7248605489730835	1.1483440399169922	0.7238929271697998	0.3568120002746582	0.6276442408561707	1.2958976030349731	0.0	0.0	0.0	0.35569024085998535	0.0	0.0	1.3319298028945923	0.3613627851009369	0.0	0.0	0.43914464116096497	1.330407738685608	0.46203967928886414	0.0	1.258845567703247	0.40503770112991333	0.35025060176849365	0.0	0.0	0.0	0.5264875292778015
1.251226544380188	0.4812626540660858	0.0	0.9340863823890686	0.0	0.0	2.516857624053955	0.0	0.6999520063400269	0.0	0.0	0.0	0.42798563838005066	0.0	0.0	0.7852899432182312	0.3261677026748657	0.5110103487968445	0.6789323091506958	0.12486042082309723	0.6123011112213135	0.36700382828712463	0.0	0.5268329977989197	1.4200655221939087	0.3597651720046997	0.0	0.0	0.0	0.4061959385871887	0.0	0.6764570474624634	0.0	0.0	0.0	0.8690323233604431	0.25301966071128845	0.7047117948532104	1.2106345891952515	0.7004821300506592	0.3057292699813843	0.6281617283821106	1.3747648000717163	0.0	0.0	0.0	0.40540027618408203	0.0	0.0	1.464357614517212	0.3548792898654938	0.0	0.0	0.4407154619693756	1.3806767463684082	0.4887910783290863	0.0	1.303073763847351	0.3936387896537781	0.28405189514160156	0.0	0.0	0.0	0.5164633393287659
1.228381872177124	0.4565674960613251	0.0	0.9007024765014648	0.0	0.0	2.4643936157226562	0.0	0.6983728408813477	0.0	0.0	0.0	0.4254341423511505	0.0	0.0	0.8297165632247925	0.31919169425964355	0.5030731558799744	0.6852567791938782	0.1119743138551712	0.5989729762077332	0.3774925172328949	0.0	0.5368860960006714	1.4219039678573608	0.37262165546417236	0.0	0.0	0.0	0.36963579058647156	0.0	0.6580716371536255	0.0	0.0	0.0	0.8298883438110352	0.40685275197029114	0.6934458613395691	1.2071504592895508	0.6862847208976746	0.2917124629020691	0.6287997364997864	1.2706446647644043	0.0	0.0	0.0	0.3787805736064911	0.0	0.0	1.4393386840820312	0.4056769609451294	0.0	0.0	0.45297637581825256	1.3480424880981445	0.4801008105278015	0.0	1.333847165107727	0.4451156258583069	0.26903849840164185	0.0	0.0	0.0	0.5302050113677979
1.2190672159194946	0.46505463123321533	0.0	0.8301646709442139	0.0	0.0	2.5303282737731934	0.0	0.6520045399665833	0.0	0.0	0.0	0.3621894419193268	0.0	0.0	0.776310920715332	0.36503341794013977	0.462285578250885	0.6862460970878601	0.12378162890672684	0.5261743068695068	0.3802255392074585	0.0	0.49991679191589355	1.3909128904342651	0.31289228796958923	0.0	0.0	0.0	0.39144131541252136	0.0	0.6605114936828613	0.0	0.0	0.0	0.8522534370422363	0.2349076122045517	0.6865970492362976	1.1895122528076172	0.7057427167892456	0.2752218544483185	0.6213181614875793	1.3194911479949951	0.0	0.0	0.0	0.35524147748947144	0.0	0.0	1.3341140747070312	0.3935527503490448	0.0	0.0	0.4492601156234741	1.3473411798477173	0.49263685941696167	0.0	1.3013015985488892	0.41367700695991516	0.2673242688179016	0.0	0.0	0.0	0.49662643671035767
1.2442213296890259	0.425630122423172	0.0	0.9490321278572083	0.0	0.0	2.5383856296539307	0.0	0.7076244950294495	0.0	0.0	0.0	0.44446444511413574	0.0	0.0	0.8589009046554565	0.3328143060207367	0.44988250732421875	0.7437443733215332	0.10957934707403183	0.577833354473114	0.3352286219596863	0.0	0.5439395308494568	1.398512363433838	0.3157145380973816	0.0	0.0	0.0	0.38255900144577026	0.0	0.6517881155014038	0.0	0.0	0.0	0.8424465656280518	0.3928353488445282	0.7302337884902954	1.1746273040771484	0.7185211181640625	0.2507443428039551	0.6450410485267639	1.2861723899841309	0.0	0.0	0.0	0.3849627673625946	0.0	0.0	1.4621237516403198	0.37511909008026123	0.0	0.0	0.4454243779182434	1.3303416967391968	0.4413922131061554	0.0	1.2909767627716064	0.48407280445098877	0.2792174816131592	0.0	0.0	0.0	0.5068012475967407
1.2515537738800049	0.4437638223171234	0.0	0.9021245837211609	0.0	0.0	2.580402135848999	0.0	0.7056988477706909	0.0	0.0	0.0	0.41485142707824707	0.0	0.0	0.8369594812393188	0.3385877311229706	0.5003261566162109	0.7144084572792053	0.10941167175769806	0.5546761155128479	0.3815833628177643	0.0	0.5171777606010437	1.4068008661270142	0.3062532842159271	0.0	0.0	0.0	0.3839270770549774	0.0	0.7088038921356201	0.0	0.0	0.0	0.8899726271629333	0.2571709156036377	0.7128462791442871	1.165980339050293	0.7315858006477356	0.251906156539917	0.6110699772834778	1.3062424659729004	0.0	0.0	0.0	0.3941621780395508	0.0	0.0	1.4410022497177124	0.3919556736946106	0.0	0.0	0.41781744360923767	1.3266738653182983	0.4754612445831299	0.0	1.2852528095245361	0.47826671600341797	0.3326528072357178	0.0	0.0	0.0	0.5389822125434875
1.2629283666610718	0.4474920928478241	0.0	0.9665423631668091	0.0	0.0	2.4885222911834717	0.0	0.7223867774009705	0.0	0.0	0.0	0.44582676887512207	0.0	0.0	0.8373094201087952	0.3265361189842224	0.4545774757862091	0.6722304224967957	0.13567784428596497	0.6202945113182068	0.3585417866706848	0.0	0.5872842073440552	1.416642189025879	0.3055320680141449	0.0	0.0	0.0	0.37669795751571655	0.0	0.6549904346466064	0.0	0.0	0.0	0.8297321796417236	0.2935868203639984	0.7702298760414124	1.1979016065597534	0.7082099914550781	0.2431001216173172	0.6249514222145081	1.305017113685608	0.0	0.0	0.0	0.40550610423088074	0.0	0.0	1.4649053812026978	0.4129584729671478	0.0	0.0	0.4798579514026642	1.3496654033660889	0.4834684729576111	0.0	1.3225427865982056	0.46122995018959045	0.28061643242836	0.0	0.0	0.0	0.502426028251648
1.2054765224456787	0.4623260796070099	0.0	0.8296277523040771	0.0	0.0	2.534562349319458	0.0	0.6613714694976807	0.0	0.0	0.0	0.3947429955005646	0.0	0.0	0.7589285373687744	0.3610077202320099	0.49876484274864197	0.7067022323608398	0.13405120372772217	0.5311878323554993	0.418165385723114	0.0	0.4828447699546814	1.3580422401428223	0.3040459156036377	0.0	0.0	0.0	0.39089539647102356	0.0	0.7101827263832092	0.0	0.0	0.0	0.8517422676086426	0.23703500628471375	0.6934950351715088	1.185939073562622	0.7110083699226379	0.2613460421562195	0.6216966509819031	1.2863680124282837	0.0	0.0	0.0	0.36357396841049194	0.0	0.0	1.3560354709625244	0.49153468012809753	0.0	0.0	0.5070750117301941	1.3357919454574585	0.4509315490722656	0.0	1.2915194034576416	0.3907909691333771	0.26161155104637146	0.0	0.0	0.0	0.5025245547294617
1.2296316623687744	0.44487157464027405	0.0	0.846491277217865	0.0	0.0	2.5474040508270264	0.0	0.7323130965232849	0.0	0.0	0.0	0.36184900999069214	0.0	0.0	0.7913869619369507	0.32473522424697876	0.4698198437690735	0.6730808615684509	0.1146649569272995	0.5199568271636963	0.3853644132614136	0.0	0.4654272198677063	1.3893262147903442	0.35758790373802185	0.0	0.0	0.0	0.4049665629863739	0.0	0.6516850590705872	0.0	0.0	0.0	0.8678380250930786	0.21104659140110016	0.6990469098091125	1.1674586534500122	0.7135481834411621	0.2701224684715271	0.6369120478630066	1.41752028465271	0.0	0.0	0.0	0.35521501302719116	0.0	0.0	1.3382635116577148	0.3654825985431671	0.0	0.0	0.45734772086143494	1.329033374786377	0.4745296835899353	0.0	1.297026515007019	0.3802173435688019	0.2791430354118347	0.0	0.0	0.0	0.5080071091651917
1.2493568658828735	0.4634782373905182	0.0	0.8313703536987305	0.0	0.0	2.479637622833252	0.0	0.6810120344161987	0.0	0.0	0.0	0.38415467739105225	0.0	0.0	0.7764548063278198	0.3423108458518982	0.4675929844379425	0.6611112356185913	0.1136932224035263	0.5629076957702637	0.3943357765674591	0.0	0.4968283772468567	1.3579795360565186	0.28821006417274475	0.0	0.0	0.0	0.40246567130088806	0.0	0.6510034799575806	0.0	0.0	0.0	0.8942090272903442	0.2434597760438919	0.7294214963912964	1.1749881505966187	0.705585241317749	0.26739344000816345	0.6162636280059814	1.2819223403930664	0.0	0.0	0.0	0.362819641828537	0.0	0.0	1.3393388986587524	0.4835369288921356	0.0	0.0	0.42229101061820984	1.3104009628295898	0.456246942281723	0.0	1.2844324111938477	0.3830868601799011	0.26857683062553406	0.0	0.0	0.0	0.554002046585083
1.279544472694397	0.4535899758338928	0.0	0.9320778250694275	0.0	0.0	2.502000093460083	0.0	0.6837730407714844	0.0	0.0	0.0	0.39171096682548523	0.0	0.0	0.8145889639854431	0.3309464454650879	0.47201380133628845	0.6949765682220459	0.12591832876205444	0.540617048740387	0.36622101068496704	0.0	0.5057568550109863	1.3651167154312134	0.31381329894065857	0.0	0.0	0.0	0.3728054165840149	0.0	0.6621401906013489	0.0	0.0	0.0	0.8522371053695679	0.2674705684185028	0.7662259936332703	1.1531742811203003	0.7159861326217651	0.30921757221221924	0.6739735007286072	1.3122819662094116	0.0	0.0	0.0	0.34427765011787415	0.0	0.0	1.352847933769226	0.3882524073123932	0.0	0.0	0.48889434337615967	1.3304299116134644	0.46639731526374817	0.0	1.2744262218475342	0.3701249361038208	0.2834402024745941	0.0	0.0	0.0	0.5190336108207703
1.2352538108825684	0.49031946063041687	0.0	0.8347968459129333	0.0	0.0	2.477795124053955	0.0	0.6988905072212219	0.0	0.0	0.0	0.39360421895980835	0.0	0.0	0.7552772760391235	0.33436328172683716	0.4830111563205719	0.697692334651947	0.10084965080022812	0.5867793560028076	0.3515957295894623	0.0	0.5256208181381226	1.3643909692764282	0.355312705039978	0.0	0.0	0.0	0.3740505278110504	0.0	0.680565357208252	0.0	0.0	0.0	0.8731369376182556	0.23596929013729095	0.7077134251594543	1.1714423894882202	0.7042441964149475	0.27635523676872253	0.6452633738517761	1.29867422580719	0.0	0.0	0.0	0.3762909471988678	0.0	0.0	1.334836483001709	0.3804197609424591	0.0	0.0	0.4134843051433563	1.3201876878738403	0.46023035049438477	0.0	1.31413733959198	0.38868248462677	0.2704242765903473	0.0	0.0	0.0	0.513752818107605
1.2475649118423462	0.5082752704620361	0.0	0.8196545839309692	0.0	0.0	2.6202762126922607	0.0	0.678615391254425	0.0	0.0	0.0	0.3832074999809265	0.0	0.0	0.7759905457496643	0.35882604122161865	0.4731401801109314	0.6793949604034424	0.11475443094968796	0.5399832725524902	0.37342602014541626	0.0	0.5268877148628235	1.385274052619934	0.2944818437099457	0.0	0.0	0.0	0.37391766905784607	0.0	0.6758213639259338	0.0	0.0	0.0	0.8678171038627625	0.20801302790641785	0.6898322701454163	1.2062984704971313	0.7056213617324829	0.2924636900424957	0.6439206004142761	1.299550175666809	0.0	0.0	0.0	0.3412666916847229	0.0	0.0	1.375596523284912	0.40318813920021057	0.0	0.0	0.41698431968688965	1.3437321186065674	0.45999857783317566	0.0	1.35602867603302	0.3903246521949768	0.2715354263782501	0.0	0.0	0.0	0.5349135398864746
1.2463761568069458	0.4752049148082733	0.0	0.8232511281967163	0.0	0.0	2.5116665363311768	0.0	0.656512439250946	0.0	0.0	0.0	0.376259982585907	0.0	0.0	0.8291655778884888	0.3082347810268402	0.47877445816993713	0.6790920495986938	0.1422223597764969	0.5248163938522339	0.3580166697502136	0.0	0.4822371304035187	1.3948734998703003	0.29336848855018616	0.0	0.0	0.0	0.37561142444610596	0.0	0.6725291609764099	0.0	0.0	0.0	0.8726015686988831	0.21665862202644348	0.7153624892234802	1.1763150691986084	0.7029675245285034	0.2573549449443817	0.6490371823310852	1.3286505937576294	0.0	0.0	0.0	0.36604970693588257	0.0	0.0	1.3376022577285767	0.37923818826675415	0.0	0.0	0.4223310053348541	1.3491532802581787	0.48807770013809204	0.0	1.313792109489441	0.4175202548503876	0.2763049304485321	0.0	0.0	0.0	0.500389575958252
1.2112505435943604	0.4512448310852051	0.0	0.8692562580108643	0.0	0.0	2.4311108589172363	0.0	0.6635870933532715	0.0	0.0	0.0	0.36415520310401917	0.0	0.0	0.7667235136032104	0.3971397876739502	0.4973030388355255	0.6742734313011169	0.12217982113361359	0.5285595059394836	0.36298710107803345	0.0	0.4814727306365967	1.394884467124939	0.3169342875480652	0.0	0.0	0.0	0.3832278549671173	0.0	0.6889805793762207	0.0	0.0	0.0	0.8615438938140869	0.21168623864650726	0.6976244449615479	1.1663708686828613	0.7115459442138672	0.24555902183055878	0.6244036555290222	1.283275842666626	0.0	0.0	0.0	0.3431723713874817	0.0	0.0	1.3570277690887451	0.3854979872703552	0.0	0.0	0.45725879073143005	1.3232637643814087	0.45660796761512756	0.0	1.294810175895691	0.37477928400039673	0.3043285012245178	0.0	0.0	0.0	0.4988591969013214
1.2116811275482178	0.42636895179748535	0.0	0.8206608891487122	0.0	0.0	2.4958877563476562	0.0	0.6904908418655396	0.0	0.0	0.0	0.397948682308197	0.0	0.0	0.7939538955688477	0.3109770715236664	0.46937787532806396	0.6689387559890747	0.10851115733385086	0.5316420793533325	0.3437168300151825	0.0	0.5069094300270081	1.3694851398468018	0.31807929277420044	0.0	0.0	0.0	0.369845986366272	0.0	0.6504032015800476	0.0	0.0	0.0	0.8795678019523621	0.21138542890548706	0.6907675862312317	1.1504909992218018	0.6849707961082458	0.27403154969215393	0.6476010680198669	1.3072142601013184	0.0	0.0	0.0	0.423738956451416	0.0	0.0	1.3548486232757568	0.4003244936466217	0.0	0.0	0.42617806792259216	1.336786150932312	0.4685288369655609	0.0	1.3078550100326538	0.39295265078544617	0.2525642514228821	0.0	0.0	0.0	0.49513107538223267
1.208073616027832	0.46991604566574097	0.0	0.8308734893798828	0.0	0.0	2.5448055267333984	0.0	0.6683573126792908	0.0	0.0	0.0	0.37565338611602783	0.0	0.0	0.7522253394126892	0.3310011029243469	0.48519057035446167	0.6812904477119446	0.11354974657297134	0.5211148262023926	0.36871445178985596	0.0	0.4856373071670532	1.3880794048309326	0.30179908871650696	0.0	0.0	0.0	0.3907056152820587	0.0	0.6792017817497253	0.0	0.0	0.0	0.8537408113479614	0.22578349709510803	0.7028745412826538	1.1829442977905273	0.7002046704292297	0.2639921307563782	0.6143698692321777	1.2940406799316406	0.0	0.0	0.0	0.34800249338150024	0.0	0.0	1.353571891784668	0.3680996000766754	0.0	0.0	0.39734354615211487	1.3610011339187622	0.44005119800567627	0.0	1.2954139709472656	0.3891196846961975	0.2685767710208893	0.0	0.0	0.0	0.5117928981781006
1.2529234886169434	0.5162766575813293	0.0	0.9574399590492249	0.0	0.0	2.5134716033935547	0.0	0.6841840744018555	0.0	0.0	0.0	0.3823654353618622	0.0	0.0	0.7693030834197998	0.30048462748527527	0.453564316034317	0.6669346690177917	0.14093329012393951	0.5321653485298157	0.3734382688999176	0.0	0.5989598631858826	1.3752789497375488	0.3507471978664398	0.0	0.0	0.0	0.39721059799194336	0.0	0.6615321040153503	0.0	0.0	0.0	0.8532033562660217	0.27809444069862366	0.7812819480895996	1.1730074882507324	0.7127370238304138	0.2807469964027405	0.6481719613075256	1.3506958484649658	0.0	0.0	0.0	0.3340839147567749	0.0	0.0	1.3441332578659058	0.3822517395019531	0.0	0.0	0.4810248911380768	1.3536878824234009	0.4594700038433075	0.0	1.289270281791687	0.3790734112262726	0.2639544904232025	0.0	0.0	0.0	0.5080838203430176
1.228818416595459	0.4669221341609955	0.0	0.8250004053115845	0.0	0.0	2.5162508487701416	0.0	0.645609974861145	0.0	0.0	0.0	0.38529857993125916	0.0	0.0	0.7499037384986877	0.36388298869132996	0.5099201202392578	0.7104752659797668	0.12285791337490082	0.5223180651664734	0.3858626186847687	0.0	0.4966237246990204	1.3772276639938354	0.31257790327072144	0.0	0.0	0.0	0.42049044370651245	0.0	0.7004783153533936	0.0	0.0	0.0	0.8779779076576233	0.20262281596660614	0.6976556181907654	1.2157487869262695	0.7188267707824707	0.2778699994087219	0.6364221572875977	1.318318486213684	0.0	0.0	0.0	0.34358781576156616	0.0	0.0	1.3499882221221924	0.4654516875743866	0.0	0.0	0.4510379135608673	1.323264718055725	0.4996885061264038	0.0	1.302184820175171	0.38947147130966187	0.30599644780158997	0.0	0.0	0.0	0.49549737572669983
1.234480381011963	0.4926043152809143	0.0	0.9621203541755676	0.0	0.0	2.4804089069366455	0.0	0.691612184047699	0.0	0.0	0.0	0.39578717947006226	0.0	0.0	0.7959860563278198	0.32949307560920715	0.476697713136673	0.7208967804908752	0.1477762907743454	0.5454927086830139	0.38295218348503113	0.0	0.6066223382949829	1.3664840459823608	0.3264538049697876	0.0	0.0	0.0	0.399099200963974	0.0	0.7116041779518127	0.0	0.0	0.0	0.8457322716712952	0.30432072281837463	0.8025205135345459	1.1731840372085571	0.7102464437484741	0.268078088760376	0.6427085399627686	1.3187780380249023	0.0	0.0	0.0	0.36280557513237	0.0	0.0	1.3544617891311646	0.3831719756126404	0.0	0.0	0.5233458280563354	1.323451042175293	0.4781897962093353	0.0	1.2968155145645142	0.3852818012237549	0.3678426742553711	0.0	0.0	0.0	0.5263600945472717
1.2495412826538086	0.45129743218421936	0.0	0.8426082730293274	0.0	0.0	2.531388759613037	0.0	0.7019896507263184	0.0	0.0	0.0	0.3971244692802429	0.0	0.0	0.7797662019729614	0.3200622498989105	0.4650113880634308	0.6764889359474182	0.13712099194526672	0.5245524048805237	0.3723072409629822	0.0	0.5151895880699158	1.38541841506958	0.3158740699291229	0.0	0.0	0.0	0.40765005350112915	0.0	0.6670113205909729	0.0	0.0	0.0	0.8795490264892578	0.40646159648895264	0.7220036387443542	1.1827077865600586	0.706165611743927	0.27003198862075806	0.6610215902328491	1.3126113414764404	0.0	0.0	0.0	0.3472013771533966	0.0	0.0	1.3501896858215332	0.4563504457473755	0.0	0.0	0.4247782230377197	1.3505959510803223	0.44447755813598633	0.0	1.3086541891098022	0.3740910291671753	0.2521074414253235	0.0	0.0	0.0	0.5300145745277405
1.2567038536071777	0.47875186800956726	0.0	0.8713098168373108	0.0	0.0	2.4999327659606934	0.0	0.6813108325004578	0.0	0.0	0.0	0.37025904655456543	0.0	0.0	0.8167261481285095	0.31583935022354126	0.48461461067199707	0.6945028305053711	0.1439255326986313	0.5308240056037903	0.370278924703598	0.0	0.49245041608810425	1.4090917110443115	0.29047754406929016	0.0	0.0	0.0	0.3735990822315216	0.0	0.659195601940155	0.0	0.0	0.0	0.8549994826316833	0.2252432405948639	0.7217124700546265	1.1826637983322144	0.7027918100357056	0.26883694529533386	0.6438779830932617	1.2951958179473877	0.0	0.0	0.0	0.38411882519721985	0.0	0.0	1.379206657409668	0.4034883379936218	0.0	0.0	0.4169268012046814	1.339450478553772	0.45108968019485474	0.0	1.2997008562088013	0.4075219929218292	0.33387699723243713	0.0	0.0	0.0	0.5145553946495056
1.215550422668457	0.4623868465423584	0.0	0.913811445236206	0.0	0.0	2.5327413082122803	0.0	0.7562996745109558	0.0	0.0	0.0	0.4228361248970032	0.0	0.0	0.7903364896774292	0.3219244182109833	0.47559624910354614	0.6789125204086304	0.14627499878406525	0.5897253155708313	0.3592599928379059	0.0	0.5181844234466553	1.3839353322982788	0.2879239320755005	0.0	0.0	0.0	0.36045706272125244	0.0	0.6657921671867371	0.0	0.0	0.0	0.8461180925369263	0.3890645503997803	0.728364884853363	1.1562939882278442	0.7123695611953735	0.26793307065963745	0.6240696907043457	1.2819063663482666	0.0	0.0	0.0	0.3931383788585663	0.0	0.0	1.4269715547561646	0.38438013195991516	0.0	0.0	0.4149996340274811	1.3393898010253906	0.43954187631607056	0.0	1.2953801155090332	0.4357125461101532	0.2768174707889557	0.0	0.0	0.0	0.5202850103378296
1.2628906965255737	0.4340056777000427	0.0	0.8279016017913818	0.0	0.0	2.4615581035614014	0.0	0.6649173498153687	0.0	0.0	0.0	0.39269301295280457	0.0	0.0	0.7472914457321167	0.3256876468658447	0.481595903635025	0.6923453211784363	0.09656573086977005	0.5323730111122131	0.40617573261260986	0.0	0.4909983277320862	1.386089563369751	0.2886590361595154	0.0	0.0	0.0	0.42852523922920227	0.0	0.6699115633964539	0.0	0.0	0.0	0.8673303723335266	0.23396624624729156	0.7076814770698547	1.1667388677597046	0.7083112001419067	0.2662498354911804	0.6474407911300659	1.351749062538147	0.0	0.0	0.0	0.34113457798957825	0.0	0.0	1.3546525239944458	0.38875994086265564	0.0	0.0	0.44264915585517883	1.3154900074005127	0.45114532113075256	0.0	1.2688833475112915	0.3860786557197571	0.2803443670272827	0.0	0.0	0.0	0.5474628806114197
1.238296627998352	0.4826655387878418	0.0	0.8115801811218262	0.0	0.0	2.5344009399414062	0.0	0.6783372163772583	0.0	0.0	0.0	0.3903019428253174	0.0	0.0	0.7907010316848755	0.32776546478271484	0.47794896364212036	0.6825536489486694	0.14578977227210999	0.5895984768867493	0.3694247603416443	0.0	0.47749853134155273	1.3786334991455078	0.31658312678337097	0.0	0.0	0.0	0.3612135052680969	0.0	0.6473950147628784	0.0	0.0	0.0	0.8836472034454346	0.3158906400203705	0.7141289710998535	1.182098388671875	0.6777545213699341	0.2711997330188751	0.6168824434280396	1.2942464351654053	0.0	0.0	0.0	0.3828829228878021	0.0	0.0	1.3488656282424927	0.4643876850605011	0.0	0.0	0.41604286432266235	1.344887375831604	0.4490741789340973	0.0	1.3101738691329956	0.40684059262275696	0.289205938577652	0.0	0.0	0.0	0.5587864518165588
1.2115283012390137	0.4610600471496582	0.0	0.8682414889335632	0.0	0.0	2.53418231010437	0.0	0.6676502823829651	0.0	0.0	0.0	0.3787393569946289	0.0	0.0	0.7790319323539734	0.3124653995037079	0.5505465269088745	0.7136969566345215	0.13130074739456177	0.5195965766906738	0.3982214331626892	0.0	0.47270500659942627	1.3578466176986694	0.3129376471042633	0.0	0.0	0.0	0.41345107555389404	0.0	0.6428280472755432	0.0	0.0	0.0	0.8273113369941711	0.2321482002735138	0.7260436415672302	1.1716327667236328	0.7141468524932861	0.2701176106929779	0.6351926326751709	1.2722607851028442	0.0	0.0	0.0	0.38209956884384155	0.0	0.0	1.3689279556274414	0.47458216547966003	0.0	0.0	0.4595620036125183	1.3179950714111328	0.4578517973423004	0.0	1.2778656482696533	0.40128520131111145	0.295372873544693	0.0	0.0	0.0	0.49646204710006714
1.2139071226119995	0.48659104108810425	0.0	0.8623913526535034	0.0	0.0	2.5182323455810547	0.0	0.6607615351676941	0.0	0.0	0.0	0.3929295539855957	0.0	0.0	0.7656736373901367	0.3291073143482208	0.47221729159355164	0.7053441405296326	0.0986047089099884	0.5796698331832886	0.35360047221183777	0.0	0.49732285737991333	1.3716665506362915	0.35524895787239075	0.0	0.0	0.0	0.40271636843681335	0.0	0.6768345832824707	0.0	0.0	0.0	0.8618413209915161	0.20262208580970764	0.7054173946380615	1.177005410194397	0.7048999667167664	0.31438976526260376	0.6413313746452332	1.3231981992721558	0.0	0.0	0.0	0.39607369899749756	0.0	0.0	1.3865233659744263	0.37419167160987854	0.0	0.0	0.4428841769695282	1.3440616130828857	0.4834670126438141	0.0	1.2672760486602783	0.4149027466773987	0.2749159038066864	0.0	0.0	0.0	0.5367138385772705
1.2063159942626953	0.4530167579650879	0.0	0.8441919088363647	0.0	0.0	2.4736340045928955	0.0	0.6791087985038757	0.0	0.0	0.0	0.3732278048992157	0.0	0.0	0.7641269564628601	0.3504679203033447	0.47208309173583984	0.6598342061042786	0.10871998220682144	0.5162898302078247	0.365888386964798	0.0	0.5090985894203186	1.3718571662902832	0.3203904628753662	0.0	0.0	0.0	0.4081881046295166	0.0	0.6605157852172852	0.0	0.0	0.0	0.8518487811088562	0.22124767303466797	0.7016697525978088	1.195859432220459	0.72358638048172	0.30085882544517517	0.6442553997039795	1.3226642608642578	0.0	0.0	0.0	0.3713494837284088	0.0	0.0	1.3642990589141846	0.35299035906791687	0.0	0.0	0.4385317862033844	1.336965560913086	0.4451497197151184	0.0	1.2963894605636597	0.3716592788696289	0.24417944252490997	0.0	0.0	0.0	0.4961332082748413
1.257306694984436	0.47562697529792786	0.0	0.8540945649147034	0.0	0.0	2.481826066970825	0.0	0.6719651818275452	0.0	0.0	0.0	0.3858594298362732	0.0	0.0	0.750737726688385	0.3560052514076233	0.4842368960380554	0.6943414211273193	0.16248181462287903	0.5377623438835144	0.3841514587402344	0.0	0.4844681918621063	1.3972344398498535	0.2972835302352905	0.0	0.0	0.0	0.398943692445755	0.0	0.678575873374939	0.0	0.0	0.0	0.866387128829956	0.23753629624843597	0.7112851738929749	1.1828001737594604	0.7076678276062012	0.27671048045158386	0.6732988357543945	1.3397456407546997	0.0	0.0	0.0	0.3566548228263855	0.0	0.0	1.3427385091781616	0.3872638940811157	0.0	0.0	0.43276873230934143	1.3567639589309692	0.4800213575363159	0.0	1.2948378324508667	0.38866227865219116	0.260254830121994	0.0	0.0	0.0	0.5264662504196167
1.2384034395217896	0.44323980808258057	0.0	0.8545240759849548	0.0	0.0	2.569300651550293	0.0	0.6587622165679932	0.0	0.0	0.0	0.375660240650177	0.0	0.0	0.7805247902870178	0.3521728813648224	0.45146673917770386	0.71405029296875	0.12224351614713669	0.535210132598877	0.35078930854797363	0.0	0.5070512294769287	1.397807002067566	0.32211074233055115	0.0	0.0	0.0	0.4048171043395996	0.0	0.655454695224762	0.0	0.0	0.0	0.840384840965271	0.22330786287784576	0.728222131729126	1.1923774480819702	0.7049237489700317	0.24443668127059937	0.6535049676895142	1.336698055267334	0.0	0.0	0.0	0.40451279282569885	0.0	0.0	1.3432263135910034	0.38017430901527405	0.0	0.0	0.43315359950065613	1.332181692123413	0.4724096953868866	0.0	1.3044703006744385	0.39335060119628906	0.2847277522087097	0.0	0.0	0.0	0.5040420889854431
1.2866425514221191	0.45823049545288086	0.0	0.9586694836616516	0.0	0.0	2.4628257751464844	0.0	0.6646081209182739	0.0	0.0	0.0	0.38535386323928833	0.0	0.0	0.7842621207237244	0.3470160663127899	0.46542203426361084	0.677888810634613	0.1293327659368515	0.5500531792640686	0.37411782145500183	0.0	0.5876904129981995	1.3856920003890991	0.29319411516189575	0.0	0.0	0.0	0.3984607756137848	0.0	0.6689615845680237	0.0	0.0	0.0	0.8724857568740845	0.2714971601963043	0.7717419266700745	1.170079231262207	0.7187740802764893	0.2587161958217621	0.6508927941322327	1.3079344034194946	0.0	0.0	0.0	0.3530958592891693	0.0	0.0	1.3491153717041016	0.40732091665267944	0.0	0.0	0.4863077402114868	1.3243829011917114	0.4341142475605011	0.0	1.275235891342163	0.36840394139289856	0.25770464539527893	0.0	0.0	0.0	0.5396363139152527
1.2246952056884766	0.49351218342781067	0.0	0.8527501821517944	0.0	0.0	2.497196674346924	0.0	0.6635569930076599	0.0	0.0	0.0	0.42795756459236145	0.0	0.0	0.8035624027252197	0.32773828506469727	0.48399919271469116	0.6923215985298157	0.14687655866146088	0.5889397263526917	0.3698352575302124	0.0	0.49011996388435364	1.3860288858413696	0.3180626928806305	0.0	0.0	0.0	0.39224979281425476	0.0	0.6556389927864075	0.0	0.0	0.0	0.8977857232093811	0.22632981836795807	0.7107323408126831	1.2069100141525269	0.7100937366485596	0.2647554278373718	0.6253371238708496	1.3033004999160767	0.0	0.0	0.0	0.3540004789829254	0.0	0.0	1.3402901887893677	0.39324456453323364	0.0	0.0	0.4118483364582062	1.3615095615386963	0.4642292559146881	0.0	1.3273906707763672	0.41832152009010315	0.31983867287635803	0.0	0.0	0.0	0.5782827138900757
1.2230572700500488	0.4650331735610962	0.0	0.9618678689002991	0.0	0.0	2.5416676998138428	0.0	0.6848253011703491	0.0	0.0	0.0	0.39133742451667786	0.0	0.0	0.8048146367073059	0.32369667291641235	0.474552720785141	0.6990500688552856	0.12988771498203278	0.5608135461807251	0.37882184982299805	0.0	0.6029954552650452	1.395175576210022	0.3247871398925781	0.0	0.0	0.0	0.3970873951911926	0.0	0.661384105682373	0.0	0.0	0.0	0.8671820163726807	0.29465383291244507	0.7930066585540771	1.2040022611618042	0.7475851774215698	0.2552753984928131	0.6496198177337646	1.2868785858154297	0.0	0.0	0.0	0.3742864727973938	0.0	0.0	1.3724749088287354	0.3600883185863495	0.0	0.0	0.4976457953453064	1.325344443321228	0.450649231672287	0.0	1.3138601779937744	0.393441766500473	0.2824002802371979	0.0	0.0	0.0	0.5257406830787659
1.2306296825408936	0.43433377146720886	0.0	0.8223372101783752	0.0	0.0	2.5283772945404053	0.0	0.6841921210289001	0.0	0.0	0.0	0.3733072578907013	0.0	0.0	0.7833199501037598	0.32711338996887207	0.45764631032943726	0.6833025813102722	0.10784829407930374	0.565577507019043	0.394547700881958	0.0	0.4985685348510742	1.3769174814224243	0.2914009392261505	0.0	0.0	0.0	0.38978758454322815	0.0	0.6741347908973694	0.0	0.0	0.0	0.8682191967964172	0.23310880362987518	0.6918778419494629	1.1679840087890625	0.7101516723632812	0.27003058791160583	0.6617606282234192	1.2961935997009277	0.0	0.0	0.0	0.39152708649635315	0.0	0.0	1.4138424396514893	0.4749011993408203	0.0	0.0	0.412844181060791	1.3099315166473389	0.44055742025375366	0.0	1.333874225616455	0.40428030490875244	0.2794185280799866	0.0	0.0	0.0	0.5129127502441406
1.2466050386428833	0.47775909304618835	0.0	0.9132457971572876	0.0	0.0	2.5031917095184326	0.0	0.6945971250534058	0.0	0.0	0.0	0.41144195199012756	0.0	0.0	0.7902956604957581	0.3130638003349304	0.4830988645553589	0.6792086362838745	0.1240445226430893	0.5760103464126587	0.3494352102279663	0.0	0.518940806388855	1.400023341178894	0.3193419575691223	0.0	0.0	0.0	0.38203439116477966	0.0	0.6526906490325928	0.0	0.0	0.0	0.8484320640563965	0.30542802810668945	0.7273173332214355	1.1958309412002563	0.7102850079536438	0.22549095749855042	0.6643283367156982	1.330289602279663	0.0	0.0	0.0	0.39191997051239014	0.0	0.0	1.4627339839935303	0.5129182934761047	0.0	0.0	0.420742005109787	1.3809595108032227	0.4739910662174225	0.0	1.3062803745269775	0.44701528549194336	0.29792556166648865	0.0	0.0	0.0	0.4907122552394867
1.2270774841308594	0.4303808808326721	0.0	0.8209794759750366	0.0	0.0	2.54032039642334	0.0	0.6440064311027527	0.0	0.0	0.0	0.3569125533103943	0.0	0.0	0.7805918455123901	0.31362205743789673	0.48430123925209045	0.6992665529251099	0.13876250386238098	0.5382187366485596	0.3761459290981293	0.0	0.47253552079200745	1.4222404956817627	0.3139077126979828	0.0	0.0	0.0	0.37560975551605225	0.0	0.6422876715660095	0.0	0.0	0.0	0.8525906205177307	0.20823527872562408	0.7141401767730713	1.1594054698944092	0.7221996784210205	0.24681809544563293	0.649852454662323	1.3394277095794678	0.0	0.0	0.0	0.38373059034347534	0.0	0.0	1.3447189331054688	0.3798378109931946	0.0	0.0	0.4283692538738251	1.3586302995681763	0.44638529419898987	0.0	1.2804985046386719	0.39183375239372253	0.27845948934555054	0.0	0.0	0.0	0.49055585265159607
1.217729091644287	0.43599554896354675	0.0	0.832149088382721	0.0	0.0	2.4522011280059814	0.0	0.6596689224243164	0.0	0.0	0.0	0.3773959279060364	0.0	0.0	0.7891538143157959	0.3117087483406067	0.4607119858264923	0.6875562071800232	0.11719842255115509	0.5637864470481873	0.35902518033981323	0.0	0.49163827300071716	1.3588331937789917	0.2759835720062256	0.0	0.0	0.0	0.39887651801109314	0.0	0.6519792675971985	0.0	0.0	0.0	0.8251588940620422	0.20202451944351196	0.7096360325813293	1.174179196357727	0.7051798105239868	0.2583009600639343	0.648848831653595	1.3088486194610596	0.0	0.0	0.0	0.3807846009731293	0.0	0.0	1.3368349075317383	0.3675045669078827	0.0	0.0	0.4269237220287323	1.3003193140029907	0.4565045237541199	0.0	1.3018944263458252	0.3867211639881134	0.2675107717514038	0.0	0.0	0.0	0.5102332830429077
1.247795820236206	0.442381352186203	0.0	0.9047489166259766	0.0	0.0	2.52268648147583	0.0	0.7053709030151367	0.0	0.0	0.0	0.43995848298072815	0.0	0.0	0.8310965895652771	0.3140007555484772	0.46403202414512634	0.7255957722663879	0.1238301694393158	0.5966942310333252	0.35074812173843384	0.0	0.5364314317703247	1.3790054321289062	0.2964833974838257	0.0	0.0	0.0	0.4012742042541504	0.0	0.6596682071685791	0.0	0.0	0.0	0.8510517477989197	0.22744521498680115	0.7338980436325073	1.1743439435958862	0.720022976398468	0.2558213472366333	0.627217710018158	1.3190864324569702	0.0	0.0	0.0	0.4060628116130829	0.0	0.0	1.4606066942214966	0.375822514295578	0.0	0.0	0.4394287168979645	1.3334070444107056	0.4731885492801666	0.0	1.2846901416778564	0.4752366244792938	0.2787587344646454	0.0	0.0	0.0	0.502669632434845
1.2000173330307007	0.45488837361335754	0.0	0.8326017260551453	0.0	0.0	2.4424526691436768	0.0	0.6757243275642395	0.0	0.0	0.0	0.38944706320762634	0.0	0.0	0.7614721655845642	0.36422398686408997	0.48118555545806885	0.6846953630447388	0.11957523971796036	0.5346702933311462	0.37204810976982117	0.0	0.4848271906375885	1.3939039707183838	0.31070032715797424	0.0	0.0	0.0	0.3950177729129791	0.0	0.6539229154586792	0.0	0.0	0.0	0.8647195100784302	0.23624414205551147	0.7373598217964172	1.1674422025680542	0.7446828484535217	0.26195046305656433	0.6157263517379761	1.3148924112319946	0.0	0.0	0.0	0.36054539680480957	0.0	0.0	1.3690345287322998	0.3891502320766449	0.0	0.0	0.43753230571746826	1.3227037191390991	0.45112118124961853	0.0	1.2934831380844116	0.37575995922088623	0.26366305351257324	0.0	0.0	0.0	0.5108903050422668
1.2229208946228027	0.4755256772041321	0.0	0.8674718141555786	0.0	0.0	2.499324083328247	0.0	0.7178991436958313	0.0	0.0	0.0	0.3631357252597809	0.0	0.0	0.7617312073707581	0.3232678174972534	0.524401068687439	0.7107879519462585	0.15787091851234436	0.5278893709182739	0.37995845079421997	0.0	0.4723645746707916	1.3669261932373047	0.36618340015411377	0.0	0.0	0.0	0.40684160590171814	0.0	0.698336124420166	0.0	0.0	0.0	0.851949155330658	0.3857076168060303	0.7234535813331604	1.194109559059143	0.6998835206031799	0.3173616826534271	0.6340628862380981	1.3566128015518188	0.0	0.0	0.0	0.3366606533527374	0.0	0.0	1.3510496616363525	0.4795440137386322	0.0	0.0	0.4496321678161621	1.3544598817825317	0.5132631063461304	0.0	1.2719054222106934	0.4171912968158722	0.31011661887168884	0.0	0.0	0.0	0.4996799826622009
1.270024061203003	0.4636431336402893	0.0	0.8147821426391602	0.0	0.0	2.536360502243042	0.0	0.6464821696281433	0.0	0.0	0.0	0.3823893666267395	0.0	0.0	0.7903433442115784	0.31381645798683167	0.49210578203201294	0.6808726787567139	0.1436142474412918	0.5275630950927734	0.36294737458229065	0.0	0.4771046042442322	1.4047834873199463	0.28362151980400085	0.0	0.0	0.0	0.38216477632522583	0.0	0.6684817671775818	0.0	0.0	0.0	0.8827173709869385	0.2366555780172348	0.7112818360328674	1.1848679780960083	0.698857843875885	0.2538081407546997	0.6562846302986145	1.3021174669265747	0.0	0.0	0.0	0.33335980772972107	0.0	0.0	1.3365695476531982	0.4309578239917755	0.0	0.0	0.42236328125	1.3540457487106323	0.4407433271408081	0.0	1.2962993383407593	0.3875504732131958	0.25002923607826233	0.0	0.0	0.0	0.4990161657333374
1.257156252861023	0.4504702389240265	0.0	0.9401089549064636	0.0	0.0	2.469060182571411	0.0	0.6815255284309387	0.0	0.0	0.0	0.3856789767742157	0.0	0.0	0.7783088088035583	0.3396756649017334	0.5174965858459473	0.7212591171264648	0.14440998435020447	0.5526160597801208	0.3965628445148468	0.0	0.582197904586792	1.3765531778335571	0.3088301718235016	0.0	0.0	0.0	0.3860214054584503	0.0	0.6804647445678711	0.0	0.0	0.0	0.8698779940605164	0.28063616156578064	0.7731988430023193	1.2023108005523682	0.716195285320282	0.2661953270435333	0.638805091381073	1.3387339115142822	0.0	0.0	0.0	0.39123567938804626	0.0	0.0	1.340612769126892	0.38346409797668457	0.0	0.0	0.45284539461135864	1.3182469606399536	0.457078218460083	0.0	1.290115475654602	0.38886427879333496	0.3413197994232178	0.0	0.0	0.0	0.5018138289451599
1.2518237829208374	0.4841642379760742	0.0	0.8967416286468506	0.0	0.0	2.6877963542938232	0.0	0.669522762298584	0.0	0.0	0.0	0.4570489227771759	0.0	0.0	0.8609849810600281	0.3201189339160919	0.5074660181999207	0.6982366442680359	0.12478671222925186	0.6230277419090271	0.40030232071876526	0.0	0.5799102783203125	1.3987338542938232	0.378447026014328	0.0	0.0	0.0	0.3983021080493927	0.0	0.6800592541694641	0.0	0.0	0.0	0.8744660019874573	0.25043174624443054	0.7376518845558167	1.2166695594787598	0.7151643633842468	0.30241984128952026	0.6509725451469421	1.3149535655975342	0.0	0.0	0.0	0.37510621547698975	0.0	0.0	1.4964349269866943	0.3618062138557434	0.0	0.0	0.4492298662662506	1.3649699687957764	0.5120140314102173	0.0	1.3198938369750977	0.4603573679924011	0.27108025550842285	0.0	0.0	0.0	0.512682318687439
1.2350711822509766	0.5189641118049622	0.0	0.8855655193328857	0.0	0.0	2.5299623012542725	0.0	0.6670691967010498	0.0	0.0	0.0	0.4043715000152588	0.0	0.0	0.7614198327064514	0.3565696179866791	0.4976132810115814	0.6796950101852417	0.13442851603031158	0.5780999064445496	0.35641464591026306	0.0	0.5255658030509949	1.4226858615875244	0.32351189851760864	0.0	0.0	0.0	0.3984960615634918	0.0	0.6685760617256165	0.0	0.0	0.0	0.9099645018577576	0.4038815498352051	0.7463974356651306	1.2250503301620483	0.7308641672134399	0.2612142562866211	0.6232439279556274	1.3253382444381714	0.0	0.0	0.0	0.3843459486961365	0.0	0.0	1.3470646142959595	0.36171799898147583	0.0	0.0	0.4266471266746521	1.3926862478256226	0.4477992653846741	0.0	1.3388811349868774	0.3693982660770416	0.2833021879196167	0.0	0.0	0.0	0.5012479424476624
1.2119115591049194	0.4709257483482361	0.0	0.9580637812614441	0.0	0.0	2.4530680179595947	0.0	0.7056429982185364	0.0	0.0	0.0	0.3776594400405884	0.0	0.0	0.7651476860046387	0.32829853892326355	0.4521865248680115	0.6825225353240967	0.1111496090888977	0.553783655166626	0.3602754473686218	0.0	0.5582966208457947	1.385105848312378	0.31172889471054077	0.0	0.0	0.0	0.4122759997844696	0.0	0.6663579940795898	0.0	0.0	0.0	0.8429120182991028	0.31792712211608887	0.7027161121368408	1.1782469749450684	0.7303850650787354	0.26204490661621094	0.6396754384040833	1.2815312147140503	0.0	0.0	0.0	0.37823164463043213	0.0	0.0	1.3543829917907715	0.38163137435913086	0.0	0.0	0.5201150178909302	1.3086847066879272	0.43166694045066833	0.0	1.2890347242355347	0.37850046157836914	0.2746732831001282	0.0	0.0	0.0	0.5118224024772644
1.247371792793274	0.4585692882537842	0.0	0.8772321939468384	0.0	0.0	2.570817470550537	0.0	0.6869320273399353	0.0	0.0	0.0	0.41222020983695984	0.0	0.0	0.7750629782676697	0.34022197127342224	0.5159751176834106	0.6969234347343445	0.10803763568401337	0.5530762076377869	0.36592763662338257	0.0	0.5394271016120911	1.4117376804351807	0.35083499550819397	0.0	0.0	0.0	0.3811315894126892	0.0	0.6708648204803467	0.0	0.0	0.0	0.8693481683731079	0.23095235228538513	0.716117799282074	1.1770437955856323	0.753863513469696	0.31685924530029297	0.626934289932251	1.3423537015914917	0.0	0.0	0.0	0.3542226552963257	0.0	0.0	1.3696446418762207	0.37027880549430847	0.0	0.0	0.5110511183738708	1.3836572170257568	0.4823184609413147	0.0	1.324629545211792	0.4262595474720001	0.27588728070259094	0.0	0.0	0.0	0.5596360564231873
1.2377574443817139	0.4346308410167694	0.0	0.8201262950897217	0.0	0.0	2.488684892654419	0.0	0.6964215636253357	0.0	0.0	0.0	0.3974205255508423	0.0	0.0	0.8044095039367676	0.3286641240119934	0.4535747766494751	0.6770815253257751	0.10971709340810776	0.536102294921875	0.3695775270462036	0.0	0.5152341723442078	1.3806676864624023	0.3205360174179077	0.0	0.0	0.0	0.360463947057724	0.0	0.6623432040214539	0.0	0.0	0.0	0.8448588848114014	0.37835392355918884	0.6994399428367615	1.1621426343917847	0.6989164352416992	0.2879481613636017	0.64101642370224	1.3283870220184326	0.0	0.0	0.0	0.3519476056098938	0.0	0.0	1.378433108329773	0.4445823132991791	0.0	0.0	0.4183589816093445	1.345265507698059	0.4631703197956085	0.0	1.306020736694336	0.38896358013153076	0.25821825861930847	0.0	0.0	0.0	0.5009819865226746
1.1931238174438477	0.4565846920013428	0.0	0.8303720355033875	0.0	0.0	2.513132095336914	0.0	0.6677654385566711	0.0	0.0	0.0	0.40725862979888916	0.0	0.0	0.7709130048751831	0.34889715909957886	0.48014530539512634	0.71992427110672	0.108888640999794	0.5307384729385376	0.4053947925567627	0.0	0.5111353397369385	1.4098807573318481	0.29925474524497986	0.0	0.0	0.0	0.3968835175037384	0.0	0.663074791431427	0.0	0.0	0.0	0.8961870074272156	0.21443113684654236	0.709411084651947	1.1642091274261475	0.7296209335327148	0.2698301076889038	0.6534500122070312	1.334804892539978	0.0	0.0	0.0	0.3651101291179657	0.0	0.0	1.3324897289276123	0.4257165193557739	0.0	0.0	0.4291625916957855	1.3417612314224243	0.45724883675575256	0.0	1.3009052276611328	0.379855751991272	0.2633766829967499	0.0	0.0	0.0	0.5093784928321838
1.2216256856918335	0.4351949989795685	0.0	0.8336665630340576	0.0	0.0	2.485483407974243	0.0	0.6634009480476379	0.0	0.0	0.0	0.36942216753959656	0.0	0.0	0.8036218881607056	0.32138729095458984	0.4882247745990753	0.7084760665893555	0.12016747891902924	0.5307542681694031	0.3761845529079437	0.0	0.4730106294155121	1.398188591003418	0.3028648793697357	0.0	0.0	0.0	0.3885384798049927	0.0	0.6843907833099365	0.0	0.0	0.0	0.8691600561141968	0.22115065157413483	0.7114859223365784	1.198676586151123	0.7206373810768127	0.25788259506225586	0.6506354808807373	1.3229751586914062	0.0	0.0	0.0	0.3677895665168762	0.0	0.0	1.3191649913787842	0.39809590578079224	0.0	0.0	0.4100174903869629	1.3161119222640991	0.46074578166007996	0.0	1.2951284646987915	0.3840733766555786	0.31221961975097656	0.0	0.0	0.0	0.4911324977874756
1.2197719812393188	0.440461665391922	0.0	0.8292292356491089	0.0	0.0	2.4819939136505127	0.0	0.6595297455787659	0.0	0.0	0.0	0.3817656934261322	0.0	0.0	0.7840715050697327	0.3353058993816376	0.4789942502975464	0.6749972105026245	0.10974603146314621	0.512532114982605	0.3631270229816437	0.0	0.5014678239822388	1.3681949377059937	0.2973189651966095	0.0	0.0	0.0	0.3771164119243622	0.0	0.6651114225387573	0.0	0.0	0.0	0.8614262342453003	0.21896351873874664	0.701530396938324	1.1803585290908813	0.6873111128807068	0.3053833544254303	0.6218615174293518	1.3021714687347412	0.0	0.0	0.0	0.3641432225704193	0.0	0.0	1.371506690979004	0.3918922543525696	0.0	0.0	0.41735464334487915	1.3254408836364746	0.45482656359672546	0.0	1.3154613971710205	0.3871452510356903	0.26036402583122253	0.0	0.0	0.0	0.5058618187904358
1.207410454750061	0.4369991719722748	0.0	0.8272993564605713	0.0	0.0	2.4956459999084473	0.0	0.6716564893722534	0.0	0.0	0.0	0.3831576406955719	0.0	0.0	0.7773733735084534	0.3220832347869873	0.4744880199432373	0.6863391995429993	0.11502032727003098	0.5320973992347717	0.35409030318260193	0.0	0.534268856048584	1.3602861166000366	0.31412094831466675	0.0	0.0	0.0	0.42237135767936707	0.0	0.6694045662879944	0.0	0.0	0.0	0.8423516154289246	0.21653757989406586	0.6984474658966064	1.1974842548370361	0.7464954257011414	0.2929888963699341	0.6640845537185669	1.3838850259780884	0.0	0.0	0.0	0.38174909353256226	0.0	0.0	1.338807463645935	0.38302499055862427	0.0	0.0	0.4551575183868408	1.32017982006073	0.5010747909545898	0.0	1.2911243438720703	0.3819679021835327	0.26466694474220276	0.0	0.0	0.0	0.5265047550201416
1.224759817123413	0.44002267718315125	0.0	0.8548395037651062	0.0	0.0	2.5022552013397217	0.0	0.6590366363525391	0.0	0.0	0.0	0.3679659962654114	0.0	0.0	0.7705497741699219	0.37248265743255615	0.4945831894874573	0.7103004455566406	0.13955414295196533	0.5632585287094116	0.3572199046611786	0.0	0.4784677028656006	1.3756473064422607	0.3545982837677002	0.0	0.0	0.0	0.3911333382129669	0.0	0.6839640736579895	0.0	0.0	0.0	0.8527546525001526	0.202842578291893	0.6983253955841064	1.1610503196716309	0.7074668407440186	0.2962438464164734	0.6302591562271118	1.3072937726974487	0.0	0.0	0.0	0.3880881369113922	0.0	0.0	1.3365936279296875	0.3623150587081909	0.0	0.0	0.4507606625556946	1.3284510374069214	0.42996537685394287	0.0	1.3058874607086182	0.43730124831199646	0.2867863178253174	0.0	0.0	0.0	0.49806395173072815
1.2014738321304321	0.43581804633140564	0.0	0.8344977498054504	0.0	0.0	2.480048656463623	0.0	0.6869746446609497	0.0	0.0	0.0	0.3591074049472809	0.0	0.0	0.7523291110992432	0.31406688690185547	0.49310341477394104	0.6698360443115234	0.11867255717515945	0.5277460813522339	0.3779839277267456	0.0	0.47135013341903687	1.3741616010665894	0.3267967700958252	0.0	0.0	0.0	0.37742599844932556	0.0	0.6673188805580139	0.0	0.0	0.0	0.8446921110153198	0.23199217021465302	0.7626984119415283	1.1959456205368042	0.7050612568855286	0.29013869166374207	0.6156413555145264	1.3433992862701416	0.0	0.0	0.0	0.3605423867702484	0.0	0.0	1.338770866394043	0.3584294319152832	0.0	0.0	0.4523201584815979	1.3497394323349	0.4766607880592346	0.0	1.2991573810577393	0.36230170726776123	0.26782530546188354	0.0	0.0	0.0	0.49402016401290894
1.270607829093933	0.4647288918495178	0.0	0.8430169820785522	0.0	0.0	2.4762685298919678	0.0	0.6592857241630554	0.0	0.0	0.0	0.3678865432739258	0.0	0.0	0.7915331125259399	0.3443590998649597	0.4861186444759369	0.6612691879272461	0.13510426878929138	0.5155305862426758	0.35961583256721497	0.0	0.4857228994369507	1.3882845640182495	0.28867119550704956	0.0	0.0	0.0	0.39158567786216736	0.0	0.6555938720703125	0.0	0.0	0.0	0.870410144329071	0.2557508945465088	0.692395031452179	1.1817622184753418	0.6860178709030151	0.2690642178058624	0.6365399956703186	1.2869330644607544	0.0	0.0	0.0	0.3826027810573578	0.0	0.0	1.3528835773468018	0.37934648990631104	0.0	0.0	0.4144030213356018	1.3609238862991333	0.4745505452156067	0.0	1.3023769855499268	0.4123902916908264	0.3026733100414276	0.0	0.0	0.0	0.49892839789390564
1.2119287252426147	0.4634166955947876	0.0	0.8923165202140808	0.0	0.0	2.489442825317383	0.0	0.6932485699653625	0.0	0.0	0.0	0.4290209710597992	0.0	0.0	0.8225743174552917	0.3102898597717285	0.453184574842453	0.6709691882133484	0.10569984465837479	0.6007418632507324	0.3561263084411621	0.0	0.5119748115539551	1.3653019666671753	0.3162623345851898	0.0	0.0	0.0	0.3912654519081116	0.0	0.6566222906112671	0.0	0.0	0.0	0.8719589114189148	0.21702633798122406	0.6983264088630676	1.1479028463363647	0.7290250062942505	0.25212013721466064	0.6290331482887268	1.3128101825714111	0.0	0.0	0.0	0.3585198223590851	0.0	0.0	1.4527589082717896	0.38811010122299194	0.0	0.0	0.42060884833335876	1.3045129776000977	0.43280819058418274	0.0	1.2522263526916504	0.45707371830940247	0.30736300349235535	0.0	0.0	0.0	0.5108486413955688
1.2057387828826904	0.46537521481513977	0.0	1.0205906629562378	0.0	0.0	2.5223779678344727	0.0	0.673831045627594	0.0	0.0	0.0	0.36518290638923645	0.0	0.0	0.7993327379226685	0.3551933467388153	0.4898214340209961	0.7110103964805603	0.14311642944812775	0.5337960720062256	0.38224899768829346	0.0	0.5478148460388184	1.382366418838501	0.3100000023841858	0.0	0.0	0.0	0.3866620361804962	0.0	0.6987419128417969	0.0	0.0	0.0	0.8545070290565491	0.2411913126707077	0.8093093037605286	1.1559895277023315	0.7018634080886841	0.27168285846710205	0.6498324275016785	1.2726303339004517	0.0	0.0	0.0	0.33987531065940857	0.0	0.0	1.341823935508728	0.3853660523891449	0.0	0.0	0.517069935798645	1.3006150722503662	0.46468454599380493	0.0	1.3031514883041382	0.41211315989494324	0.31356558203697205	0.0	0.0	0.0	0.5159602165222168
1.2612993717193604	0.4773501753807068	0.0	0.9767270088195801	0.0	0.0	2.466320753097534	0.0	0.7051538825035095	0.0	0.0	0.0	0.38253483176231384	0.0	0.0	0.7749460339546204	0.32382237911224365	0.5059908628463745	0.7175637483596802	0.14072775840759277	0.5526556968688965	0.3853927552700043	0.0	0.5888228416442871	1.428341269493103	0.29739201068878174	0.0	0.0	0.0	0.3891003429889679	0.0	0.67015540599823	0.0	0.0	0.0	0.8968501687049866	0.2893136143684387	0.7740288376808167	1.1629215478897095	0.7501328587532043	0.27754002809524536	0.6521748304367065	1.3198386430740356	0.0	0.0	0.0	0.35554781556129456	0.0	0.0	1.3148566484451294	0.37672001123428345	0.0	0.0	0.5223466157913208	1.32316255569458	0.46553874015808105	0.0	1.2865054607391357	0.3922382593154907	0.28650209307670593	0.0	0.0	0.0	0.5034961104393005
1.2467671632766724	0.4764649569988251	0.0	0.8327127695083618	0.0	0.0	2.5351617336273193	0.0	0.6823225617408752	0.0	0.0	0.0	0.385616660118103	0.0	0.0	0.7573635578155518	0.31779569387435913	0.4861638844013214	0.6855583786964417	0.12133220583200455	0.5233186483383179	0.3775870203971863	0.0	0.47523197531700134	1.3578532934188843	0.30380305647850037	0.0	0.0	0.0	0.37447357177734375	0.0	0.6853874325752258	0.0	0.0	0.0	0.8659655451774597	0.2464756816625595	0.6968845725059509	1.1894549131393433	0.7122935652732849	0.2705296576023102	0.6471691727638245	1.2846355438232422	0.0	0.0	0.0	0.34687820076942444	0.0	0.0	1.331987738609314	0.48304271697998047	0.0	0.0	0.4321708083152771	1.3366166353225708	0.4724159240722656	0.0	1.2795289754867554	0.37353771924972534	0.26444119215011597	0.0	0.0	0.0	0.5003343820571899
1.2211054563522339	0.4488860070705414	0.0	0.8580063581466675	0.0	0.0	2.4880788326263428	0.0	0.6516627073287964	0.0	0.0	0.0	0.3852291405200958	0.0	0.0	0.7669782042503357	0.3075345456600189	0.5153568983078003	0.6908202767372131	0.10008919984102249	0.5275425910949707	0.35697272419929504	0.0	0.4870328903198242	1.3608253002166748	0.35914668440818787	0.0	0.0	0.0	0.37153974175453186	0.0	0.6751329898834229	0.0	0.0	0.0	0.8437137007713318	0.2082708775997162	0.7183103561401367	1.1654880046844482	0.6915122270584106	0.30913761258125305	0.6112082004547119	1.3190897703170776	0.0	0.0	0.0	0.3969273269176483	0.0	0.0	1.3478776216506958	0.36859241127967834	0.0	0.0	0.42641618847846985	1.3071848154067993	0.4507257342338562	0.0	1.2637754678726196	0.39875108003616333	0.2602454423904419	0.0	0.0	0.0	0.49841639399528503
1.2067030668258667	0.43965208530426025	0.0	0.83409184217453	0.0	0.0	2.4471230506896973	0.0	0.6619582772254944	0.0	0.0	0.0	0.38311767578125	0.0	0.0	0.7605941295623779	0.3251273036003113	0.49985653162002563	0.6979638934135437	0.11800287663936615	0.540017306804657	0.3687950074672699	0.0	0.4810149371623993	1.3614763021469116	0.3022516071796417	0.0	0.0	0.0	0.38726985454559326	0.0	0.701501727104187	0.0	0.0	0.0	0.8355252146720886	0.21339288353919983	0.7039726972579956	1.1820989847183228	0.7242769002914429	0.25040024518966675	0.6382742524147034	1.3023066520690918	0.0	0.0	0.0	0.3780263662338257	0.0	0.0	1.3301013708114624	0.38231831789016724	0.0	0.0	0.4817056655883789	1.3213791847229004	0.4601392149925232	0.0	1.2715191841125488	0.4061758518218994	0.31836527585983276	0.0	0.0	0.0	0.5112460851669312
1.217893123626709	0.4638204872608185	0.0	0.8374411463737488	0.0	0.0	2.5103769302368164	0.0	0.6714490652084351	0.0	0.0	0.0	0.3706711232662201	0.0	0.0	0.7577923536300659	0.3188193440437317	0.48005613684654236	0.6812902092933655	0.12078780680894852	0.5435560941696167	0.34388136863708496	0.0	0.5012121200561523	1.3909226655960083	0.32990455627441406	0.0	0.0	0.0	0.3708798885345459	0.0	0.6663153767585754	0.0	0.0	0.0	0.8623323440551758	0.22888343036174774	0.7123346924781799	1.1760566234588623	0.7122905850410461	0.24989892542362213	0.6386739015579224	1.2931407690048218	0.0	0.0	0.0	0.36153700947761536	0.0	0.0	1.3323489427566528	0.35796210169792175	0.0	0.0	0.4132876396179199	1.335159182548523	0.436003178358078	0.0	1.2806059122085571	0.39308372139930725	0.2822522521018982	0.0	0.0	0.0	0.5198876261711121
1.2163859605789185	0.47308245301246643	0.0	0.8062692880630493	0.0	0.0	2.555494785308838	0.0	0.6546539068222046	0.0	0.0	0.0	0.41762661933898926	0.0	0.0	0.7647860646247864	0.35001328587532043	0.47423261404037476	0.6857239603996277	0.11694355309009552	0.5622465014457703	0.3692770302295685	0.0	0.4856531620025635	1.3693293333053589	0.3017944395542145	0.0	0.0	0.0	0.38150304555892944	0.0	0.6477029323577881	0.0	0.0	0.0	0.8792056441307068	0.20882312953472137	0.7107982635498047	1.1793774366378784	0.7107963562011719	0.3014611005783081	0.6302493810653687	1.2942060232162476	0.0	0.0	0.0	0.33166101574897766	0.0	0.0	1.3458147048950195	0.3652709424495697	0.0	0.0	0.4113045334815979	1.320744514465332	0.4469601511955261	0.0	1.2995647192001343	0.395018994808197	0.31912699341773987	0.0	0.0	0.0	0.5684163570404053
1.2636035680770874	0.46964964270591736	0.0	0.9170527458190918	0.0	0.0	2.5607187747955322	0.0	0.7134481072425842	0.0	0.0	0.0	0.44407597184181213	0.0	0.0	0.7561200857162476	0.33038952946662903	0.48389387130737305	0.7171924114227295	0.11100786179304123	0.6118249893188477	0.36540451645851135	0.0	0.5357199311256409	1.3802567720413208	0.340271532535553	0.0	0.0	0.0	0.38101449608802795	0.0	0.7216699719429016	0.0	0.0	0.0	0.857865035533905	0.37616416811943054	0.7252321243286133	1.2039198875427246	0.702358067035675	0.2567680776119232	0.631269097328186	1.2728551626205444	0.0	0.0	0.0	0.37477171421051025	0.0	0.0	1.4287434816360474	0.39965569972991943	0.0	0.0	0.40816232562065125	1.3388097286224365	0.4824381172657013	0.0	1.3413386344909668	0.46815288066864014	0.30033326148986816	0.0	0.0	0.0	0.5306403636932373
1.2244511842727661	0.4672873318195343	0.0	0.8474123477935791	0.0	0.0	2.5417072772979736	0.0	0.699323832988739	0.0	0.0	0.0	0.40618133544921875	0.0	0.0	0.7828840613365173	0.3282405138015747	0.454811692237854	0.6702286005020142	0.11422807723283768	0.5503445863723755	0.38304319977760315	0.0	0.5190576910972595	1.3935894966125488	0.31009113788604736	0.0	0.0	0.0	0.37773188948631287	0.0	0.6498978137969971	0.0	0.0	0.0	0.8754590749740601	0.22683097422122955	0.6998146772384644	1.188644289970398	0.7065634727478027	0.30427423119544983	0.624815046787262	1.3159573078155518	0.0	0.0	0.0	0.3469233214855194	0.0	0.0	1.3493216037750244	0.36505126953125	0.0	0.0	0.44598388671875	1.3456834554672241	0.45233818888664246	0.0	1.320796251296997	0.40856340527534485	0.2804747521877289	0.0	0.0	0.0	0.5760489702224731
1.2147570848464966	0.4454340636730194	0.0	0.9541214108467102	0.0	0.0	2.539146661758423	0.0	0.6915881633758545	0.0	0.0	0.0	0.36511534452438354	0.0	0.0	0.7686493992805481	0.31643494963645935	0.5221218466758728	0.7022916674613953	0.14239253103733063	0.5338031053543091	0.3562462627887726	0.0	0.5482876896858215	1.3716638088226318	0.372467964887619	0.0	0.0	0.0	0.3807797431945801	0.0	0.6990925669670105	0.0	0.0	0.0	0.8438660502433777	0.28366488218307495	0.7907260656356812	1.1875205039978027	0.7255771160125732	0.2784663140773773	0.6446699500083923	1.3151708841323853	0.0	0.0	0.0	0.37999215722084045	0.0	0.0	1.3601583242416382	0.3585205674171448	0.0	0.0	0.5092595219612122	1.314398169517517	0.45374298095703125	0.0	1.2585439682006836	0.37232276797294617	0.30426743626594543	0.0	0.0	0.0	0.4933983385562897
1.211664080619812	0.47027942538261414	0.0	0.8164368867874146	0.0	0.0	2.521338701248169	0.0	0.6558536291122437	0.0	0.0	0.0	0.3850771486759186	0.0	0.0	0.7816646695137024	0.30626380443573	0.4867039918899536	0.7053549885749817	0.10947427153587341	0.5522310733795166	0.36138230562210083	0.0	0.47426488995552063	1.355074405670166	0.29649415612220764	0.0	0.0	0.0	0.37727293372154236	0.0	0.6884288787841797	0.0	0.0	0.0	0.8552523851394653	0.2209249883890152	0.6866315007209778	1.169202208518982	0.7163050770759583	0.29005494713783264	0.6376718878746033	1.2998268604278564	0.0	0.0	0.0	0.36956506967544556	0.0	0.0	1.313844919204712	0.3760130703449249	0.0	0.0	0.4839290380477905	1.3166292905807495	0.47108832001686096	0.0	1.2945129871368408	0.39059174060821533	0.31709903478622437	0.0	0.0	0.0	0.5132992267608643
1.266544222831726	0.45606037974357605	0.0	0.8465031981468201	0.0	0.0	2.487152338027954	0.0	0.6662946343421936	0.0	0.0	0.0	0.4199613034725189	0.0	0.0	0.7765524387359619	0.3576942980289459	0.4728894531726837	0.7289680242538452	0.14711852371692657	0.5415636301040649	0.35487470030784607	0.0	0.4870118498802185	1.369841456413269	0.2976049482822418	0.0	0.0	0.0	0.3746921718120575	0.0	0.6461265683174133	0.0	0.0	0.0	0.8817064166069031	0.39349862933158875	0.7137306928634644	1.177976369857788	0.7409780621528625	0.2641329765319824	0.651779055595398	1.2858924865722656	0.0	0.0	0.0	0.4032673239707947	0.0	0.0	1.3626811504364014	0.35879412293434143	0.0	0.0	0.4034990072250366	1.3184152841567993	0.4396986961364746	0.0	1.2693114280700684	0.399204820394516	0.27903786301612854	0.0	0.0	0.0	0.5400343537330627
1.215103030204773	0.43218767642974854	0.0	0.904514729976654	0.0	0.0	2.466954231262207	0.0	0.6944461464881897	0.0	0.0	0.0	0.41477280855178833	0.0	0.0	0.8214976787567139	0.32361796498298645	0.48715195059776306	0.6994919776916504	0.10232380032539368	0.585526168346405	0.3526632487773895	0.0	0.5226927995681763	1.3863335847854614	0.323492169380188	0.0	0.0	0.0	0.37476256489753723	0.0	0.6557787656784058	0.0	0.0	0.0	0.8410681486129761	0.23162443935871124	0.7074730396270752	1.167267084121704	0.7060120701789856	0.25591927766799927	0.6195206046104431	1.3241742849349976	0.0	0.0	0.0	0.37330248951911926	0.0	0.0	1.4691693782806396	0.35591229796409607	0.0	0.0	0.4459131062030792	1.364766001701355	0.44795310497283936	0.0	1.3217436075210571	0.48374080657958984	0.2600681483745575	0.0	0.0	0.0	0.506616473197937
1.2167803049087524	0.42979684472084045	0.0	0.8225997686386108	0.0	0.0	2.5187325477600098	0.0	0.6425515413284302	0.0	0.0	0.0	0.41486823558807373	0.0	0.0	0.7681578397750854	0.3617859482765198	0.4748081862926483	0.6756771206855774	0.11623896658420563	0.5405818223953247	0.3729841709136963	0.0	0.5168729424476624	1.3935458660125732	0.29052305221557617	0.0	0.0	0.0	0.3891100287437439	0.0	0.6700630784034729	0.0	0.0	0.0	0.9131717085838318	0.23443543910980225	0.6987971067428589	1.1695855855941772	0.7225931286811829	0.26704859733581543	0.6626462340354919	1.3211028575897217	0.0	0.0	0.0	0.3813627064228058	0.0	0.0	1.371047854423523	0.4554171562194824	0.0	0.0	0.4136045277118683	1.3179175853729248	0.44634154438972473	0.0	1.302133560180664	0.3963654339313507	0.30326300859451294	0.0	0.0	0.0	0.4811680316925049
1.2212142944335938	0.42731034755706787	0.0	0.8196293115615845	0.0	0.0	2.533017635345459	0.0	0.676063597202301	0.0	0.0	0.0	0.36281710863113403	0.0	0.0	0.772701621055603	0.32947877049446106	0.4844452142715454	0.7013237476348877	0.1074504628777504	0.5607832670211792	0.3681226968765259	0.0	0.49335020780563354	1.3920903205871582	0.2888809144496918	0.0	0.0	0.0	0.38676291704177856	0.0	0.6660414338111877	0.0	0.0	0.0	0.8618817329406738	0.22202105820178986	0.719718337059021	1.1732779741287231	0.710191547870636	0.2639318108558655	0.6326240301132202	1.2865313291549683	0.0	0.0	0.0	0.3622007668018341	0.0	0.0	1.3369722366333008	0.35473722219467163	0.0	0.0	0.4398355185985565	1.3497017621994019	0.4397720396518707	0.0	1.2810949087142944	0.3936256468296051	0.274361252784729	0.0	0.0	0.0	0.49265530705451965
1.233206033706665	0.49553945660591125	0.0	0.8632243275642395	0.0	0.0	2.512657403945923	0.0	0.6801956295967102	0.0	0.0	0.0	0.3733995854854584	0.0	0.0	0.7862984538078308	0.36148783564567566	0.48826298117637634	0.6827211976051331	0.11942537873983383	0.5532945394515991	0.3660353422164917	0.0	0.5006446838378906	1.3979315757751465	0.30990439653396606	0.0	0.0	0.0	0.3893336057662964	0.0	0.6580600142478943	0.0	0.0	0.0	0.8533967733383179	0.20333129167556763	0.7185742855072021	1.1983925104141235	0.6879034638404846	0.2594641149044037	0.6250535249710083	1.3594521284103394	0.0	0.0	0.0	0.3494775891304016	0.0	0.0	1.3751753568649292	0.5171644687652588	0.0	0.0	0.4205152988433838	1.3387439250946045	0.47477781772613525	0.0	1.3194365501403809	0.42547136545181274	0.31894782185554504	0.0	0.0	0.0	0.5334818363189697
1.2259293794631958	0.4833926260471344	0.0	0.8639071583747864	0.0	0.0	2.5643417835235596	0.0	0.666277289390564	0.0	0.0	0.0	0.37131181359291077	0.0	0.0	0.763008713722229	0.32199782133102417	0.5422582626342773	0.7167459726333618	0.11719484627246857	0.5673259496688843	0.354106068611145	0.0	0.48617023229599	1.3985896110534668	0.3558051288127899	0.0	0.0	0.0	0.4009127914905548	0.0	0.6817410588264465	0.0	0.0	0.0	0.8570948839187622	0.22618280351161957	0.7285877466201782	1.1896162033081055	0.7070813775062561	0.2893029451370239	0.6573120355606079	1.2990531921386719	0.0	0.0	0.0	0.36409029364585876	0.0	0.0	1.367698073387146	0.3781217932701111	0.0	0.0	0.4315483868122101	1.3417518138885498	0.4359021782875061	0.0	1.2752904891967773	0.3967360258102417	0.25102677941322327	0.0	0.0	0.0	0.4925096035003662
1.2138704061508179	0.4544124901294708	0.0	0.8143498301506042	0.0	0.0	2.506774663925171	0.0	0.6628791689872742	0.0	0.0	0.0	0.37776991724967957	0.0	0.0	0.7643714547157288	0.3854336142539978	0.4782070517539978	0.6798001527786255	0.11200733482837677	0.5455541014671326	0.37250056862831116	0.0	0.48995763063430786	1.3842716217041016	0.29671305418014526	0.0	0.0	0.0	0.36670127511024475	0.0	0.6704062223434448	0.0	0.0	0.0	0.8676599860191345	0.2457028180360794	0.7331494092941284	1.1803988218307495	0.7053529620170593	0.24542780220508575	0.6224631667137146	1.3218238353729248	0.0	0.0	0.0	0.3668923079967499	0.0	0.0	1.3410426378250122	0.3628329038619995	0.0	0.0	0.4719749689102173	1.3486180305480957	0.44463515281677246	0.0	1.2941075563430786	0.3779301047325134	0.2734696567058563	0.0	0.0	0.0	0.4956756830215454
1.218857765197754	0.46524450182914734	0.0	0.90252685546875	0.0	0.0	2.4745233058929443	0.0	0.6976684331893921	0.0	0.0	0.0	0.41433700919151306	0.0	0.0	0.8312857747077942	0.3173425495624542	0.44759202003479004	0.6595332026481628	0.10813047736883163	0.5784297585487366	0.39696595072746277	0.0	0.5309492945671082	1.4020514488220215	0.3259536027908325	0.0	0.0	0.0	0.4092738628387451	0.0	0.6430115699768066	0.0	0.0	0.0	0.8476475477218628	0.37818458676338196	0.7436991333961487	1.1847795248031616	0.7131097316741943	0.2619127929210663	0.6453645825386047	1.2705334424972534	0.0	0.0	0.0	0.3890286684036255	0.0	0.0	1.5077519416809082	0.37037134170532227	0.0	0.0	0.4026833176612854	1.3623876571655273	0.45710277557373047	0.0	1.2737051248550415	0.4847126603126526	0.241597518324852	0.0	0.0	0.0	0.5032150745391846
1.2266077995300293	0.4511575698852539	0.0	0.8325414657592773	0.0	0.0	2.5555613040924072	0.0	0.6485591530799866	0.0	0.0	0.0	0.35860052704811096	0.0	0.0	0.7773115634918213	0.31814977526664734	0.4740220606327057	0.6862673759460449	0.15916983783245087	0.5065203905105591	0.3942035436630249	0.0	0.4729281961917877	1.3785300254821777	0.30515769124031067	0.0	0.0	0.0	0.3907952904701233	0.0	0.6947136521339417	0.0	0.0	0.0	0.8703154921531677	0.21013739705085754	0.6989513039588928	1.1799485683441162	0.7195510268211365	0.27892038226127625	0.6358975768089294	1.3131095170974731	0.0	0.0	0.0	0.35521185398101807	0.0	0.0	1.3461048603057861	0.39639729261398315	0.0	0.0	0.41851112246513367	1.3417476415634155	0.4653055667877197	0.0	1.2792408466339111	0.41779324412345886	0.29267507791519165	0.0	0.0	0.0	0.49007344245910645
1.2483289241790771	0.43934863805770874	0.0	0.9185836911201477	0.0	0.0	2.561758279800415	0.0	0.7013415694236755	0.0	0.0	0.0	0.40893277525901794	0.0	0.0	0.8479899764060974	0.3175981640815735	0.4614885151386261	0.7047939300537109	0.11211353540420532	0.5803994536399841	0.35827237367630005	0.0	0.4973180294036865	1.4157544374465942	0.39212921261787415	0.0	0.0	0.0	0.40310361981391907	0.0	0.6437561511993408	0.0	0.0	0.0	0.874855101108551	0.35591375827789307	0.7164085507392883	1.170264482498169	0.7154849767684937	0.33702948689460754	0.6670005917549133	1.340551733970642	0.0	0.0	0.0	0.42365574836730957	0.0	0.0	1.44358229637146	0.5022612810134888	0.0	0.0	0.44355425238609314	1.330269694328308	0.44503432512283325	0.0	1.2930500507354736	0.47938811779022217	0.31593409180641174	0.0	0.0	0.0	0.509530246257782
1.2345354557037354	0.4479506313800812	0.0	0.8484277725219727	0.0	0.0	2.5295186042785645	0.0	0.6646938920021057	0.0	0.0	0.0	0.4081411063671112	0.0	0.0	0.7999884486198425	0.31239303946495056	0.47263410687446594	0.6807431578636169	0.13525409996509552	0.5375843644142151	0.36275869607925415	0.0	0.4853927195072174	1.3924463987350464	0.3225412964820862	0.0	0.0	0.0	0.3798760175704956	0.0	0.647964596748352	0.0	0.0	0.0	0.8520045280456543	0.2217135727405548	0.7085589170455933	1.1831039190292358	0.7143860459327698	0.28531157970428467	0.6327617764472961	1.3266931772232056	0.0	0.0	0.0	0.3597889244556427	0.0	0.0	1.3448289632797241	0.39553481340408325	0.0	0.0	0.42450791597366333	1.336549162864685	0.4453684687614441	0.0	1.2966220378875732	0.3846498727798462	0.24934795498847961	0.0	0.0	0.0	0.5182400941848755
1.2646210193634033	0.4660431742668152	0.0	0.963517427444458	0.0	0.0	2.5378592014312744	0.0	0.6646188497543335	0.0	0.0	0.0	0.37621355056762695	0.0	0.0	0.7596536874771118	0.34286022186279297	0.4802117645740509	0.6856109499931335	0.1394079476594925	0.5496559143066406	0.3761160969734192	0.0	0.5971137881278992	1.4258198738098145	0.30120059847831726	0.0	0.0	0.0	0.40352776646614075	0.0	0.6913241744041443	0.0	0.0	0.0	0.869644284248352	0.39851683378219604	0.767044186592102	1.207104206085205	0.7086724638938904	0.267261803150177	0.645140528678894	1.3248077630996704	0.0	0.0	0.0	0.3428201377391815	0.0	0.0	1.4000773429870605	0.37902864813804626	0.0	0.0	0.42278140783309937	1.3501924276351929	0.45307430624961853	0.0	1.2732832431793213	0.37757331132888794	0.30297139286994934	0.0	0.0	0.0	0.4976547062397003
1.243729591369629	0.4518302083015442	0.0	0.8358522057533264	0.0	0.0	2.504986047744751	0.0	0.6751865744590759	0.0	0.0	0.0	0.36797744035720825	0.0	0.0	0.781409740447998	0.37306201457977295	0.4551399350166321	0.6775059700012207	0.1186673566699028	0.5610837340354919	0.35708633065223694	0.0	0.49819445610046387	1.3733958005905151	0.3115735352039337	0.0	0.0	0.0	0.4050639271736145	0.0	0.6529155373573303	0.0	0.0	0.0	0.8219522833824158	0.2139422744512558	0.6884374022483826	1.187665581703186	0.7147119641304016	0.24953369796276093	0.6149872541427612	1.2884252071380615	0.0	0.0	0.0	0.3995979428291321	0.0	0.0	1.3192083835601807	0.3571730852127075	0.0	0.0	0.4183376133441925	1.3134043216705322	0.4332146942615509	0.0	1.2568928003311157	0.36184900999069214	0.26588860154151917	0.0	0.0	0.0	0.5239911079406738
1.2217252254486084	0.47398146986961365	0.0	0.8166840076446533	0.0	0.0	2.482607841491699	0.0	0.6498788595199585	0.0	0.0	0.0	0.3881344497203827	0.0	0.0	0.7362614870071411	0.3177536427974701	0.45974844694137573	0.6665557622909546	0.1301046460866928	0.5435641407966614	0.35453757643699646	0.0	0.5003084540367126	1.3736271858215332	0.3150356411933899	0.0	0.0	0.0	0.37388020753860474	0.0	0.7103123664855957	0.0	0.0	0.0	0.8708009123802185	0.20900677144527435	0.6957365274429321	1.166520595550537	0.6913718581199646	0.2546624541282654	0.6242659687995911	1.3350683450698853	0.0	0.0	0.0	0.34979116916656494	0.0	0.0	1.3232581615447998	0.36902397871017456	0.0	0.0	0.4625020921230316	1.3105926513671875	0.4425751864910126	0.0	1.2571426630020142	0.3715490400791168	0.27319297194480896	0.0	0.0	0.0	0.5345699191093445
1.221229076385498	0.43716248869895935	0.0	0.8177329301834106	0.0	0.0	2.4590017795562744	0.0	0.681477963924408	0.0	0.0	0.0	0.36254990100860596	0.0	0.0	0.7528843283653259	0.3135925531387329	0.4498445391654968	0.6835313439369202	0.11539355665445328	0.5559942126274109	0.3658027648925781	0.0	0.4866613447666168	1.3583366870880127	0.30574455857276917	0.0	0.0	0.0	0.36496612429618835	0.0	0.6444200277328491	0.0	0.0	0.0	0.8340631127357483	0.20280426740646362	0.6854284405708313	1.147641897201538	0.7106940150260925	0.2673792839050293	0.6155532598495483	1.2824037075042725	0.0	0.0	0.0	0.349723219871521	0.0	0.0	1.3206827640533447	0.3763239085674286	0.0	0.0	0.42983096837997437	1.3159040212631226	0.4358524680137634	0.0	1.2873492240905762	0.3646295964717865	0.26982712745666504	0.0	0.0	0.0	0.5164206027984619
1.2078759670257568	0.45000919699668884	0.0	0.813174307346344	0.0	0.0	2.478771209716797	0.0	0.6874664425849915	0.0	0.0	0.0	0.37643274664878845	0.0	0.0	0.7565698027610779	0.3300817608833313	0.4718071222305298	0.6838880777359009	0.10660339891910553	0.5866318941116333	0.3801323473453522	0.0	0.47485068440437317	1.3564989566802979	0.3122922480106354	0.0	0.0	0.0	0.3901744782924652	0.0	0.6635872721672058	0.0	0.0	0.0	0.8393186330795288	0.3989703059196472	0.6823761463165283	1.1488090753555298	0.6987528204917908	0.25627732276916504	0.6210645437240601	1.309255599975586	0.0	0.0	0.0	0.3660587668418884	0.0	0.0	1.3238811492919922	0.3483118712902069	0.0	0.0	0.4801907241344452	1.3169387578964233	0.4242638945579529	0.0	1.2701776027679443	0.3737938106060028	0.2644979655742645	0.0	0.0	0.0	0.5231301188468933
1.2064855098724365	0.47819995880126953	0.0	0.8446669578552246	0.0	0.0	2.575194835662842	0.0	0.6689828038215637	0.0	0.0	0.0	0.41397255659103394	0.0	0.0	0.7719203233718872	0.3455243706703186	0.5444363951683044	0.674454927444458	0.13152936100959778	0.5499816536903381	0.3600691854953766	0.0	0.5160537958145142	1.3870307207107544	0.3803631365299225	0.0	0.0	0.0	0.38687312602996826	0.0	0.6771977543830872	0.0	0.0	0.0	0.8851331472396851	0.21772554516792297	0.7273577451705933	1.1627531051635742	0.7188180088996887	0.32379913330078125	0.6350830793380737	1.300570011138916	0.0	0.0	0.0	0.33787694573402405	0.0	0.0	1.3729908466339111	0.4445875585079193	0.0	0.0	0.45616257190704346	1.3378602266311646	0.44419142603874207	0.0	1.288183331489563	0.4217052459716797	0.2744635045528412	0.0	0.0	0.0	0.5612364411354065
1.2119596004486084	0.4353531002998352	0.0	0.8883177042007446	0.0	0.0	2.579641103744507	0.0	0.6651795506477356	0.0	0.0	0.0	0.4504251480102539	0.0	0.0	0.7962778806686401	0.3307545781135559	0.5062454342842102	0.7052304744720459	0.11842149496078491	0.5505038499832153	0.38545462489128113	0.0	0.576521635055542	1.4053174257278442	0.3055417537689209	0.0	0.0	0.0	0.39719918370246887	0.0	0.6824192404747009	0.0	0.0	0.0	0.8861099481582642	0.24003292620182037	0.6952324509620667	1.169769048690796	0.7317563891410828	0.28138741850852966	0.6567499041557312	1.3159269094467163	0.0	0.0	0.0	0.38585975766181946	0.0	0.0	1.4988657236099243	0.4080234467983246	0.0	0.0	0.4341264069080353	1.32686185836792	0.43143755197525024	0.0	1.3080406188964844	0.371378093957901	0.2535346448421478	0.0	0.0	0.0	0.5021769404411316
1.208670735359192	0.43780750036239624	0.0	0.8270573019981384	0.0	0.0	2.4884941577911377	0.0	0.6779912710189819	0.0	0.0	0.0	0.4164823591709137	0.0	0.0	0.7650613784790039	0.3240906000137329	0.46112459897994995	0.6853143572807312	0.1185721680521965	0.528032660484314	0.3757724463939667	0.0	0.5056566596031189	1.3710216283798218	0.2973678708076477	0.0	0.0	0.0	0.4108315408229828	0.0	0.6641563177108765	0.0	0.0	0.0	0.9080885052680969	0.22291253507137299	0.7182992696762085	1.1680619716644287	0.7109852433204651	0.2639482021331787	0.655884325504303	1.316169261932373	0.0	0.0	0.0	0.3591867685317993	0.0	0.0	1.3867113590240479	0.39468827843666077	0.0	0.0	0.417828768491745	1.3108357191085815	0.42509278655052185	0.0	1.2801339626312256	0.35795992612838745	0.2660406827926636	0.0	0.0	0.0	0.49579954147338867
1.2756768465042114	0.4538199305534363	0.0	0.8357383608818054	0.0	0.0	2.5241448879241943	0.0	0.6696098446846008	0.0	0.0	0.0	0.38888975977897644	0.0	0.0	0.8207232356071472	0.3808881640434265	0.476755291223526	0.6841628551483154	0.13299420475959778	0.5322224497795105	0.38409674167633057	0.0	0.493137389421463	1.3958557844161987	0.3295916020870209	0.0	0.0	0.0	0.37901046872138977	0.0	0.6652430295944214	0.0	0.0	0.0	0.857404887676239	0.2371259331703186	0.7302055358886719	1.1711421012878418	0.7045571804046631	0.30918464064598083	0.6587679386138916	1.3104158639907837	0.0	0.0	0.0	0.38030341267585754	0.0	0.0	1.347295880317688	0.3822658360004425	0.0	0.0	0.42127522826194763	1.3474041223526	0.44544318318367004	0.0	1.288991928100586	0.37066978216171265	0.2658958435058594	0.0	0.0	0.0	0.5038804411888123
1.2515276670455933	0.47149109840393066	0.0	0.9330042004585266	0.0	0.0	2.592390298843384	0.0	0.6489184498786926	0.0	0.0	0.0	0.38054129481315613	0.0	0.0	0.8109712600708008	0.34225717186927795	0.46986445784568787	0.693145751953125	0.15579403936862946	0.5506643652915955	0.38285988569259644	0.0	0.5983932018280029	1.3584413528442383	0.2936137616634369	0.0	0.0	0.0	0.3913947343826294	0.0	0.6727859377861023	0.0	0.0	0.0	0.8679670095443726	0.30253955721855164	0.7053123712539673	1.1788663864135742	0.744138777256012	0.25632810592651367	0.6729130148887634	1.290406584739685	0.0	0.0	0.0	0.35210004448890686	0.0	0.0	1.322448492050171	0.35979512333869934	0.0	0.0	0.5233312249183655	1.3152320384979248	0.4599395990371704	0.0	1.2760909795761108	0.36237165331840515	0.2749055027961731	0.0	0.0	0.0	0.4967328906059265
1.2262662649154663	0.44627845287323	0.0	0.8887659907341003	0.0	0.0	2.5388996601104736	0.0	0.6750848293304443	0.0	0.0	0.0	0.3774258494377136	0.0	0.0	0.791358232498169	0.3471095561981201	0.5167959332466125	0.6799061894416809	0.12212512642145157	0.5451706051826477	0.38473451137542725	0.0	0.47812753915786743	1.381636142730713	0.3894660770893097	0.0	0.0	0.0	0.4041598439216614	0.0	0.6528101563453674	0.0	0.0	0.0	0.8985294103622437	0.23528876900672913	0.6944100856781006	1.1699544191360474	0.7251520752906799	0.29788723587989807	0.6356282234191895	1.3372105360031128	0.0	0.0	0.0	0.37208274006843567	0.0	0.0	1.3812487125396729	0.4726318120956421	0.0	0.0	0.4662911295890808	1.3320525884628296	0.43562832474708557	0.0	1.3120269775390625	0.4290247857570648	0.28106874227523804	0.0	0.0	0.0	0.4898069202899933
1.2267591953277588	0.5185787081718445	0.0	0.8498157262802124	0.0	0.0	2.530916213989258	0.0	0.6700324416160583	0.0	0.0	0.0	0.3837714195251465	0.0	0.0	0.7759327292442322	0.32786986231803894	0.5132406949996948	0.7336675524711609	0.10600235313177109	0.5393847823143005	0.38160499930381775	0.0	0.49552643299102783	1.3910603523254395	0.40493446588516235	0.0	0.0	0.0	0.3984571397304535	0.0	0.6827604174613953	0.0	0.0	0.0	0.8828123211860657	0.19868649542331696	0.777209997177124	1.168378233909607	0.7139162421226501	0.30511513352394104	0.6376383900642395	1.3115097284317017	0.0	0.0	0.0	0.33595478534698486	0.0	0.0	1.3485170602798462	0.4915211796760559	0.0	0.0	0.4880623519420624	1.3867448568344116	0.45084741711616516	0.0	1.307887315750122	0.4142702519893646	0.2752911150455475	0.0	0.0	0.0	0.4996955394744873
1.2652899026870728	0.4758426249027252	0.0	0.8830320239067078	0.0	0.0	2.6343531608581543	0.0	0.6961110830307007	0.0	0.0	0.0	0.4460504949092865	0.0	0.0	0.8412763476371765	0.34159183502197266	0.5096361041069031	0.6997542381286621	0.1259978711605072	0.6144330501556396	0.38543084263801575	0.0	0.5298485159873962	1.4000084400177002	0.3660847842693329	0.0	0.0	0.0	0.4224027097225189	0.0	0.6828007698059082	0.0	0.0	0.0	0.8420736789703369	0.2565065920352936	0.7487658262252808	1.1844391822814941	0.7162554860115051	0.30737924575805664	0.6489936709403992	1.3633235692977905	0.0	0.0	0.0	0.38800665736198425	0.0	0.0	1.431650996208191	0.3757886588573456	0.0	0.0	0.4971850514411926	1.340686559677124	0.5276515483856201	0.0	1.2854775190353394	0.46523821353912354	0.2907640039920807	0.0	0.0	0.0	0.5065083503723145
1.2210272550582886	0.45490530133247375	0.0	0.8173043131828308	0.0	0.0	2.5279669761657715	0.0	0.6804938912391663	0.0	0.0	0.0	0.38699036836624146	0.0	0.0	0.7694703340530396	0.306608647108078	0.473720908164978	0.6701188087463379	0.11505487561225891	0.5434100031852722	0.37726351618766785	0.0	0.47943082451820374	1.4677331447601318	0.28879669308662415	0.0	0.0	0.0	0.36978548765182495	0.0	0.6811239123344421	0.0	0.0	0.0	0.8668565154075623	0.38056573271751404	0.7103748321533203	1.1828664541244507	0.707677960395813	0.260410338640213	0.6520925164222717	1.295134425163269	0.0	0.0	0.0	0.36833328008651733	0.0	0.0	1.3460588455200195	0.44638630747795105	0.0	0.0	0.4176759421825409	1.3469412326812744	0.4682239294052124	0.0	1.3182743787765503	0.37866905331611633	0.2902216613292694	0.0	0.0	0.0	0.5287300944328308
1.2111735343933105	0.49723491072654724	0.0	0.9411612749099731	0.0	0.0	2.5529043674468994	0.0	0.6688228249549866	0.0	0.0	0.0	0.36015018820762634	0.0	0.0	0.7848765254020691	0.33844733238220215	0.4649980068206787	0.6888102889060974	0.15182755887508392	0.5312334299087524	0.37063512206077576	0.0	0.6044178605079651	1.3785732984542847	0.2877694070339203	0.0	0.0	0.0	0.385009765625	0.0	0.6746758222579956	0.0	0.0	0.0	0.8527241945266724	0.2982167601585388	0.7441590428352356	1.1741150617599487	0.6979063749313354	0.2540150582790375	0.6403491497039795	1.289365291595459	0.0	0.0	0.0	0.38500866293907166	0.0	0.0	1.3354133367538452	0.39878442883491516	0.0	0.0	0.5364923477172852	1.3237242698669434	0.4595944881439209	0.0	1.3067882061004639	0.3920391798019409	0.28561970591545105	0.0	0.0	0.0	0.5110087990760803
1.2712000608444214	0.4487916827201843	0.0	0.9115447998046875	0.0	0.0	2.5463438034057617	0.0	0.729882001876831	0.0	0.0	0.0	0.42004960775375366	0.0	0.0	0.8130507469177246	0.32707127928733826	0.5189058184623718	0.67659991979599	0.09630803763866425	0.5920941233634949	0.36291036009788513	0.0	0.5150931477546692	1.3990310430526733	0.4097769260406494	0.0	0.0	0.0	0.3684930205345154	0.0	0.7466945052146912	0.0	0.0	0.0	0.8685867786407471	0.22461247444152832	0.707974910736084	1.161348819732666	0.7110082507133484	0.30751562118530273	0.6043261289596558	1.2919766902923584	0.0	0.0	0.0	0.38474753499031067	0.0	0.0	1.4432986974716187	0.35174140334129333	0.0	0.0	0.47928494215011597	1.365235447883606	0.43964502215385437	0.0	1.2683062553405762	0.4457426071166992	0.30221372842788696	0.0	0.0	0.0	0.5078874826431274
1.242274522781372	0.4984176754951477	0.0	0.800162136554718	0.0	0.0	2.552522659301758	0.0	0.657185971736908	0.0	0.0	0.0	0.3729950189590454	0.0	0.0	0.7681688666343689	0.30911368131637573	0.4766513705253601	0.6855795979499817	0.13705308735370636	0.5422395467758179	0.3779599964618683	0.0	0.4790089428424835	1.3764101266860962	0.3017648160457611	0.0	0.0	0.0	0.3729404807090759	0.0	0.6636349558830261	0.0	0.0	0.0	0.8788069486618042	0.2325967699289322	0.6961538195610046	1.2078020572662354	0.7070416212081909	0.29700368642807007	0.6417393088340759	1.311669945716858	0.0	0.0	0.0	0.39221328496932983	0.0	0.0	1.3626598119735718	0.47251662611961365	0.0	0.0	0.4608287215232849	1.3567893505096436	0.4640960991382599	0.0	1.3278400897979736	0.38198933005332947	0.2527412474155426	0.0	0.0	0.0	0.5163288712501526
1.2241344451904297	0.47210267186164856	0.0	0.8851386308670044	0.0	0.0	2.4831881523132324	0.0	0.6897107362747192	0.0	0.0	0.0	0.41083166003227234	0.0	0.0	0.7818079590797424	0.37330880761146545	0.4888717830181122	0.6848143339157104	0.13533590734004974	0.5615807771682739	0.38026565313339233	0.0	0.5350564122200012	1.3952202796936035	0.3707859218120575	0.0	0.0	0.0	0.37586352229118347	0.0	0.6884887218475342	0.0	0.0	0.0	0.8621705174446106	0.24428272247314453	0.7145476937294006	1.1857844591140747	0.7048792839050293	0.306069552898407	0.6462123394012451	1.3163421154022217	0.0	0.0	0.0	0.3551519215106964	0.0	0.0	1.3585244417190552	0.3749842047691345	0.0	0.0	0.4390753507614136	1.361732006072998	0.42930808663368225	0.0	1.2974992990493774	0.39126351475715637	0.2748664319515228	0.0	0.0	0.0	0.5089125037193298
1.2446565628051758	0.4482572078704834	0.0	0.8951250314712524	0.0	0.0	2.447284460067749	0.0	0.6824141144752502	0.0	0.0	0.0	0.45272666215896606	0.0	0.0	0.7683353424072266	0.3622030019760132	0.45066434144973755	0.6752529144287109	0.09733393043279648	0.5495137572288513	0.37264060974121094	0.0	0.5353140234947205	1.3769432306289673	0.287244588136673	0.0	0.0	0.0	0.3816506266593933	0.0	0.6348676681518555	0.0	0.0	0.0	0.8993255496025085	0.22749002277851105	0.7004424929618835	1.1804404258728027	0.7077363729476929	0.2431941032409668	0.6778212189674377	1.310421347618103	0.0	0.0	0.0	0.36672982573509216	0.0	0.0	1.417085886001587	0.4244364798069	0.0	0.0	0.46908390522003174	1.3116509914398193	0.4430254399776459	0.0	1.2914098501205444	0.48787784576416016	0.3311726450920105	0.0	0.0	0.0	0.5763770937919617
1.1947249174118042	0.4474068880081177	0.0	0.8208046555519104	0.0	0.0	2.4247446060180664	0.0	0.6646918654441833	0.0	0.0	0.0	0.3734777271747589	0.0	0.0	0.7656537890434265	0.3806253671646118	0.47333288192749023	0.6749149560928345	0.12911710143089294	0.5323321223258972	0.3660373091697693	0.0	0.49296286702156067	1.4157317876815796	0.295532763004303	0.0	0.0	0.0	0.3878650665283203	0.0	0.6713579297065735	0.0	0.0	0.0	0.8461061120033264	0.20593225955963135	0.7015908360481262	1.1675608158111572	0.7251710891723633	0.2651568651199341	0.6294426918029785	1.281418800354004	0.0	0.0	0.0	0.3462498188018799	0.0	0.0	1.3229098320007324	0.38095179200172424	0.0	0.0	0.4696812629699707	1.3143740892410278	0.4482448399066925	0.0	1.2832764387130737	0.3848641514778137	0.2580762505531311	0.0	0.0	0.0	0.5158144235610962
1.2376646995544434	0.4457974433898926	0.0	0.949866771697998	0.0	0.0	2.4952821731567383	0.0	0.7265543341636658	0.0	0.0	0.0	0.4232272207736969	0.0	0.0	0.7547203898429871	0.3237748146057129	0.45578882098197937	0.6951037049293518	0.14027352631092072	0.563347339630127	0.3621225953102112	0.0	0.5822462439537048	1.3904123306274414	0.36050063371658325	0.0	0.0	0.0	0.39890167117118835	0.0	0.6709418892860413	0.0	0.0	0.0	0.9107025861740112	0.29505282640457153	0.7361551523208618	1.162367582321167	0.722515344619751	0.3265383541584015	0.6539482474327087	1.3409823179244995	0.0	0.0	0.0	0.34243711829185486	0.0	0.0	1.4132269620895386	0.39505115151405334	0.0	0.0	0.4773010313510895	1.378786563873291	0.4783872961997986	0.0	1.2916895151138306	0.3838103711605072	0.2847718596458435	0.0	0.0	0.0	0.5167748928070068
1.2808630466461182	0.4721915125846863	0.0	0.8598318696022034	0.0	0.0	2.4533777236938477	0.0	0.7065704464912415	0.0	0.0	0.0	0.36845138669013977	0.0	0.0	0.7514826059341431	0.35675325989723206	0.4993188977241516	0.6527611017227173	0.12886303663253784	0.5133057832717896	0.38701552152633667	0.0	0.4777638614177704	1.3748985528945923	0.3687889575958252	0.0	0.0	0.0	0.38243523240089417	0.0	0.6730313301086426	0.0	0.0	0.0	0.8916537165641785	0.20539630949497223	0.7052268385887146	1.1964011192321777	0.7021108269691467	0.3099117875099182	0.6210960745811462	1.3620426654815674	0.0	0.0	0.0	0.34587153792381287	0.0	0.0	1.3587377071380615	0.4689289927482605	0.0	0.0	0.466722309589386	1.3841272592544556	0.48357072472572327	0.0	1.267006516456604	0.3696218430995941	0.2622913420200348	0.0	0.0	0.0	0.5034171938896179
1.2206141948699951	0.5124256014823914	0.0	1.0295677185058594	0.0	0.0	2.5641160011291504	0.0	0.6766834259033203	0.0	0.0	0.0	0.3906613290309906	0.0	0.0	0.7572449445724487	0.36041927337646484	0.4808156490325928	0.7299713492393494	0.14004985988140106	0.5629714131355286	0.34904783964157104	0.0	0.6083070635795593	1.3683069944381714	0.3084176778793335	0.0	0.0	0.0	0.36643925309181213	0.0	0.6731970310211182	0.0	0.0	0.0	0.8563333749771118	0.29719477891921997	0.8398084044456482	1.1609264612197876	0.7127901315689087	0.2701660692691803	0.6302919387817383	1.3076480627059937	0.0	0.0	0.0	0.3539794385433197	0.0	0.0	1.3392356634140015	0.3751083016395569	0.0	0.0	0.5460479259490967	1.3297144174575806	0.4471309781074524	0.0	1.2902727127075195	0.36532288789749146	0.26692116260528564	0.0	0.0	0.0	0.4986479878425598
1.2364922761917114	0.46487903594970703	0.0	0.8199160099029541	0.0	0.0	2.519174575805664	0.0	0.6776817440986633	0.0	0.0	0.0	0.3724015951156616	0.0	0.0	0.7677415609359741	0.3260059058666229	0.5227282643318176	0.6739283204078674	0.111465223133564	0.5311307311058044	0.38813844323158264	0.0	0.4805203080177307	1.3603023290634155	0.4217180013656616	0.0	0.0	0.0	0.38034096360206604	0.0	0.6690513491630554	0.0	0.0	0.0	0.8477775454521179	0.2163599282503128	0.6922479271888733	1.1729735136032104	0.699980616569519	0.2900873124599457	0.6287331581115723	1.3514832258224487	0.0	0.0	0.0	0.3334849774837494	0.0	0.0	1.331825852394104	0.37124547362327576	0.0	0.0	0.43798625469207764	1.3191007375717163	0.5446470975875854	0.0	1.2920722961425781	0.4048386812210083	0.29554495215415955	0.0	0.0	0.0	0.4947079122066498
1.2226331233978271	0.4395604729652405	0.0	0.9358648657798767	0.0	0.0	2.4954700469970703	0.0	0.7266895174980164	0.0	0.0	0.0	0.3920166790485382	0.0	0.0	0.8264272212982178	0.33160942792892456	0.44844579696655273	0.6787037253379822	0.12399132549762726	0.6274971961975098	0.3618372082710266	0.0	0.5350997447967529	1.3866643905639648	0.30033937096595764	0.0	0.0	0.0	0.378853440284729	0.0	0.6482696533203125	0.0	0.0	0.0	0.8324728012084961	0.21444866061210632	0.6820192337036133	1.1773823499679565	0.7138601541519165	0.28747791051864624	0.6179574728012085	1.2807228565216064	0.0	0.0	0.0	0.40818989276885986	0.0	0.0	1.434033989906311	0.35464993119239807	0.0	0.0	0.40307459235191345	1.3339438438415527	0.46824583411216736	0.0	1.311809778213501	0.4366406798362732	0.30026084184646606	0.0	0.0	0.0	0.533413290977478
1.2090916633605957	0.43985989689826965	0.0	0.8108882904052734	0.0	0.0	2.5026583671569824	0.0	0.6634061336517334	0.0	0.0	0.0	0.3611474335193634	0.0	0.0	0.7514075636863708	0.3499046564102173	0.47200438380241394	0.6805369853973389	0.1033780500292778	0.5183666944503784	0.3645079731941223	0.0	0.4832124412059784	1.3586831092834473	0.29310914874076843	0.0	0.0	0.0	0.40378448367118835	0.0	0.6851105690002441	0.0	0.0	0.0	0.8858382701873779	0.3947841227054596	0.6932303309440613	1.1687966585159302	0.6905848979949951	0.274111807346344	0.6163966655731201	1.2836495637893677	0.0	0.0	0.0	0.35718077421188354	0.0	0.0	1.3197038173675537	0.36276715993881226	0.0	0.0	0.40796276926994324	1.3205606937408447	0.4854404330253601	0.0	1.2705057859420776	0.40931108593940735	0.3112187683582306	0.0	0.0	0.0	0.49303123354911804
1.227399468421936	0.45532387495040894	0.0	0.8253416419029236	0.0	0.0	2.4860024452209473	0.0	0.6584203243255615	0.0	0.0	0.0	0.36706048250198364	0.0	0.0	0.7594141364097595	0.30946630239486694	0.4630027413368225	0.7106709480285645	0.12218521535396576	0.5493457317352295	0.3609113395214081	0.0	0.4959830939769745	1.3759361505508423	0.28889238834381104	0.0	0.0	0.0	0.40091466903686523	0.0	0.660821259021759	0.0	0.0	0.0	0.8596604466438293	0.41114282608032227	0.7006467580795288	1.1655359268188477	0.7132030129432678	0.26141229271888733	0.6548272967338562	1.3246749639511108	0.0	0.0	0.0	0.391844242811203	0.0	0.0	1.3410207033157349	0.3804551959037781	0.0	0.0	0.43073877692222595	1.3449114561080933	0.44398340582847595	0.0	1.3046884536743164	0.3857063353061676	0.25657549500465393	0.0	0.0	0.0	0.49305564165115356
1.2104620933532715	0.43331092596054077	0.0	0.8201738595962524	0.0	0.0	2.458853006362915	0.0	0.6991503834724426	0.0	0.0	0.0	0.3785485029220581	0.0	0.0	0.7583130598068237	0.36271432042121887	0.4502464830875397	0.6736433506011963	0.125250905752182	0.553618311882019	0.35483095049858093	0.0	0.471436470746994	1.388370156288147	0.2913815975189209	0.0	0.0	0.0	0.37985748052597046	0.0	0.6543405055999756	0.0	0.0	0.0	0.8392245769500732	0.20856338739395142	0.6889919638633728	1.174601435661316	0.7282409071922302	0.27077072858810425	0.6211956739425659	1.2889981269836426	0.0	0.0	0.0	0.3785569965839386	0.0	0.0	1.3674724102020264	0.373518168926239	0.0	0.0	0.4060732424259186	1.3007457256317139	0.44604647159576416	0.0	1.2964450120925903	0.37308597564697266	0.28483808040618896	0.0	0.0	0.0	0.5184214115142822
1.2016117572784424	0.4960961937904358	0.0	0.8490212559700012	0.0	0.0	2.6020348072052	0.0	0.6802579760551453	0.0	0.0	0.0	0.3587239384651184	0.0	0.0	0.7473441362380981	0.3127579987049103	0.48060569167137146	0.6733217835426331	0.11165164411067963	0.5446447134017944	0.3808562457561493	0.0	0.4910750091075897	1.3792366981506348	0.32905349135398865	0.0	0.0	0.0	0.36769556999206543	0.0	0.6701737642288208	0.0	0.0	0.0	0.8560351729393005	0.2515753209590912	0.7022352814674377	1.1580085754394531	0.6963890194892883	0.3175171911716461	0.6266180276870728	1.2908761501312256	0.0	0.0	0.0	0.3604097068309784	0.0	0.0	1.3366799354553223	0.3635953366756439	0.0	0.0	0.44611668586730957	1.3542466163635254	0.42723482847213745	0.0	1.306099772453308	0.4018154740333557	0.25965026021003723	0.0	0.0	0.0	0.48944950103759766
1.2338801622390747	0.48407500982284546	0.0	0.9583268761634827	0.0	0.0	2.499589204788208	0.0	0.6569715738296509	0.0	0.0	0.0	0.39731380343437195	0.0	0.0	0.7648158669471741	0.37165963649749756	0.49691832065582275	0.6709367632865906	0.1515122652053833	0.5341845750808716	0.36138254404067993	0.0	0.5931975841522217	1.3695693016052246	0.37136438488960266	0.0	0.0	0.0	0.4130280017852783	0.0	0.6973540186882019	0.0	0.0	0.0	0.876370906829834	0.2822420001029968	0.7830044031143188	1.1591699123382568	0.6936326622962952	0.2756178081035614	0.6508828997612	1.2809422016143799	0.0	0.0	0.0	0.3570217788219452	0.0	0.0	1.356061339378357	0.3969120681285858	0.0	0.0	0.48845231533050537	1.3073365688323975	0.4406660795211792	0.0	1.294722080230713	0.4177807569503784	0.28023824095726013	0.0	0.0	0.0	0.5444797277450562
1.215696930885315	0.43847495317459106	0.0	0.8297236561775208	0.0	0.0	2.463358163833618	0.0	0.6718345284461975	0.0	0.0	0.0	0.37840941548347473	0.0	0.0	0.7565287947654724	0.32237619161605835	0.45908865332603455	0.6906531453132629	0.10575921088457108	0.5207604765892029	0.3709612786769867	0.0	0.5155109167098999	1.3535088300704956	0.2929571866989136	0.0	0.0	0.0	0.3779281675815582	0.0	0.6776059865951538	0.0	0.0	0.0	0.8787024617195129	0.23062531650066376	0.7247834205627441	1.1591925621032715	0.6892179846763611	0.2896547317504883	0.6532855033874512	1.3012213706970215	0.0	0.0	0.0	0.39298760890960693	0.0	0.0	1.3492133617401123	0.42400237917900085	0.0	0.0	0.46100202202796936	1.2903642654418945	0.4392696022987366	0.0	1.2583496570587158	0.3713371455669403	0.2808290421962738	0.0	0.0	0.0	0.4874533414840698
1.2587465047836304	0.46269699931144714	0.0	0.8614122271537781	0.0	0.0	2.4783034324645996	0.0	0.6800773739814758	0.0	0.0	0.0	0.40584057569503784	0.0	0.0	0.7597579956054688	0.3595137894153595	0.5052099823951721	0.717647910118103	0.1237807348370552	0.5409952402114868	0.37186428904533386	0.0	0.46645981073379517	1.426619052886963	0.354860782623291	0.0	0.0	0.0	0.388678640127182	0.0	0.6760838031768799	0.0	0.0	0.0	0.8766132593154907	0.2548760771751404	0.7360286712646484	1.1821876764297485	0.753212034702301	0.3143531382083893	0.6495501399040222	1.3186930418014526	0.0	0.0	0.0	0.3385675847530365	0.0	0.0	1.328401803970337	0.3639260232448578	0.0	0.0	0.4580822288990021	1.340565800666809	0.4700239300727844	0.0	1.2850323915481567	0.4259991943836212	0.26759570837020874	0.0	0.0	0.0	0.5056472420692444
1.231618046760559	0.4887388050556183	0.0	0.857276439666748	0.0	0.0	2.572155475616455	0.0	0.6767876744270325	0.0	0.0	0.0	0.41334426403045654	0.0	0.0	0.7723789811134338	0.3098416328430176	0.5471228361129761	0.6879244446754456	0.12101708352565765	0.5539454221725464	0.3808895945549011	0.0	0.5260459184646606	1.392126441001892	0.32684504985809326	0.0	0.0	0.0	0.3664757311344147	0.0	0.6536489129066467	0.0	0.0	0.0	0.9108505249023438	0.2310669869184494	0.7316123247146606	1.1985958814620972	0.7040377855300903	0.29965054988861084	0.6777899861335754	1.3093736171722412	0.0	0.0	0.0	0.3877658247947693	0.0	0.0	1.3941540718078613	0.4326251745223999	0.0	0.0	0.4239960014820099	1.3644832372665405	0.42614325881004333	0.0	1.3271011114120483	0.4342783987522125	0.2399735301733017	0.0	0.0	0.0	0.49172917008399963
1.2114715576171875	0.47479259967803955	0.0	0.8363240361213684	0.0	0.0	2.4539458751678467	0.0	0.6791101098060608	0.0	0.0	0.0	0.38990697264671326	0.0	0.0	0.7728598713874817	0.3411305844783783	0.4897182583808899	0.6919761300086975	0.12624618411064148	0.5637920498847961	0.3813440501689911	0.0	0.48331332206726074	1.3800452947616577	0.33045923709869385	0.0	0.0	0.0	0.3897027373313904	0.0	0.659020185470581	0.0	0.0	0.0	0.8741276860237122	0.23948237299919128	0.7075215578079224	1.1788522005081177	0.7295514941215515	0.25518402457237244	0.6238980889320374	1.3031498193740845	0.0	0.0	0.0	0.34615495800971985	0.0	0.0	1.3228390216827393	0.3822326362133026	0.0	0.0	0.4285634160041809	1.326095700263977	0.4468088746070862	0.0	1.2863973379135132	0.3846032917499542	0.2596583366394043	0.0	0.0	0.0	0.5540038347244263
1.269973874092102	0.4454866945743561	0.0	0.960060715675354	0.0	0.0	2.548264980316162	0.0	0.7420465350151062	0.0	0.0	0.0	0.4211989641189575	0.0	0.0	0.8248534202575684	0.33244946599006653	0.44849690794944763	0.6683947443962097	0.10436781495809555	0.6374892592430115	0.36871036887168884	0.0	0.5607618689537048	1.397575855255127	0.32287824153900146	0.0	0.0	0.0	0.3625343143939972	0.0	0.6583164930343628	0.0	0.0	0.0	0.8814682364463806	0.3247285485267639	0.7105488181114197	1.1903754472732544	0.7169144153594971	0.27728745341300964	0.6412744522094727	1.3081921339035034	0.0	0.0	0.0	0.3840661644935608	0.0	0.0	1.444016695022583	0.378897100687027	0.0	0.0	0.413301557302475	1.3655568361282349	0.45978596806526184	0.0	1.331818699836731	0.4486909508705139	0.3025221526622772	0.0	0.0	0.0	0.5008110404014587
1.224007248878479	0.5122452974319458	0.0	0.8247942924499512	0.0	0.0	2.51332426071167	0.0	0.6887959837913513	0.0	0.0	0.0	0.3717663884162903	0.0	0.0	0.8061652779579163	0.32795506715774536	0.4684855341911316	0.6765633821487427	0.13401241600513458	0.5315577387809753	0.36397585272789	0.0	0.5269246101379395	1.4040966033935547	0.3034406900405884	0.0	0.0	0.0	0.38290178775787354	0.0	0.6950705051422119	0.0	0.0	0.0	0.8359237313270569	0.40650132298469543	0.6910187602043152	1.2093557119369507	0.7196069359779358	0.24999137222766876	0.6231086254119873	1.3384255170822144	0.0	0.0	0.0	0.36798223853111267	0.0	0.0	1.3717787265777588	0.42887869477272034	0.0	0.0	0.43919867277145386	1.3413197994232178	0.5130738615989685	0.0	1.3074506521224976	0.379764199256897	0.2619069814682007	0.0	0.0	0.0	0.5107437372207642
1.1971232891082764	0.4640185534954071	0.0	0.9695455431938171	0.0	0.0	2.4803380966186523	0.0	0.6645224094390869	0.0	0.0	0.0	0.3744577169418335	0.0	0.0	0.7640161514282227	0.3092605471611023	0.4527125656604767	0.6728896498680115	0.15403980016708374	0.5408445596694946	0.35067495703697205	0.0	0.5929765105247498	1.3648163080215454	0.29795220494270325	0.0	0.0	0.0	0.384414941072464	0.0	0.6561840176582336	0.0	0.0	0.0	0.855765163898468	0.2763722240924835	0.7859938740730286	1.1722445487976074	0.7004098892211914	0.27781862020492554	0.6630181670188904	1.2757679224014282	0.0	0.0	0.0	0.35206252336502075	0.0	0.0	1.305842399597168	0.3590870201587677	0.0	0.0	0.5022498369216919	1.3200327157974243	0.4651382565498352	0.0	1.262906789779663	0.3757822811603546	0.262498676776886	0.0	0.0	0.0	0.48336538672447205
1.262358546257019	0.4667731523513794	0.0	0.8548960089683533	0.0	0.0	2.567265033721924	0.0	0.6979824304580688	0.0	0.0	0.0	0.40434589982032776	0.0	0.0	0.7682011723518372	0.3455324172973633	0.4735560417175293	0.6935901641845703	0.12520140409469604	0.5877673029899597	0.3639841079711914	0.0	0.4720625579357147	1.4070574045181274	0.2919772267341614	0.0	0.0	0.0	0.3924214541912079	0.0	0.6521947383880615	0.0	0.0	0.0	0.9055045247077942	0.22039695084095	0.7231833338737488	1.1934863328933716	0.7157568335533142	0.30554959177970886	0.6341748237609863	1.3379935026168823	0.0	0.0	0.0	0.36617234349250793	0.0	0.0	1.3516746759414673	0.38016247749328613	0.0	0.0	0.42663758993148804	1.3681092262268066	0.447285920381546	0.0	1.3042011260986328	0.39076218008995056	0.30599915981292725	0.0	0.0	0.0	0.5237076878547668
1.234114646911621	0.4507242739200592	0.0	0.8268316388130188	0.0	0.0	2.511870861053467	0.0	0.6750419735908508	0.0	0.0	0.0	0.3748835325241089	0.0	0.0	0.76445072889328	0.37432900071144104	0.48585906624794006	0.692692756652832	0.1197224035859108	0.5610461831092834	0.37099558115005493	0.0	0.4834052622318268	1.364073634147644	0.31856557726860046	0.0	0.0	0.0	0.3878135681152344	0.0	0.6864161491394043	0.0	0.0	0.0	0.8673259019851685	0.2629409432411194	0.6948457360267639	1.1652201414108276	0.7053243517875671	0.2544867992401123	0.6197867393493652	1.2944527864456177	0.0	0.0	0.0	0.3671542704105377	0.0	0.0	1.3291653394699097	0.3584781587123871	0.0	0.0	0.4175037443637848	1.3344876766204834	0.4562457203865051	0.0	1.2908751964569092	0.3733927011489868	0.2867770195007324	0.0	0.0	0.0	0.5080462694168091
1.2704811096191406	0.4456585943698883	0.0	0.9472427368164062	0.0	0.0	2.5022199153900146	0.0	0.6799553632736206	0.0	0.0	0.0	0.45829150080680847	0.0	0.0	0.8213968276977539	0.3177948296070099	0.472045361995697	0.713375985622406	0.10430590063333511	0.6178763508796692	0.38763847947120667	0.0	0.5367860198020935	1.429003357887268	0.3452916443347931	0.0	0.0	0.0	0.3672407865524292	0.0	0.6481810808181763	0.0	0.0	0.0	0.8704567551612854	0.2628013491630554	0.6832911372184753	1.1545515060424805	0.7105677723884583	0.26867935061454773	0.630793571472168	1.2909965515136719	0.0	0.0	0.0	0.37818005681037903	0.0	0.0	1.5142966508865356	0.36421293020248413	0.0	0.0	0.4624829888343811	1.350093126296997	0.4727676510810852	0.0	1.3508967161178589	0.42211654782295227	0.27394482493400574	0.0	0.0	0.0	0.5317158102989197
1.2148032188415527	0.45710110664367676	0.0	0.8209080696105957	0.0	0.0	2.5200016498565674	0.0	0.6665394306182861	0.0	0.0	0.0	0.3728561997413635	0.0	0.0	0.7539616227149963	0.3184469938278198	0.4684928357601166	0.6910470724105835	0.11170197278261185	0.5461481809616089	0.3415106236934662	0.0	0.48692774772644043	1.3828761577606201	0.28873902559280396	0.0	0.0	0.0	0.3774285316467285	0.0	0.6664560437202454	0.0	0.0	0.0	0.8510234355926514	0.22493304312229156	0.6941508650779724	1.1724637746810913	0.7072520852088928	0.2763160467147827	0.6366675496101379	1.3294233083724976	0.0	0.0	0.0	0.3863517940044403	0.0	0.0	1.3416088819503784	0.3587794601917267	0.0	0.0	0.42715921998023987	1.3271348476409912	0.458285927772522	0.0	1.307990550994873	0.3747978210449219	0.2963349223136902	0.0	0.0	0.0	0.49288299679756165
1.2077903747558594	0.4624076783657074	0.0	0.887536883354187	0.0	0.0	2.506781578063965	0.0	0.6661065220832825	0.0	0.0	0.0	0.3924342691898346	0.0	0.0	0.7831920385360718	0.30323490500450134	0.5101165175437927	0.7472715377807617	0.1172858402132988	0.5400669574737549	0.37321749329566956	0.0	0.6110929250717163	1.369898796081543	0.361788272857666	0.0	0.0	0.0	0.4007211923599243	0.0	0.6963176727294922	0.0	0.0	0.0	0.8553582429885864	0.32051029801368713	0.7789066433906555	1.189989447593689	0.7035356163978577	0.31578192114830017	0.6465262770652771	1.2868266105651855	0.0	0.0	0.0	0.34756413102149963	0.0	0.0	1.3477376699447632	0.3806823492050171	0.0	0.0	0.5154872536659241	1.3103991746902466	0.4514329433441162	0.0	1.279136300086975	0.3929263651371002	0.2950325310230255	0.0	0.0	0.0	0.5435943007469177
1.2187011241912842	0.5050162076950073	0.0	0.832633912563324	0.0	0.0	2.4709768295288086	0.0	0.6895661950111389	0.0	0.0	0.0	0.3679960072040558	0.0	0.0	0.7682082653045654	0.32737424969673157	0.5403205752372742	0.6729971766471863	0.11548732221126556	0.5470892190933228	0.37260448932647705	0.0	0.485317200422287	1.370572805404663	0.30823853611946106	0.0	0.0	0.0	0.39196696877479553	0.0	0.6921486258506775	0.0	0.0	0.0	0.8848395943641663	0.2569204866886139	0.7077690362930298	1.1675171852111816	0.7026010751724243	0.2584616243839264	0.6363032460212708	1.2844321727752686	0.0	0.0	0.0	0.3860660195350647	0.0	0.0	1.3616197109222412	0.39761313796043396	0.0	0.0	0.42403221130371094	1.3454028367996216	0.48367130756378174	0.0	1.3139545917510986	0.3583008944988251	0.2921672761440277	0.0	0.0	0.0	0.4911535680294037
1.198812484741211	0.46395695209503174	0.0	0.8208343386650085	0.0	0.0	2.4943318367004395	0.0	0.6550347208976746	0.0	0.0	0.0	0.3552926778793335	0.0	0.0	0.7842695116996765	0.3271906077861786	0.5048357844352722	0.7130846977233887	0.09740424901247025	0.582320511341095	0.3718724250793457	0.0	0.519993782043457	1.3681859970092773	0.3171602189540863	0.0	0.0	0.0	0.3852435052394867	0.0	0.6912466883659363	0.0	0.0	0.0	0.8529726266860962	0.3892512023448944	0.693805456161499	1.1977349519729614	0.700783908367157	0.32515811920166016	0.6160502433776855	1.2847177982330322	0.0	0.0	0.0	0.3572201132774353	0.0	0.0	1.3333508968353271	0.36688464879989624	0.0	0.0	0.40475142002105713	1.350020408630371	0.43776774406433105	0.0	1.3312972784042358	0.41003134846687317	0.30400463938713074	0.0	0.0	0.0	0.5267088413238525
1.2237802743911743	0.45341676473617554	0.0	0.8229273557662964	0.0	0.0	2.509307622909546	0.0	0.6986513733863831	0.0	0.0	0.0	0.36848556995391846	0.0	0.0	0.7726361155509949	0.3004579544067383	0.4801737666130066	0.663209855556488	0.12482166290283203	0.5390484929084778	0.36173558235168457	0.0	0.4908949136734009	1.3964354991912842	0.28364667296409607	0.0	0.0	0.0	0.4062209129333496	0.0	0.6534364819526672	0.0	0.0	0.0	0.8665528297424316	0.18999291956424713	0.6902711987495422	1.1798655986785889	0.7017461061477661	0.27405714988708496	0.6416484713554382	1.3087725639343262	0.0	0.0	0.0	0.34223416447639465	0.0	0.0	1.3702757358551025	0.36812031269073486	0.0	0.0	0.45283371210098267	1.3398127555847168	0.5023706555366516	0.0	1.3276499509811401	0.39505356550216675	0.28326430916786194	0.0	0.0	0.0	0.5142255425453186
1.2008248567581177	0.44843652844429016	0.0	0.8329909443855286	0.0	0.0	2.4748361110687256	0.0	0.6620936989784241	0.0	0.0	0.0	0.3558773100376129	0.0	0.0	0.7427286505699158	0.32846707105636597	0.5050406455993652	0.6814789772033691	0.1140483021736145	0.5343520045280457	0.371415376663208	0.0	0.4664795994758606	1.3846309185028076	0.3466786742210388	0.0	0.0	0.0	0.3967178165912628	0.0	0.661753237247467	0.0	0.0	0.0	0.8766401410102844	0.20063665509223938	0.6984553933143616	1.1619096994400024	0.7261971235275269	0.3116488754749298	0.6178246140480042	1.2922698259353638	0.0	0.0	0.0	0.3420274257659912	0.0	0.0	1.3296253681182861	0.36671367287635803	0.0	0.0	0.42571407556533813	1.3206409215927124	0.44318822026252747	0.0	1.2752546072006226	0.4004720449447632	0.27739009261131287	0.0	0.0	0.0	0.5093232989311218
1.209465503692627	0.4969214200973511	0.0	0.9797621965408325	0.0	0.0	2.4959468841552734	0.0	0.6991432905197144	0.0	0.0	0.0	0.3779942989349365	0.0	0.0	0.7711113095283508	0.373821884393692	0.46909183263778687	0.6896151304244995	0.14055326581001282	0.5695534944534302	0.363140344619751	0.0	0.6281663775444031	1.3628226518630981	0.3081034719944	0.0	0.0	0.0	0.38841715455055237	0.0	0.670373797416687	0.0	0.0	0.0	0.8970069885253906	0.2867794930934906	0.7494823932647705	1.171714186668396	0.7175883650779724	0.25855425000190735	0.6526186466217041	1.362805724143982	0.0	0.0	0.0	0.3602789044380188	0.0	0.0	1.4003604650497437	0.4104127883911133	0.0	0.0	0.47884106636047363	1.3144614696502686	0.4465777575969696	0.0	1.2973214387893677	0.3718888759613037	0.2930247187614441	0.0	0.0	0.0	0.5034457445144653
1.2350573539733887	0.44924840331077576	0.0	0.9141709208488464	0.0	0.0	2.5405356884002686	0.0	0.7374072670936584	0.0	0.0	0.0	0.4133799970149994	0.0	0.0	0.8468230366706848	0.3358733654022217	0.4664653241634369	0.6670128703117371	0.10356698930263519	0.6208088994026184	0.36030682921409607	0.0	0.5291447639465332	1.3691807985305786	0.329036146402359	0.0	0.0	0.0	0.3772856891155243	0.0	0.6505811214447021	0.0	0.0	0.0	0.8685668110847473	0.3931121528148651	0.699993908405304	1.1949584484100342	0.732099711894989	0.26529461145401	0.6112786531448364	1.3109091520309448	0.0	0.0	0.0	0.4001725912094116	0.0	0.0	1.4322861433029175	0.5057615041732788	0.0	0.0	0.42857322096824646	1.325431227684021	0.45325034856796265	0.0	1.3055740594863892	0.44472670555114746	0.28322967886924744	0.0	0.0	0.0	0.5265847444534302
1.2786821126937866	0.46562641859054565	0.0	0.8781857490539551	0.0	0.0	2.5500218868255615	0.0	0.6703633666038513	0.0	0.0	0.0	0.37738993763923645	0.0	0.0	0.7877001166343689	0.3315446376800537	0.48472777009010315	0.7041162252426147	0.12098079919815063	0.5694441795349121	0.3622981011867523	0.0	0.5036686658859253	1.426640510559082	0.31611010432243347	0.0	0.0	0.0	0.37279510498046875	0.0	0.6556486487388611	0.0	0.0	0.0	0.8646072745323181	0.24177545309066772	0.6999724507331848	1.1850522756576538	0.7092282772064209	0.2715582549571991	0.6660023331642151	1.3206568956375122	0.0	0.0	0.0	0.37044277787208557	0.0	0.0	1.3719332218170166	0.37965816259384155	0.0	0.0	0.4179077446460724	1.3626086711883545	0.4490835964679718	0.0	1.305611491203308	0.40356069803237915	0.27695432305336	0.0	0.0	0.0	0.5176073312759399
1.209565281867981	0.47224748134613037	0.0	0.8369916081428528	0.0	0.0	2.499945878982544	0.0	0.6741725206375122	0.0	0.0	0.0	0.41295960545539856	0.0	0.0	0.767247200012207	0.325046569108963	0.4700692296028137	0.6768863201141357	0.13242670893669128	0.5446389317512512	0.38896021246910095	0.0	0.5245320200920105	1.3815526962280273	0.3026363253593445	0.0	0.0	0.0	0.37364843487739563	0.0	0.6500346660614014	0.0	0.0	0.0	0.8856116533279419	0.2357337474822998	0.7007385492324829	1.1712782382965088	0.7455626130104065	0.28637295961380005	0.6559277772903442	1.3052383661270142	0.0	0.0	0.0	0.3833496868610382	0.0	0.0	1.377768874168396	0.42260482907295227	0.0	0.0	0.4647997319698334	1.3388606309890747	0.42950475215911865	0.0	1.3125050067901611	0.38508501648902893	0.26899704337120056	0.0	0.0	0.0	0.5261296033859253
1.2351298332214355	0.4492371082305908	0.0	0.8374547362327576	0.0	0.0	2.4771053791046143	0.0	0.6672506928443909	0.0	0.0	0.0	0.37349268794059753	0.0	0.0	0.7788591980934143	0.32879209518432617	0.48506149649620056	0.6964915990829468	0.11614436656236649	0.5413471460342407	0.3667829632759094	0.0	0.48085182905197144	1.3672031164169312	0.30903780460357666	0.0	0.0	0.0	0.38198938965797424	0.0	0.7024169564247131	0.0	0.0	0.0	0.8480359315872192	0.2124689668416977	0.7145121097564697	1.1867417097091675	0.7167010307312012	0.26308774948120117	0.6647695302963257	1.3048865795135498	0.0	0.0	0.0	0.3801249563694	0.0	0.0	1.3435258865356445	0.3788037598133087	0.0	0.0	0.41446495056152344	1.3337228298187256	0.4552311599254608	0.0	1.2834473848342896	0.3827997148036957	0.3106352686882019	0.0	0.0	0.0	0.5163497924804688
1.2365111112594604	0.4758022725582123	0.0	0.8330879211425781	0.0	0.0	2.464503288269043	0.0	0.6682958006858826	0.0	0.0	0.0	0.3922341465950012	0.0	0.0	0.7804045677185059	0.32607558369636536	0.4593636691570282	0.6747483015060425	0.12406893074512482	0.5439386963844299	0.3636474609375	0.0	0.5135555267333984	1.3709973096847534	0.29519200325012207	0.0	0.0	0.0	0.3908691108226776	0.0	0.6608692407608032	0.0	0.0	0.0	0.8995168209075928	0.22620348632335663	0.694290816783905	1.1688486337661743	0.714120090007782	0.25706183910369873	0.6420078873634338	1.3001973628997803	0.0	0.0	0.0	0.37871798872947693	0.0	0.0	1.3854838609695435	0.4055408239364624	0.0	0.0	0.42444026470184326	1.3058717250823975	0.4307841658592224	0.0	1.2810016870498657	0.3723561763763428	0.2643018960952759	0.0	0.0	0.0	0.5055056214332581
1.2334160804748535	0.4846877455711365	0.0	0.8408550024032593	0.0	0.0	2.4729833602905273	0.0	0.6669470071792603	0.0	0.0	0.0	0.3783893585205078	0.0	0.0	0.8145148158073425	0.3228152394294739	0.4654570519924164	0.6779256463050842	0.1156027540564537	0.5925328731536865	0.3626648485660553	0.0	0.5301715135574341	1.377679467201233	0.31866148114204407	0.0	0.0	0.0	0.4031379520893097	0.0	0.6631182432174683	0.0	0.0	0.0	0.8524675369262695	0.23388926684856415	0.7301176190376282	1.209779977798462	0.7354298233985901	0.2654777467250824	0.6452290415763855	1.3645983934402466	0.0	0.0	0.0	0.3889201581478119	0.0	0.0	1.4555734395980835	0.3728278875350952	0.0	0.0	0.42341259121894836	1.3998734951019287	0.4741255044937134	0.0	1.3836941719055176	0.436450719833374	0.2831142842769623	0.0	0.0	0.0	0.5719571113586426
1.2248101234436035	0.4284179210662842	0.0	0.8376191854476929	0.0	0.0	2.486738443374634	0.0	0.676925003528595	0.0	0.0	0.0	0.386893630027771	0.0	0.0	0.774544358253479	0.31821781396865845	0.4926232695579529	0.7002452611923218	0.12296727299690247	0.5329796075820923	0.35992929339408875	0.0	0.4761514663696289	1.3841943740844727	0.3037571609020233	0.0	0.0	0.0	0.38026633858680725	0.0	0.6580275893211365	0.0	0.0	0.0	0.8425722122192383	0.21053999662399292	0.6809656620025635	1.172865629196167	0.7208250164985657	0.29962357878685	0.615013599395752	1.320345163345337	0.0	0.0	0.0	0.35468238592147827	0.0	0.0	1.3540880680084229	0.3621370196342468	0.0	0.0	0.41657885909080505	1.3333994150161743	0.4418569505214691	0.0	1.2843436002731323	0.36673954129219055	0.25410014390945435	0.0	0.0	0.0	0.5138348340988159
1.2154672145843506	0.48918771743774414	0.0	0.8310104012489319	0.0	0.0	2.47099232673645	0.0	0.6893647909164429	0.0	0.0	0.0	0.38154903054237366	0.0	0.0	0.7524420619010925	0.3148895502090454	0.48096963763237	0.6622745394706726	0.14033305644989014	0.5348575711250305	0.3851991295814514	0.0	0.5051813721656799	1.3768675327301025	0.32515889406204224	0.0	0.0	0.0	0.3751823902130127	0.0	0.6660862565040588	0.0	0.0	0.0	0.8705166578292847	0.215720996260643	0.6828426122665405	1.175110101699829	0.6985666155815125	0.25689029693603516	0.6175314784049988	1.3543366193771362	0.0	0.0	0.0	0.3588900864124298	0.0	0.0	1.3403383493423462	0.38278302550315857	0.0	0.0	0.42806437611579895	1.3455810546875	0.4683598279953003	0.0	1.2868622541427612	0.37980324029922485	0.26785871386528015	0.0	0.0	0.0	0.4926324486732483
1.2200788259506226	0.44016820192337036	0.0	0.9219207763671875	0.0	0.0	2.4889612197875977	0.0	0.7294713854789734	0.0	0.0	0.0	0.4325902760028839	0.0	0.0	0.8354500532150269	0.32911211252212524	0.48971518874168396	0.6746780872344971	0.12590068578720093	0.6273589730262756	0.3589290678501129	0.0	0.528685450553894	1.3827694654464722	0.3182604908943176	0.0	0.0	0.0	0.3657974600791931	0.0	0.6504955887794495	0.0	0.0	0.0	0.8843622803688049	0.23009134829044342	0.732883870601654	1.171878457069397	0.7236850261688232	0.2496500164270401	0.6228683590888977	1.3076896667480469	0.0	0.0	0.0	0.40660083293914795	0.0	0.0	1.4431079626083374	0.37677183747291565	0.0	0.0	0.41574716567993164	1.3786475658416748	0.43741658329963684	0.0	1.3374440670013428	0.4330592453479767	0.2768462896347046	0.0	0.0	0.0	0.5159794092178345
1.2544605731964111	0.5483615398406982	0.0	0.9538810849189758	0.0	0.0	2.530569553375244	0.0	0.6963247656822205	0.0	0.0	0.0	0.41641709208488464	0.0	0.0	0.7940319776535034	0.3303912580013275	0.4792739450931549	0.7091279029846191	0.13479138910770416	0.5849194526672363	0.36620810627937317	0.0	0.6376816630363464	1.4096310138702393	0.32896777987480164	0.0	0.0	0.0	0.39361968636512756	0.0	0.6638631224632263	0.0	0.0	0.0	0.8872011303901672	0.29870519042015076	0.7972169518470764	1.199700951576233	0.7123234868049622	0.2728267014026642	0.6385710835456848	1.3107109069824219	0.0	0.0	0.0	0.3674813210964203	0.0	0.0	1.391188144683838	0.3992508351802826	0.0	0.0	0.4842914044857025	1.3497220277786255	0.459407240152359	0.0	1.278306484222412	0.42257004976272583	0.3207673728466034	0.0	0.0	0.0	0.5722615718841553
1.2385270595550537	0.4433177709579468	0.0	0.8439432382583618	0.0	0.0	2.5356273651123047	0.0	0.6839888691902161	0.0	0.0	0.0	0.37900403141975403	0.0	0.0	0.7550063133239746	0.35695767402648926	0.47834861278533936	0.6760169863700867	0.13404861092567444	0.5280942320823669	0.3743419051170349	0.0	0.5046139359474182	1.3904192447662354	0.28924793004989624	0.0	0.0	0.0	0.4258059859275818	0.0	0.6785426139831543	0.0	0.0	0.0	0.8743883371353149	0.195565328001976	0.7142054438591003	1.1688027381896973	0.7176445126533508	0.25017422437667847	0.6500081419944763	1.3374731540679932	0.0	0.0	0.0	0.3541969358921051	0.0	0.0	1.3841396570205688	0.4111036956310272	0.0	0.0	0.4505768120288849	1.3262808322906494	0.43551698327064514	0.0	1.2956852912902832	0.37411075830459595	0.26238927245140076	0.0	0.0	0.0	0.4960125684738159
1.2327992916107178	0.4480782151222229	0.0	0.827332079410553	0.0	0.0	2.475229501724243	0.0	0.6522426605224609	0.0	0.0	0.0	0.37814953923225403	0.0	0.0	0.7378694415092468	0.34099170565605164	0.4716191291809082	0.6757000684738159	0.12655842304229736	0.545767068862915	0.39052578806877136	0.0	0.4800468385219574	1.382617712020874	0.34145796298980713	0.0	0.0	0.0	0.3762034475803375	0.0	0.6744410395622253	0.0	0.0	0.0	0.849091112613678	0.2185438722372055	0.7048178911209106	1.1626602411270142	0.7229410409927368	0.28070124983787537	0.6211588978767395	1.2921926975250244	0.0	0.0	0.0	0.35716354846954346	0.0	0.0	1.32756769657135	0.36917951703071594	0.0	0.0	0.4268420934677124	1.3307658433914185	0.4961641728878021	0.0	1.2753444910049438	0.4166419208049774	0.29982009530067444	0.0	0.0	0.0	0.514255940914154
1.214223861694336	0.4658464193344116	0.0	0.81418377161026	0.0	0.0	2.6314356327056885	0.0	0.6600947380065918	0.0	0.0	0.0	0.4066222906112671	0.0	0.0	0.7772533893585205	0.3593420386314392	0.4793717563152313	0.6747338175773621	0.12954401969909668	0.5372412800788879	0.3506971001625061	0.0	0.51430344581604	1.3785665035247803	0.2892347276210785	0.0	0.0	0.0	0.3721129894256592	0.0	0.6453958749771118	0.0	0.0	0.0	0.914695680141449	0.2279159128665924	0.7093567252159119	1.1857202053070068	0.7020248174667358	0.2997285723686218	0.675201416015625	1.3136054277420044	0.0	0.0	0.0	0.3553928732872009	0.0	0.0	1.3895199298858643	0.41226011514663696	0.0	0.0	0.4444611072540283	1.3596659898757935	0.45283243060112	0.0	1.2935665845870972	0.37592899799346924	0.2869911789894104	0.0	0.0	0.0	0.5190950632095337
1.2142232656478882	0.500756025314331	0.0	0.8544608950614929	0.0	0.0	2.5525829792022705	0.0	0.6835522055625916	0.0	0.0	0.0	0.39443275332450867	0.0	0.0	0.7793012261390686	0.3306085765361786	0.49473604559898376	0.6668139100074768	0.12610489130020142	0.5392991304397583	0.39687106013298035	0.0	0.5059170722961426	1.3871464729309082	0.30832627415657043	0.0	0.0	0.0	0.38028690218925476	0.0	0.6595983505249023	0.0	0.0	0.0	0.8722885251045227	0.22630949318408966	0.7249900102615356	1.184288740158081	0.6938586831092834	0.25116634368896484	0.64136803150177	1.3125516176223755	0.0	0.0	0.0	0.3648197054862976	0.0	0.0	1.370800495147705	0.3824559450149536	0.0	0.0	0.42779821157455444	1.3835396766662598	0.4370795488357544	0.0	1.332741618156433	0.39031657576560974	0.2564692497253418	0.0	0.0	0.0	0.5218353271484375
1.266218662261963	0.457529217004776	0.0	0.9537361860275269	0.0	0.0	2.487910270690918	0.0	0.6960246562957764	0.0	0.0	0.0	0.3776761293411255	0.0	0.0	0.8155120611190796	0.3336392641067505	0.47322747111320496	0.7201350331306458	0.124053955078125	0.5682734251022339	0.38150396943092346	0.0	0.5930671095848083	1.390771508216858	0.29201722145080566	0.0	0.0	0.0	0.4226737320423126	0.0	0.6692590713500977	0.0	0.0	0.0	0.848271369934082	0.30761370062828064	0.7491716146469116	1.1729848384857178	0.7106330990791321	0.2769284248352051	0.6913645267486572	1.3474781513214111	0.0	0.0	0.0	0.38121160864830017	0.0	0.0	1.3442702293395996	0.38261985778808594	0.0	0.0	0.514062225818634	1.3333266973495483	0.4549520015716553	0.0	1.3072847127914429	0.3687857389450073	0.2647707760334015	0.0	0.0	0.0	0.5240206122398376
1.2527625560760498	0.46928733587265015	0.0	0.8426578640937805	0.0	0.0	2.5197126865386963	0.0	0.6798679828643799	0.0	0.0	0.0	0.4075163006782532	0.0	0.0	0.77408766746521	0.33003145456314087	0.4942266345024109	0.6895591616630554	0.11919256299734116	0.5842883586883545	0.3789427876472473	0.0	0.47438496351242065	1.3783859014511108	0.3519141674041748	0.0	0.0	0.0	0.39294108748435974	0.0	0.6572413444519043	0.0	0.0	0.0	0.892338752746582	0.19764384627342224	0.7513831853866577	1.182439923286438	0.7019371390342712	0.3167193531990051	0.6095196008682251	1.2984617948532104	0.0	0.0	0.0	0.38014742732048035	0.0	0.0	1.3483479022979736	0.3870065212249756	0.0	0.0	0.4347987771034241	1.3604321479797363	0.4547007977962494	0.0	1.3252286911010742	0.40689200162887573	0.2804374098777771	0.0	0.0	0.0	0.57208251953125
1.222373604774475	0.43647199869155884	0.0	0.972814679145813	0.0	0.0	2.468975782394409	0.0	0.6653463840484619	0.0	0.0	0.0	0.37328967452049255	0.0	0.0	0.7710725665092468	0.3705655336380005	0.4769071042537689	0.6898640990257263	0.1373697817325592	0.5333006978034973	0.38118118047714233	0.0	0.539568305015564	1.3757884502410889	0.3135032653808594	0.0	0.0	0.0	0.3731410801410675	0.0	0.6705871820449829	0.0	0.0	0.0	0.8608275651931763	0.3012823462486267	0.7726830244064331	1.171573519706726	0.7105935215950012	0.25820744037628174	0.650753915309906	1.3101955652236938	0.0	0.0	0.0	0.35774433612823486	0.0	0.0	1.35603666305542	0.41917961835861206	0.0	0.0	0.5130500197410583	1.334683895111084	0.44683220982551575	0.0	1.2934175729751587	0.3825167715549469	0.26075443625450134	0.0	0.0	0.0	0.5052412152290344
1.2431936264038086	0.46811601519584656	0.0	0.8646665215492249	0.0	0.0	2.5205180644989014	0.0	0.653525173664093	0.0	0.0	0.0	0.3738258481025696	0.0	0.0	0.7833751440048218	0.3299158811569214	0.49306729435920715	0.6963505744934082	0.14133186638355255	0.5369561910629272	0.38660112023353577	0.0	0.5219894647598267	1.3958392143249512	0.30754244327545166	0.0	0.0	0.0	0.37811368703842163	0.0	0.705670177936554	0.0	0.0	0.0	0.8609455227851868	0.23303185403347015	0.6952489614486694	1.1587436199188232	0.7253533005714417	0.25992172956466675	0.6465564370155334	1.336461067199707	0.0	0.0	0.0	0.3775554299354553	0.0	0.0	1.401270866394043	0.4382464289665222	0.0	0.0	0.47464585304260254	1.327396273612976	0.47381311655044556	0.0	1.280097484588623	0.3925078511238098	0.2929961383342743	0.0	0.0	0.0	0.5184024572372437
1.226452350616455	0.4535049498081207	0.0	0.8316553235054016	0.0	0.0	2.4561820030212402	0.0	0.6525839567184448	0.0	0.0	0.0	0.3687814176082611	0.0	0.0	0.7447059154510498	0.378583163022995	0.46609440445899963	0.7193601727485657	0.10491080582141876	0.5383594632148743	0.369128942489624	0.0	0.46980032324790955	1.400742769241333	0.30841055512428284	0.0	0.0	0.0	0.3851519823074341	0.0	0.6596218347549438	0.0	0.0	0.0	0.8704826831817627	0.2775489389896393	0.7141762971878052	1.1712435483932495	0.7169097661972046	0.23928938806056976	0.6552303433418274	1.3034642934799194	0.0	0.0	0.0	0.3375414311885834	0.0	0.0	1.3250117301940918	0.46783071756362915	0.0	0.0	0.42705175280570984	1.3351598978042603	0.4319220781326294	0.0	1.2793021202087402	0.3713727295398712	0.2661499083042145	0.0	0.0	0.0	0.5178939700126648
1.2752524614334106	0.47427496314048767	0.0	0.8442057371139526	0.0	0.0	2.5689101219177246	0.0	0.6724907755851746	0.0	0.0	0.0	0.3716396987438202	0.0	0.0	0.7794018387794495	0.3264767825603485	0.4996708333492279	0.6946319341659546	0.13499842584133148	0.5443311333656311	0.36060914397239685	0.0	0.48859110474586487	1.3965530395507812	0.3033599555492401	0.0	0.0	0.0	0.37377840280532837	0.0	0.6637104749679565	0.0	0.0	0.0	0.8545485734939575	0.2264065146446228	0.6924676895141602	1.1662657260894775	0.7113094329833984	0.24839641153812408	0.6578179001808167	1.3081518411636353	0.0	0.0	0.0	0.36839282512664795	0.0	0.0	1.351984977722168	0.393466591835022	0.0	0.0	0.42198920249938965	1.3512393236160278	0.44122204184532166	0.0	1.2862215042114258	0.3835894465446472	0.26650670170783997	0.0	0.0	0.0	0.5219941139221191
1.2054510116577148	0.45486608147621155	0.0	0.8052762150764465	0.0	0.0	2.6143758296966553	0.0	0.6723638772964478	0.0	0.0	0.0	0.3858281970024109	0.0	0.0	0.8125826120376587	0.34431642293930054	0.4714450240135193	0.6737071871757507	0.12899160385131836	0.5451430678367615	0.37902751564979553	0.0	0.5093802809715271	1.37863028049469	0.3015889525413513	0.0	0.0	0.0	0.3667895793914795	0.0	0.6813486218452454	0.0	0.0	0.0	0.8705514669418335	0.2274457961320877	0.7012916207313538	1.1693074703216553	0.7012956738471985	0.26503124833106995	0.6383466720581055	1.3398991823196411	0.0	0.0	0.0	0.35917454957962036	0.0	0.0	1.3931641578674316	0.48228317499160767	0.0	0.0	0.4324643611907959	1.32285737991333	0.4587589204311371	0.0	1.3714720010757446	0.3881543278694153	0.28265929222106934	0.0	0.0	0.0	0.5249015688896179
1.2198749780654907	0.4669400155544281	0.0	0.8334318995475769	0.0	0.0	2.522597551345825	0.0	0.6562861800193787	0.0	0.0	0.0	0.3689967393875122	0.0	0.0	0.791911780834198	0.31600213050842285	0.5464357733726501	0.7517103552818298	0.11585142463445663	0.5612180829048157	0.437843918800354	0.0	0.5160340666770935	1.3721778392791748	0.30659016966819763	0.0	0.0	0.0	0.38737982511520386	0.0	0.669732928276062	0.0	0.0	0.0	0.8370278477668762	0.2414720356464386	0.7359131574630737	1.1734840869903564	0.6900948286056519	0.26387786865234375	0.6349611282348633	1.3313723802566528	0.0	0.0	0.0	0.375669926404953	0.0	0.0	1.3139559030532837	0.42645835876464844	0.0	0.0	0.4435507655143738	1.3303735256195068	0.4989173114299774	0.0	1.3181160688400269	0.39408671855926514	0.35270899534225464	0.0	0.0	0.0	0.5209054946899414
1.2358970642089844	0.45388415455818176	0.0	0.8537431359291077	0.0	0.0	2.4805548191070557	0.0	0.6576282382011414	0.0	0.0	0.0	0.3839584290981293	0.0	0.0	0.7549473643302917	0.3249813914299011	0.5048344135284424	0.6682702898979187	0.09826990216970444	0.5385252237319946	0.3894811272621155	0.0	0.46811366081237793	1.3857104778289795	0.34565848112106323	0.0	0.0	0.0	0.4140864908695221	0.0	0.6547178626060486	0.0	0.0	0.0	0.859251081943512	0.24943234026432037	0.7007390856742859	1.1875663995742798	0.6836941838264465	0.30259063839912415	0.6205552220344543	1.2813544273376465	0.0	0.0	0.0	0.3578067123889923	0.0	0.0	1.321710228919983	0.35944780707359314	0.0	0.0	0.4742196798324585	1.3403390645980835	0.4524361491203308	0.0	1.2622170448303223	0.4130358397960663	0.2621208131313324	0.0	0.0	0.0	0.4967634379863739
1.2564897537231445	0.43173110485076904	0.0	1.024735689163208	0.0	0.0	2.5068957805633545	0.0	0.6993420124053955	0.0	0.0	0.0	0.4884765148162842	0.0	0.0	0.9033914804458618	0.32142242789268494	0.5200092196464539	0.7434296607971191	0.11713113635778427	0.6606388688087463	0.3763193190097809	0.0	0.5707637667655945	1.4037094116210938	0.37708574533462524	0.0	0.0	0.0	0.384237676858902	0.0	0.7094194889068604	0.0	0.0	0.0	0.8645508289337158	0.26206859946250916	0.7266402840614319	1.1853086948394775	0.7523740530014038	0.3114205002784729	0.6745256185531616	1.2796597480773926	0.0	0.0	0.0	0.38398125767707825	0.0	0.0	1.3663182258605957	0.3890468180179596	0.0	0.0	0.4262351095676422	1.3324644565582275	0.46233636140823364	0.0	1.315329670906067	0.461445689201355	0.3113596737384796	0.0	0.0	0.0	0.5297498106956482
1.2641267776489258	0.4538019895553589	0.0	0.9181264042854309	0.0	0.0	2.49653959274292	0.0	0.7295694351196289	0.0	0.0	0.0	0.42988863587379456	0.0	0.0	0.8082366585731506	0.33683809638023376	0.4517744183540344	0.6658057570457458	0.12746058404445648	0.6553871631622314	0.3785623013973236	0.0	0.49620363116264343	1.379575252532959	0.35230663418769836	0.0	0.0	0.0	0.3908775746822357	0.0	0.669582724571228	0.0	0.0	0.0	0.8618326187133789	0.25734370946884155	0.6950355768203735	1.2026880979537964	0.6971229314804077	0.2627265453338623	0.6398879885673523	1.3170576095581055	0.0	0.0	0.0	0.4045897126197815	0.0	0.0	1.4327583312988281	0.3813110888004303	0.0	0.0	0.4399133026599884	1.3538824319839478	0.489611953496933	0.0	1.3100758790969849	0.36428362131118774	0.2634776830673218	0.0	0.0	0.0	0.48906147480010986
1.2430857419967651	0.5076481103897095	0.0	0.8353025317192078	0.0	0.0	2.5109918117523193	0.0	0.6733100414276123	0.0	0.0	0.0	0.4334298074245453	0.0	0.0	0.7862014174461365	0.3591020405292511	0.4696684181690216	0.6959912180900574	0.11949516832828522	0.537510871887207	0.36495211720466614	0.0	0.4753093123435974	1.4030287265777588	0.29555943608283997	0.0	0.0	0.0	0.3786191940307617	0.0	0.6819314956665039	0.0	0.0	0.0	0.8746067881584167	0.238410085439682	0.7291570901870728	1.1874399185180664	0.7145335078239441	0.26385876536369324	0.6893641948699951	1.2864725589752197	0.0	0.0	0.0	0.3405977487564087	0.0	0.0	1.3765326738357544	0.3839571475982666	0.0	0.0	0.41067537665367126	1.3380745649337769	0.4481433928012848	0.0	1.2688344717025757	0.38496509194374084	0.29495811462402344	0.0	0.0	0.0	0.5197423100471497
1.19937264919281	0.47916004061698914	0.0	0.8192005157470703	0.0	0.0	2.4914846420288086	0.0	0.6625367999076843	0.0	0.0	0.0	0.3962065875530243	0.0	0.0	0.7742619514465332	0.3193391263484955	0.4873117208480835	0.6814048886299133	0.11261879652738571	0.5215520858764648	0.38535425066947937	0.0	0.47087183594703674	1.3595606088638306	0.30122607946395874	0.0	0.0	0.0	0.3944576680660248	0.0	0.6564525365829468	0.0	0.0	0.0	0.8807538747787476	0.20613479614257812	0.703571081161499	1.1894587278366089	0.6948171854019165	0.2798689603805542	0.606799304485321	1.3111612796783447	0.0	0.0	0.0	0.35535910725593567	0.0	0.0	1.3191908597946167	0.3653126657009125	0.0	0.0	0.4202958047389984	1.3372795581817627	0.4532482922077179	0.0	1.274204969406128	0.4454634487628937	0.27724024653434753	0.0	0.0	0.0	0.5721182823181152
1.2305495738983154	0.4401274025440216	0.0	0.8338660597801208	0.0	0.0	2.4706828594207764	0.0	0.6979336142539978	0.0	0.0	0.0	0.39058974385261536	0.0	0.0	0.800791323184967	0.3030688464641571	0.49121567606925964	0.6999472379684448	0.10684146732091904	0.54604172706604	0.3561592996120453	0.0	0.5022388100624084	1.3908007144927979	0.34221792221069336	0.0	0.0	0.0	0.39502057433128357	0.0	0.6544128656387329	0.0	0.0	0.0	0.8450642228126526	0.20004312694072723	0.7366020679473877	1.1648253202438354	0.7281109094619751	0.3003661036491394	0.6337872743606567	1.3512846231460571	0.0	0.0	0.0	0.39569252729415894	0.0	0.0	1.3413347005844116	0.3569539487361908	0.0	0.0	0.44583916664123535	1.3477721214294434	0.46320703625679016	0.0	1.2634248733520508	0.38346388936042786	0.25789088010787964	0.0	0.0	0.0	0.4978404641151428
1.2522506713867188	0.4648514986038208	0.0	0.8601227402687073	0.0	0.0	2.534187078475952	0.0	0.689281702041626	0.0	0.0	0.0	0.3856128454208374	0.0	0.0	0.7940983176231384	0.32515186071395874	0.4709250330924988	0.6844445466995239	0.11540461331605911	0.5555616021156311	0.3712761700153351	0.0	0.4951343238353729	1.395324468612671	0.33400803804397583	0.0	0.0	0.0	0.3776388168334961	0.0	0.6580806970596313	0.0	0.0	0.0	0.8716882467269897	0.22890327870845795	0.7004944682121277	1.1697992086410522	0.7440477013587952	0.29614266753196716	0.6609807014465332	1.3507745265960693	0.0	0.0	0.0	0.34758397936820984	0.0	0.0	1.3495066165924072	0.39644983410835266	0.0	0.0	0.44244155287742615	1.35677969455719	0.4780234694480896	0.0	1.3074464797973633	0.37338438630104065	0.2695430517196655	0.0	0.0	0.0	0.5123389959335327
1.2273486852645874	0.45471128821372986	0.0	0.8180801868438721	0.0	0.0	2.4900271892547607	0.0	0.6706560850143433	0.0	0.0	0.0	0.3777698278427124	0.0	0.0	0.7670655250549316	0.3039550483226776	0.5084273219108582	0.6695628762245178	0.1294070929288864	0.5330538153648376	0.3771182894706726	0.0	0.47993171215057373	1.390324354171753	0.32629960775375366	0.0	0.0	0.0	0.37132248282432556	0.0	0.6682923436164856	0.0	0.0	0.0	0.8497545123100281	0.37424924969673157	0.7130025029182434	1.1516501903533936	0.6941298246383667	0.2938272953033447	0.6392055749893188	1.3125399351119995	0.0	0.0	0.0	0.35732078552246094	0.0	0.0	1.3254905939102173	0.36853283643722534	0.0	0.0	0.4817889630794525	1.33864164352417	0.47611719369888306	0.0	1.2789995670318604	0.40539732575416565	0.2805542051792145	0.0	0.0	0.0	0.5184797644615173
1.2073760032653809	0.4717603921890259	0.0	0.9926555156707764	0.0	0.0	2.4980738162994385	0.0	0.6619799733161926	0.0	0.0	0.0	0.4347669184207916	0.0	0.0	0.8523937463760376	0.3321724236011505	0.5150915384292603	0.7000458836555481	0.1532435119152069	0.558667004108429	0.3795379400253296	0.0	0.48279672861099243	1.3979090452194214	0.36964401602745056	0.0	0.0	0.0	0.42005446553230286	0.0	0.6697540879249573	0.0	0.0	0.0	0.879013180732727	0.24383822083473206	0.7025337815284729	1.1660573482513428	0.7264574766159058	0.28351733088493347	0.6239355802536011	1.2756153345108032	0.0	0.0	0.0	0.38386180996894836	0.0	0.0	1.3502169847488403	0.3811190128326416	0.0	0.0	0.4375966787338257	1.328149676322937	0.46329015493392944	0.0	1.304215908050537	0.5312521457672119	0.30061471462249756	0.0	0.0	0.0	0.5490217804908752
1.22087824344635	0.4335150122642517	0.0	0.825311005115509	0.0	0.0	2.4777207374572754	0.0	0.6613955497741699	0.0	0.0	0.0	0.35614070296287537	0.0	0.0	0.7629963159561157	0.3182872235774994	0.46727147698402405	0.669471800327301	0.11364324390888214	0.5243256092071533	0.36466482281684875	0.0	0.48115548491477966	1.3832005262374878	0.2880958020687103	0.0	0.0	0.0	0.378563791513443	0.0	0.6550268530845642	0.0	0.0	0.0	0.8329976797103882	0.1939801722764969	0.6854201555252075	1.1648977994918823	0.6942628026008606	0.2642691731452942	0.6269346475601196	1.2898083925247192	0.0	0.0	0.0	0.34128597378730774	0.0	0.0	1.3154029846191406	0.37847453355789185	0.0	0.0	0.41831502318382263	1.3220819234848022	0.4453835189342499	0.0	1.272695541381836	0.36106282472610474	0.25524386763572693	0.0	0.0	0.0	0.49874868988990784
1.2555357217788696	0.43284937739372253	0.0	0.8228639960289001	0.0	0.0	2.4554665088653564	0.0	0.6611008644104004	0.0	0.0	0.0	0.41058772802352905	0.0	0.0	0.7599719762802124	0.32608166337013245	0.47950479388237	0.7370668053627014	0.11664876341819763	0.5244269967079163	0.3817855417728424	0.0	0.4742821753025055	1.374009370803833	0.3034077286720276	0.0	0.0	0.0	0.3769094944000244	0.0	0.6518224477767944	0.0	0.0	0.0	0.8780898451805115	0.3823361098766327	0.7061265110969543	1.183587670326233	0.7175824046134949	0.29228320717811584	0.6625485420227051	1.2936289310455322	0.0	0.0	0.0	0.35533347725868225	0.0	0.0	1.3288898468017578	0.47552138566970825	0.0	0.0	0.4318696856498718	1.35581374168396	0.4608597457408905	0.0	1.2854772806167603	0.3685566782951355	0.2859962284564972	0.0	0.0	0.0	0.49763932824134827
1.2127524614334106	0.4877787232398987	0.0	0.8464555740356445	0.0	0.0	2.5647706985473633	0.0	0.6789071559906006	0.0	0.0	0.0	0.3938268721103668	0.0	0.0	0.7808524966239929	0.32385551929473877	0.4967190623283386	0.6864899396896362	0.1338142305612564	0.5408932566642761	0.3825506567955017	0.0	0.47008779644966125	1.3929343223571777	0.29538553953170776	0.0	0.0	0.0	0.40954574942588806	0.0	0.6704248189926147	0.0	0.0	0.0	0.8672353029251099	0.21360574662685394	0.6914675831794739	1.18876314163208	0.7028745412826538	0.2764681875705719	0.6244081258773804	1.3389252424240112	0.0	0.0	0.0	0.36063066124916077	0.0	0.0	1.3462049961090088	0.3987005650997162	0.0	0.0	0.45963069796562195	1.339885950088501	0.468767911195755	0.0	1.3304176330566406	0.39828959107398987	0.2733241617679596	0.0	0.0	0.0	0.5476423501968384
1.2216981649398804	0.4769664406776428	0.0	0.8879050016403198	0.0	0.0	2.4957661628723145	0.0	0.6531201004981995	0.0	0.0	0.0	0.39557144045829773	0.0	0.0	0.7581866979598999	0.33033162355422974	0.5105167627334595	0.7093107104301453	0.11004837602376938	0.5624201893806458	0.36285820603370667	0.0	0.4934922754764557	1.408625602722168	0.3532133400440216	0.0	0.0	0.0	0.38769179582595825	0.0	0.6993372440338135	0.0	0.0	0.0	0.8840693831443787	0.2163853794336319	0.7289432287216187	1.1807265281677246	0.7143887281417847	0.318502277135849	0.6289113759994507	1.323659896850586	0.0	0.0	0.0	0.35966789722442627	0.0	0.0	1.3708791732788086	0.37986695766448975	0.0	0.0	0.4483257234096527	1.359780192375183	0.4609350860118866	0.0	1.3351331949234009	0.41865506768226624	0.30526381731033325	0.0	0.0	0.0	0.554149329662323
1.213165283203125	0.4638846516609192	0.0	0.9572393298149109	0.0	0.0	2.6103813648223877	0.0	0.6648503541946411	0.0	0.0	0.0	0.37939444184303284	0.0	0.0	0.7413840889930725	0.3919138014316559	0.49197453260421753	0.7091319561004639	0.15621644258499146	0.5418639779090881	0.38664695620536804	0.0	0.5974454879760742	1.3523894548416138	0.311771422624588	0.0	0.0	0.0	0.36870336532592773	0.0	0.7163349390029907	0.0	0.0	0.0	0.8831943273544312	0.3081424832344055	0.8030879497528076	1.1813056468963623	0.711307942867279	0.2662956416606903	0.6576098799705505	1.323663592338562	0.0	0.0	0.0	0.35542142391204834	0.0	0.0	1.339318871498108	0.3799867033958435	0.0	0.0	0.5256319642066956	1.3611273765563965	0.4696600139141083	0.0	1.3005530834197998	0.385663777589798	0.3329591751098633	0.0	0.0	0.0	0.5095312595367432
1.2414981126785278	0.448669970035553	0.0	0.9612700343132019	0.0	0.0	2.536067485809326	0.0	0.6772160530090332	0.0	0.0	0.0	0.36983364820480347	0.0	0.0	0.7817331552505493	0.3160470128059387	0.4610448479652405	0.6745473742485046	0.14489077031612396	0.5428506731987	0.3533228635787964	0.0	0.5659214854240417	1.409581184387207	0.2928728759288788	0.0	0.0	0.0	0.37362128496170044	0.0	0.6740166544914246	0.0	0.0	0.0	0.8638201355934143	0.27082952857017517	0.7736404538154602	1.1724951267242432	0.696733295917511	0.2653111219406128	0.6410374641418457	1.2918623685836792	0.0	0.0	0.0	0.3529500663280487	0.0	0.0	1.3741635084152222	0.3780573606491089	0.0	0.0	0.49638256430625916	1.3385188579559326	0.44860705733299255	0.0	1.2891680002212524	0.4047996401786804	0.2564702033996582	0.0	0.0	0.0	0.5193876028060913
1.2122756242752075	0.451193630695343	0.0	0.8742445111274719	0.0	0.0	2.4624993801116943	0.0	0.6667848229408264	0.0	0.0	0.0	0.3945290148258209	0.0	0.0	0.7792282104492188	0.31378209590911865	0.4591134190559387	0.6667501926422119	0.1286996304988861	0.5388911962509155	0.36469799280166626	0.0	0.500421941280365	1.3833160400390625	0.30565425753593445	0.0	0.0	0.0	0.374672532081604	0.0	0.6606714725494385	0.0	0.0	0.0	0.8594441413879395	0.23963646590709686	0.6871515512466431	1.182313084602356	0.7156803607940674	0.2647022008895874	0.6477835774421692	1.295005202293396	0.0	0.0	0.0	0.346030592918396	0.0	0.0	1.3531858921051025	0.36676156520843506	0.0	0.0	0.4223369061946869	1.3368568420410156	0.45941656827926636	0.0	1.2946133613586426	0.3884305953979492	0.26437854766845703	0.0	0.0	0.0	0.503007173538208
1.2156785726547241	0.4553714096546173	0.0	0.8426031470298767	0.0	0.0	2.577634334564209	0.0	0.662579357624054	0.0	0.0	0.0	0.36224961280822754	0.0	0.0	0.8075960278511047	0.3298238515853882	0.5086586475372314	0.713498592376709	0.11045810580253601	0.5416837334632874	0.39524486660957336	0.0	0.5136626362800598	1.3864362239837646	0.3160512149333954	0.0	0.0	0.0	0.3661625385284424	0.0	0.6979668140411377	0.0	0.0	0.0	0.9149909019470215	0.22195681929588318	0.7619616389274597	1.1970832347869873	0.7410037517547607	0.2576979100704193	0.6602494716644287	1.342625379562378	0.0	0.0	0.0	0.36266565322875977	0.0	0.0	1.3628785610198975	0.5076411366462708	0.0	0.0	0.4423818290233612	1.3472012281417847	0.45858314633369446	0.0	1.3149813413619995	0.3925202190876007	0.3058854639530182	0.0	0.0	0.0	0.5063430666923523
1.2316433191299438	0.4435158669948578	0.0	0.8207069039344788	0.0	0.0	2.521662712097168	0.0	0.6508380174636841	0.0	0.0	0.0	0.39523255825042725	0.0	0.0	0.7847771644592285	0.33425840735435486	0.523264467716217	0.7139015197753906	0.12665323913097382	0.5209536552429199	0.3657664954662323	0.0	0.520275354385376	1.3775938749313354	0.3164404034614563	0.0	0.0	0.0	0.3859778344631195	0.0	0.7005751132965088	0.0	0.0	0.0	0.9009189009666443	0.22586406767368317	0.7201317548751831	1.1714237928390503	0.7057237029075623	0.2646246552467346	0.6827011108398438	1.3320974111557007	0.0	0.0	0.0	0.34081652760505676	0.0	0.0	1.3923168182373047	0.42792457342147827	0.0	0.0	0.41724705696105957	1.334694504737854	0.44178828597068787	0.0	1.2849910259246826	0.3772968351840973	0.2985362708568573	0.0	0.0	0.0	0.5345805883407593
1.2397106885910034	0.4551467299461365	0.0	0.8610027432441711	0.0	0.0	2.5293428897857666	0.0	0.6602727174758911	0.0	0.0	0.0	0.4358532428741455	0.0	0.0	0.7966936230659485	0.3037582337856293	0.4696296155452728	0.6789590120315552	0.1355518400669098	0.5495587587356567	0.37279078364372253	0.0	0.46749335527420044	1.4460614919662476	0.3145545423030853	0.0	0.0	0.0	0.39159613847732544	0.0	0.6661929488182068	0.0	0.0	0.0	0.8675139546394348	0.22616511583328247	0.7051094770431519	1.1809929609298706	0.7096170783042908	0.2487504780292511	0.6406093239784241	1.3095020055770874	0.0	0.0	0.0	0.3635512590408325	0.0	0.0	1.3579708337783813	0.4826067388057709	0.0	0.0	0.4539662003517151	1.3659398555755615	0.4455814063549042	0.0	1.3028619289398193	0.3997521698474884	0.26763302087783813	0.0	0.0	0.0	0.5224158763885498
1.2362686395645142	0.4658002555370331	0.0	0.8205150961875916	0.0	0.0	2.572911500930786	0.0	0.6671182513237	0.0	0.0	0.0	0.36786168813705444	0.0	0.0	0.7663598656654358	0.3346334397792816	0.46865031123161316	0.6790136694908142	0.11209993064403534	0.5195375680923462	0.3595137894153595	0.0	0.464933842420578	1.3738740682601929	0.2828940451145172	0.0	0.0	0.0	0.4119923412799835	0.0	0.6625234484672546	0.0	0.0	0.0	0.8710733652114868	0.20924675464630127	0.7000719904899597	1.1663528680801392	0.6973665356636047	0.2933357059955597	0.628152072429657	1.2881313562393188	0.0	0.0	0.0	0.3481205999851227	0.0	0.0	1.3266069889068604	0.363485187292099	0.0	0.0	0.4199480712413788	1.3617140054702759	0.43523159623146057	0.0	1.2849189043045044	0.36892563104629517	0.261648952960968	0.0	0.0	0.0	0.4864274859428406
1.202415108680725	0.4935915172100067	0.0	0.9549238681793213	0.0	0.0	2.56601619720459	0.0	0.7028908133506775	0.0	0.0	0.0	0.4038664698600769	0.0	0.0	0.8223718404769897	0.33183759450912476	0.5000548958778381	0.6714479923248291	0.1258310079574585	0.5534859299659729	0.36261051893234253	0.0	0.6054922938346863	1.3979564905166626	0.31621628999710083	0.0	0.0	0.0	0.3900870084762573	0.0	0.6528273820877075	0.0	0.0	0.0	0.8665307760238647	0.28163421154022217	0.7883936762809753	1.1831382513046265	0.7317797541618347	0.2625308930873871	0.635540783405304	1.3034389019012451	0.0	0.0	0.0	0.3854615390300751	0.0	0.0	1.3430863618850708	0.3845634162425995	0.0	0.0	0.5002014636993408	1.3419842720031738	0.5079570412635803	0.0	1.300593614578247	0.39497408270835876	0.28209933638572693	0.0	0.0	0.0	0.5507004261016846
1.2256945371627808	0.4580978751182556	0.0	0.8414523005485535	0.0	0.0	2.51082181930542	0.0	0.6619619727134705	0.0	0.0	0.0	0.3616507351398468	0.0	0.0	0.7377956509590149	0.3275860846042633	0.5375826358795166	0.7071111798286438	0.11028539389371872	0.5439218282699585	0.40816858410835266	0.0	0.48516207933425903	1.4017090797424316	0.35304751992225647	0.0	0.0	0.0	0.3980858325958252	0.0	0.6691828370094299	0.0	0.0	0.0	0.8503497242927551	0.2422487437725067	0.7137649655342102	1.1768097877502441	0.722125768661499	0.30041998624801636	0.6090426445007324	1.3030790090560913	0.0	0.0	0.0	0.3620983064174652	0.0	0.0	1.3377017974853516	0.36705830693244934	0.0	0.0	0.42237719893455505	1.3245460987091064	0.474689245223999	0.0	1.3174535036087036	0.41221559047698975	0.2888646125793457	0.0	0.0	0.0	0.5071436166763306
1.2555209398269653	0.46885526180267334	0.0	0.9181345105171204	0.0	0.0	2.4912662506103516	0.0	0.7332848310470581	0.0	0.0	0.0	0.456323504447937	0.0	0.0	0.8150668144226074	0.352596253156662	0.5029214024543762	0.674441397190094	0.1056082621216774	0.6138277649879456	0.3560720980167389	0.0	0.5277346968650818	1.4065583944320679	0.35594990849494934	0.0	0.0	0.0	0.35855114459991455	0.0	0.6677687168121338	0.0	0.0	0.0	0.8626477718353271	0.23274362087249756	0.7082552313804626	1.1858168840408325	0.6994218230247498	0.3037029504776001	0.6374372243881226	1.3566135168075562	0.0	0.0	0.0	0.36271557211875916	0.0	0.0	1.4386777877807617	0.3784875273704529	0.0	0.0	0.4290793836116791	1.3807833194732666	0.47356247901916504	0.0	1.2618250846862793	0.41526180505752563	0.32442495226860046	0.0	0.0	0.0	0.5254631042480469
1.2142424583435059	0.501301109790802	0.0	0.8694573044776917	0.0	0.0	2.532792806625366	0.0	0.6732262372970581	0.0	0.0	0.0	0.4205484390258789	0.0	0.0	0.7484537959098816	0.3190622627735138	0.4865991771221161	0.680300235748291	0.12726297974586487	0.5355299115180969	0.37468189001083374	0.0	0.499999463558197	1.3862643241882324	0.3706144392490387	0.0	0.0	0.0	0.373357355594635	0.0	0.6638427972793579	0.0	0.0	0.0	0.853792667388916	0.18493790924549103	0.7370072603225708	1.1893733739852905	0.7237653136253357	0.34245336055755615	0.6377069354057312	1.3190184831619263	0.0	0.0	0.0	0.3457391858100891	0.0	0.0	1.3458480834960938	0.3590681552886963	0.0	0.0	0.49323755502700806	1.350127100944519	0.45273926854133606	0.0	1.2924360036849976	0.46308302879333496	0.2622629404067993	0.0	0.0	0.0	0.4935172200202942
1.2521575689315796	0.4625170826911926	0.0	0.8424164056777954	0.0	0.0	2.48949933052063	0.0	0.7218529582023621	0.0	0.0	0.0	0.38073697686195374	0.0	0.0	0.7722039818763733	0.32366156578063965	0.46612539887428284	0.6730730533599854	0.12751398980617523	0.5560758709907532	0.36390426754951477	0.0	0.5020017623901367	1.389441728591919	0.3349546790122986	0.0	0.0	0.0	0.3659901022911072	0.0	0.6426763534545898	0.0	0.0	0.0	0.8603591918945312	0.2520533502101898	0.6729824542999268	1.1703959703445435	0.7402094006538391	0.3103601634502411	0.6080000400543213	1.3464075326919556	0.0	0.0	0.0	0.3787655532360077	0.0	0.0	1.332640528678894	0.37622514367103577	0.0	0.0	0.44667842984199524	1.3681013584136963	0.4506143629550934	0.0	1.3023245334625244	0.37446048855781555	0.289500892162323	0.0	0.0	0.0	0.5095399022102356
1.195380687713623	0.45167383551597595	0.0	0.822550356388092	0.0	0.0	2.4921908378601074	0.0	0.6622019410133362	0.0	0.0	0.0	0.38864925503730774	0.0	0.0	0.8105683326721191	0.31540757417678833	0.48908302187919617	0.6843064427375793	0.11736152321100235	0.5514172911643982	0.3722829520702362	0.0	0.4758571982383728	1.3616379499435425	0.3289279341697693	0.0	0.0	0.0	0.3967284560203552	0.0	0.6720672249794006	0.0	0.0	0.0	0.8627625107765198	0.3836870789527893	0.7271983027458191	1.1839772462844849	0.6928765177726746	0.2617567479610443	0.6420559287071228	1.311642050743103	0.0	0.0	0.0	0.335217148065567	0.0	0.0	1.3317660093307495	0.3800545334815979	0.0	0.0	0.43802011013031006	1.3467875719070435	0.4588576853275299	0.0	1.3046139478683472	0.3973577618598938	0.2822045087814331	0.0	0.0	0.0	0.5427147746086121
1.2239503860473633	0.5264906883239746	0.0	0.8424486517906189	0.0	0.0	2.5161359310150146	0.0	0.6638634204864502	0.0	0.0	0.0	0.3975050151348114	0.0	0.0	0.763502836227417	0.3801364600658417	0.47189632058143616	0.6699739694595337	0.11615884304046631	0.5361610054969788	0.36090028285980225	0.0	0.48821860551834106	1.3732151985168457	0.33269286155700684	0.0	0.0	0.0	0.3921067714691162	0.0	0.6706792116165161	0.0	0.0	0.0	0.8929519653320312	0.23408517241477966	0.694702684879303	1.2064323425292969	0.7153045535087585	0.26656970381736755	0.6214101314544678	1.317542314529419	0.0	0.0	0.0	0.34882867336273193	0.0	0.0	1.3626216650009155	0.36447930335998535	0.0	0.0	0.44008874893188477	1.3237396478652954	0.49371761083602905	0.0	1.2853206396102905	0.40041446685791016	0.3048055171966553	0.0	0.0	0.0	0.5444366931915283
1.2093479633331299	0.4529028534889221	0.0	0.826653003692627	0.0	0.0	2.463822603225708	0.0	0.6704561114311218	0.0	0.0	0.0	0.3630048632621765	0.0	0.0	0.7797784805297852	0.3097168207168579	0.47703003883361816	0.6862574815750122	0.09798785299062729	0.5526160001754761	0.36334192752838135	0.0	0.48842254281044006	1.3872225284576416	0.318440318107605	0.0	0.0	0.0	0.37743067741394043	0.0	0.6633737683296204	0.0	0.0	0.0	0.8353540301322937	0.22481153905391693	0.683236837387085	1.1838581562042236	0.6793957948684692	0.26451534032821655	0.6236081123352051	1.2822275161743164	0.0	0.0	0.0	0.33891433477401733	0.0	0.0	1.3659148216247559	0.39407989382743835	0.0	0.0	0.4246380031108856	1.3227143287658691	0.44365814328193665	0.0	1.2925063371658325	0.38432058691978455	0.2732051908969879	0.0	0.0	0.0	0.48022371530532837
1.253556489944458	0.4783579707145691	0.0	0.8222388625144958	0.0	0.0	2.5304927825927734	0.0	0.697658360004425	0.0	0.0	0.0	0.377842515707016	0.0	0.0	0.794259250164032	0.31271860003471375	0.4720754325389862	0.6804577708244324	0.13409429788589478	0.5564935803413391	0.3590957522392273	0.0	0.5680275559425354	1.3961455821990967	0.29258447885513306	0.0	0.0	0.0	0.3927663266658783	0.0	0.6710866093635559	0.0	0.0	0.0	0.8760974407196045	0.30703842639923096	0.7650755643844604	1.1857314109802246	0.7004283666610718	0.27971163392066956	0.652094841003418	1.3027769327163696	0.0	0.0	0.0	0.3540690839290619	0.0	0.0	1.3813480138778687	0.38036614656448364	0.0	0.0	0.5329704880714417	1.3726792335510254	0.4701857268810272	0.0	1.3392341136932373	0.37557893991470337	0.30238762497901917	0.0	0.0	0.0	0.539406418800354
1.2529453039169312	0.45572781562805176	0.0	0.8936073184013367	0.0	0.0	2.525895118713379	0.0	0.6568923592567444	0.0	0.0	0.0	0.4238797426223755	0.0	0.0	0.8162097334861755	0.33394795656204224	0.45082730054855347	0.7292758226394653	0.12776903808116913	0.5889515280723572	0.3536587655544281	0.0	0.5155341625213623	1.390880823135376	0.30282288789749146	0.0	0.0	0.0	0.3870409429073334	0.0	0.707075834274292	0.0	0.0	0.0	0.8700211644172668	0.23548756539821625	0.6835602521896362	1.1597325801849365	0.6985908150672913	0.25871574878692627	0.6320742964744568	1.2807345390319824	0.0	0.0	0.0	0.37280169129371643	0.0	0.0	1.430685043334961	0.38311219215393066	0.0	0.0	0.4045080542564392	1.321333408355713	0.48576831817626953	0.0	1.3160712718963623	0.44560936093330383	0.31911009550094604	0.0	0.0	0.0	0.5058388113975525
1.2220025062561035	0.4403752386569977	0.0	0.8054037094116211	0.0	0.0	2.485761880874634	0.0	0.6631624102592468	0.0	0.0	0.0	0.35803887248039246	0.0	0.0	0.8034731149673462	0.3684467077255249	0.47651350498199463	0.6656647324562073	0.11486785858869553	0.5307928919792175	0.3659749925136566	0.0	0.4951663613319397	1.380861759185791	0.28545063734054565	0.0	0.0	0.0	0.371089905500412	0.0	0.6491568684577942	0.0	0.0	0.0	0.8487212061882019	0.21045920252799988	0.6970195770263672	1.1589237451553345	0.6990402936935425	0.26690584421157837	0.6321110129356384	1.2964166402816772	0.0	0.0	0.0	0.3557966351509094	0.0	0.0	1.3324053287506104	0.3839544653892517	0.0	0.0	0.4585810601711273	1.3253754377365112	0.43574243783950806	0.0	1.3055170774459839	0.39653775095939636	0.2563842833042145	0.0	0.0	0.0	0.5145584940910339
1.2425456047058105	0.4417363107204437	0.0	0.8545123338699341	0.0	0.0	2.5537166595458984	0.0	0.6582739353179932	0.0	0.0	0.0	0.3993184566497803	0.0	0.0	0.7902436256408691	0.3308371603488922	0.4796851873397827	0.6877992153167725	0.11161033064126968	0.583030104637146	0.34897536039352417	0.0	0.5019518136978149	1.4039398431777954	0.35309579968452454	0.0	0.0	0.0	0.3830084800720215	0.0	0.6465801000595093	0.0	0.0	0.0	0.8672612309455872	0.21424996852874756	0.7284356951713562	1.190592646598816	0.7071712017059326	0.31195735931396484	0.6583306193351746	1.3504589796066284	0.0	0.0	0.0	0.37324613332748413	0.0	0.0	1.3402498960494995	0.36623722314834595	0.0	0.0	0.4417310655117035	1.3281433582305908	0.4433306157588959	0.0	1.3309491872787476	0.3813358545303345	0.2943122088909149	0.0	0.0	0.0	0.5635462403297424
1.2385503053665161	0.4582962691783905	0.0	0.8519549369812012	0.0	0.0	2.4630470275878906	0.0	0.6881784796714783	0.0	0.0	0.0	0.3703160881996155	0.0	0.0	0.7623434066772461	0.322287917137146	0.5167109966278076	0.6871803402900696	0.11279557645320892	0.5403552651405334	0.36691030859947205	0.0	0.4868265390396118	1.366387128829956	0.35920843482017517	0.0	0.0	0.0	0.38395628333091736	0.0	0.7072127461433411	0.0	0.0	0.0	0.8636831045150757	0.24653814733028412	0.7129390835762024	1.174889326095581	0.735127866268158	0.31485021114349365	0.6106715202331543	1.3081353902816772	0.0	0.0	0.0	0.382625550031662	0.0	0.0	1.3612037897109985	0.36681443452835083	0.0	0.0	0.4611973762512207	1.3444995880126953	0.45204436779022217	0.0	1.3164602518081665	0.39336642622947693	0.3238629996776581	0.0	0.0	0.0	0.5028432607650757
1.2499679327011108	0.46302902698516846	0.0	0.90655916929245	0.0	0.0	2.4547650814056396	0.0	0.703757107257843	0.0	0.0	0.0	0.41160550713539124	0.0	0.0	0.7826842069625854	0.33051130175590515	0.4964847266674042	0.7118107676506042	0.12974484264850616	0.5871872901916504	0.35985657572746277	0.0	0.5023582577705383	1.4115307331085205	0.3234444558620453	0.0	0.0	0.0	0.3787041902542114	0.0	0.70406174659729	0.0	0.0	0.0	0.8781673312187195	0.2604547142982483	0.7079986929893494	1.1931321620941162	0.7333041429519653	0.2791982889175415	0.6337137222290039	1.3052594661712646	0.0	0.0	0.0	0.3776986300945282	0.0	0.0	1.3727567195892334	0.367850124835968	0.0	0.0	0.4255654513835907	1.347156047821045	0.48837557435035706	0.0	1.2909939289093018	0.40311482548713684	0.30371153354644775	0.0	0.0	0.0	0.5538468360900879
1.2029167413711548	0.48507967591285706	0.0	0.8562999367713928	0.0	0.0	2.5383918285369873	0.0	0.6780360341072083	0.0	0.0	0.0	0.36982452869415283	0.0	0.0	0.7876509428024292	0.3335474133491516	0.49985381960868835	0.65409255027771	0.11706148087978363	0.5328869223594666	0.3716776371002197	0.0	0.5035867691040039	1.3944833278656006	0.3264811635017395	0.0	0.0	0.0	0.3881971538066864	0.0	0.691399335861206	0.0	0.0	0.0	0.85182785987854	0.22200356423854828	0.6787893772125244	1.185030221939087	0.7198119759559631	0.2533154785633087	0.6388453245162964	1.3235095739364624	0.0	0.0	0.0	0.3391946852207184	0.0	0.0	1.346850037574768	0.3622131049633026	0.0	0.0	0.45044949650764465	1.320578932762146	0.4644031226634979	0.0	1.3219935894012451	0.38884955644607544	0.27530205249786377	0.0	0.0	0.0	0.4870014786720276
1.2556830644607544	0.45173048973083496	0.0	0.832782506942749	0.0	0.0	2.509267807006836	0.0	0.6689742803573608	0.0	0.0	0.0	0.38036832213401794	0.0	0.0	0.7697514891624451	0.34049513936042786	0.4585927724838257	0.6805948615074158	0.11190996319055557	0.5289583802223206	0.3888980746269226	0.0	0.5033293962478638	1.3863739967346191	0.29778528213500977	0.0	0.0	0.0	0.400445818901062	0.0	0.6700377464294434	0.0	0.0	0.0	0.8502933382987976	0.2071317881345749	0.6983915567398071	1.175291657447815	0.7055374383926392	0.2580203413963318	0.6437256932258606	1.2923070192337036	0.0	0.0	0.0	0.3538583815097809	0.0	0.0	1.3455603122711182	0.3676900565624237	0.0	0.0	0.4151937961578369	1.3432972431182861	0.44736701250076294	0.0	1.3054167032241821	0.38500669598579407	0.2657328248023987	0.0	0.0	0.0	0.5271435976028442
1.235022783279419	0.47378474473953247	0.0	0.849518358707428	0.0	0.0	2.516324520111084	0.0	0.6748926043510437	0.0	0.0	0.0	0.3914991617202759	0.0	0.0	0.8132109642028809	0.316741943359375	0.49994373321533203	0.68718421459198	0.12948216497898102	0.528032660484314	0.37895816564559937	0.0	0.5153436660766602	1.3562698364257812	0.33985066413879395	0.0	0.0	0.0	0.38620492815971375	0.0	0.666958749294281	0.0	0.0	0.0	0.8662723898887634	0.23423320055007935	0.7364202737808228	1.1892403364181519	0.6938821077346802	0.3416557013988495	0.6619157791137695	1.2868791818618774	0.0	0.0	0.0	0.346444696187973	0.0	0.0	1.390566349029541	0.49601614475250244	0.0	0.0	0.44121262431144714	1.3514525890350342	0.4522726833820343	0.0	1.3130913972854614	0.4022005796432495	0.25139498710632324	0.0	0.0	0.0	0.49766644835472107
1.249058723449707	0.4436597526073456	0.0	0.8243950605392456	0.0	0.0	2.5042636394500732	0.0	0.7256382703781128	0.0	0.0	0.0	0.35849446058273315	0.0	0.0	0.7528254389762878	0.3130025565624237	0.466757595539093	0.687347412109375	0.09914456307888031	0.5326232314109802	0.3831876218318939	0.0	0.487075537443161	1.367711067199707	0.32954490184783936	0.0	0.0	0.0	0.4289820194244385	0.0	0.6449985504150391	0.0	0.0	0.0	0.8561566472053528	0.22992488741874695	0.7059542536735535	1.1688660383224487	0.6985928416252136	0.28649047017097473	0.6153119802474976	1.30731999874115	0.0	0.0	0.0	0.38094809651374817	0.0	0.0	1.3285160064697266	0.48021775484085083	0.0	0.0	0.42898350954055786	1.3575018644332886	0.4643678367137909	0.0	1.3013123273849487	0.38674843311309814	0.2599649131298065	0.0	0.0	0.0	0.5005211234092712
1.2106139659881592	0.4797435402870178	0.0	0.8617382645606995	0.0	0.0	2.560936450958252	0.0	0.6688520312309265	0.0	0.0	0.0	0.3768536150455475	0.0	0.0	0.7812716364860535	0.3967798948287964	0.5288476943969727	0.719452977180481	0.13002122938632965	0.5385110974311829	0.3686635494232178	0.0	0.47759127616882324	1.3812949657440186	0.3759685158729553	0.0	0.0	0.0	0.38906535506248474	0.0	0.6944887638092041	0.0	0.0	0.0	0.8592235445976257	0.3940688967704773	0.7317941188812256	1.190130591392517	0.7238759994506836	0.3345404267311096	0.6467450261116028	1.3225631713867188	0.0	0.0	0.0	0.3568142354488373	0.0	0.0	1.349271535873413	0.3802582919597626	0.0	0.0	0.4576401114463806	1.338319182395935	0.4339998960494995	0.0	1.2883620262145996	0.44146057963371277	0.2560776174068451	0.0	0.0	0.0	0.4901788532733917
1.2248467206954956	0.49405500292778015	0.0	0.8851887583732605	0.0	0.0	2.592895030975342	0.0	0.6845107078552246	0.0	0.0	0.0	0.39514270424842834	0.0	0.0	0.8058886528015137	0.3364799916744232	0.5516908168792725	0.6905221939086914	0.10282821208238602	0.543515682220459	0.3605876863002777	0.0	0.49922800064086914	1.3821715116500854	0.34042271971702576	0.0	0.0	0.0	0.40813153982162476	0.0	0.6892042756080627	0.0	0.0	0.0	0.8972452282905579	0.19462163746356964	0.7350331544876099	1.1871349811553955	0.6947068572044373	0.28478726744651794	0.65715491771698	1.3398535251617432	0.0	0.0	0.0	0.3608977496623993	0.0	0.0	1.3815183639526367	0.35941940546035767	0.0	0.0	0.4313652813434601	1.3594603538513184	0.47251683473587036	0.0	1.3173397779464722	0.4369284510612488	0.2582598924636841	0.0	0.0	0.0	0.5669673681259155
1.2640596628189087	0.4798891246318817	0.0	0.8255118131637573	0.0	0.0	2.5320801734924316	0.0	0.6604683995246887	0.0	0.0	0.0	0.37959063053131104	0.0	0.0	0.8006470799446106	0.3519657254219055	0.46028342843055725	0.6736825108528137	0.11185122281312943	0.5496214628219604	0.39191916584968567	0.0	0.5002442598342896	1.3726913928985596	0.29104799032211304	0.0	0.0	0.0	0.40854722261428833	0.0	0.6631516814231873	0.0	0.0	0.0	0.8692812323570251	0.3587242364883423	0.7126646041870117	1.1789900064468384	0.7162878513336182	0.25188735127449036	0.646526038646698	1.2881603240966797	0.0	0.0	0.0	0.3455582559108734	0.0	0.0	1.348144769668579	0.3771321773529053	0.0	0.0	0.4558035135269165	1.3399615287780762	0.42572635412216187	0.0	1.3089799880981445	0.3681297302246094	0.25748321413993835	0.0	0.0	0.0	0.4832051396369934
1.2766892910003662	0.4406633973121643	0.0	0.9315800070762634	0.0	0.0	2.5050671100616455	0.0	0.7412635684013367	0.0	0.0	0.0	0.40138888359069824	0.0	0.0	0.8354039788246155	0.33615413308143616	0.4443557858467102	0.663097083568573	0.11009445786476135	0.6050552725791931	0.3697862923145294	0.0	0.5390423536300659	1.3944923877716064	0.29462486505508423	0.0	0.0	0.0	0.3787204921245575	0.0	0.6578115820884705	0.0	0.0	0.0	0.8426445126533508	0.2701549530029297	0.6850796341896057	1.1955734491348267	0.7028384208679199	0.29984456300735474	0.6520532369613647	1.2850028276443481	0.0	0.0	0.0	0.3849472999572754	0.0	0.0	1.4548296928405762	0.38255566358566284	0.0	0.0	0.4033471643924713	1.3591945171356201	0.46082866191864014	0.0	1.298642635345459	0.39273160696029663	0.3269144594669342	0.0	0.0	0.0	0.5186278820037842
1.289987564086914	0.4516621232032776	0.0	0.9476813077926636	0.0	0.0	2.478609800338745	0.0	0.7088041305541992	0.0	0.0	0.0	0.46302253007888794	0.0	0.0	0.8717330098152161	0.3465539216995239	0.47376346588134766	0.6844328045845032	0.13675320148468018	0.6335112452507019	0.3638870120048523	0.0	0.5689322352409363	1.3992975950241089	0.3212800621986389	0.0	0.0	0.0	0.37374699115753174	0.0	0.6552827954292297	0.0	0.0	0.0	0.8667371869087219	0.4762016534805298	0.7085034251213074	1.1745165586471558	0.7207039594650269	0.271683007478714	0.6408536434173584	1.2823220491409302	0.0	0.0	0.0	0.4078037142753601	0.0	0.0	1.4939287900924683	0.3986053168773651	0.0	0.0	0.4234020411968231	1.3689804077148438	0.47231325507164	0.0	1.3505040407180786	0.3904767334461212	0.28427109122276306	0.0	0.0	0.0	0.5186878442764282
1.2545795440673828	0.5014886856079102	0.0	0.9626525640487671	0.0	0.0	2.533385992050171	0.0	0.6923830509185791	0.0	0.0	0.0	0.3924630880355835	0.0	0.0	0.8670737743377686	0.3282577693462372	0.46319374442100525	0.7028213739395142	0.14735004305839539	0.6445371508598328	0.35204222798347473	0.0	0.5800455808639526	1.393559455871582	0.32147324085235596	0.0	0.0	0.0	0.3983529508113861	0.0	0.6868976354598999	0.0	0.0	0.0	0.8634462356567383	0.32619407773017883	0.7758141756057739	1.1868048906326294	0.7459840774536133	0.2722077965736389	0.6646990776062012	1.3702720403671265	0.0	0.0	0.0	0.4610567092895508	0.0	0.0	1.421332836151123	0.3831596374511719	0.0	0.0	0.43517446517944336	1.3421493768692017	0.4893491268157959	0.0	1.3076728582382202	0.5037038922309875	0.2743857800960541	0.0	0.0	0.0	0.5153594017028809
1.2517169713974	0.4465674161911011	0.0	0.8836567997932434	0.0	0.0	2.481672763824463	0.0	0.7044589519500732	0.0	0.0	0.0	0.37030741572380066	0.0	0.0	0.8093489408493042	0.33385521173477173	0.491646409034729	0.7137337327003479	0.11925173550844193	0.5553680658340454	0.403814435005188	0.0	0.49493157863616943	1.4325147867202759	0.2993195056915283	0.0	0.0	0.0	0.37317678332328796	0.0	0.6771777868270874	0.0	0.0	0.0	0.8573367595672607	0.21329821646213531	0.6835590600967407	1.1937636137008667	0.7161848545074463	0.25495681166648865	0.6352325677871704	1.3158612251281738	0.0	0.0	0.0	0.35889315605163574	0.0	0.0	1.3854838609695435	0.3846879005432129	0.0	0.0	0.45463865995407104	1.3478063344955444	0.4677751362323761	0.0	1.2976257801055908	0.39438220858573914	0.2940352261066437	0.0	0.0	0.0	0.5173563361167908
1.238991141319275	0.45944106578826904	0.0	0.818795382976532	0.0	0.0	2.544707775115967	0.0	0.6900190711021423	0.0	0.0	0.0	0.3799434304237366	0.0	0.0	0.7735106348991394	0.3189103901386261	0.4686572253704071	0.6762583255767822	0.11430474370718002	0.5812472701072693	0.3702846169471741	0.0	0.48564594984054565	1.3624680042266846	0.3130532205104828	0.0	0.0	0.0	0.3679963946342468	0.0	0.6669047474861145	0.0	0.0	0.0	0.8595180511474609	0.2103709578514099	0.6950053572654724	1.1772228479385376	0.7122557163238525	0.25999128818511963	0.6302089691162109	1.283031702041626	0.0	0.0	0.0	0.3611133098602295	0.0	0.0	1.333905816078186	0.47474774718284607	0.0	0.0	0.47288739681243896	1.3298723697662354	0.4438059329986572	0.0	1.334700584411621	0.37282034754753113	0.2542163133621216	0.0	0.0	0.0	0.5081607699394226
1.2059094905853271	0.4633293151855469	0.0	0.8247811794281006	0.0	0.0	2.5179426670074463	0.0	0.6700237393379211	0.0	0.0	0.0	0.3763914108276367	0.0	0.0	0.7602923512458801	0.31645235419273376	0.46749550104141235	0.6685073375701904	0.11063781380653381	0.5264045000076294	0.36767086386680603	0.0	0.47750037908554077	1.369977593421936	0.30611905455589294	0.0	0.0	0.0	0.3671194911003113	0.0	0.6436576247215271	0.0	0.0	0.0	0.8556432127952576	0.23219959437847137	0.6909904479980469	1.1732364892959595	0.6881299018859863	0.26309844851493835	0.6182215213775635	1.2903963327407837	0.0	0.0	0.0	0.34762677550315857	0.0	0.0	1.3469195365905762	0.36096009612083435	0.0	0.0	0.4479595720767975	1.3211170434951782	0.4340202510356903	0.0	1.2753632068634033	0.373090922832489	0.2556845247745514	0.0	0.0	0.0	0.4917249083518982
1.2504165172576904	0.46461179852485657	0.0	0.8607028722763062	0.0	0.0	2.4604504108428955	0.0	0.6975722312927246	0.0	0.0	0.0	0.396278440952301	0.0	0.0	0.7929894328117371	0.33975985646247864	0.4607451558113098	0.67913419008255	0.11103957891464233	0.5631826519966125	0.37255796790122986	0.0	0.501057505607605	1.3838605880737305	0.31865978240966797	0.0	0.0	0.0	0.39520010352134705	0.0	0.6671815514564514	0.0	0.0	0.0	0.8894261717796326	0.3933764696121216	0.6952073574066162	1.1750385761260986	0.7133798003196716	0.26090899109840393	0.6495242118835449	1.2938562631607056	0.0	0.0	0.0	0.3782627582550049	0.0	0.0	1.3801006078720093	0.35419732332229614	0.0	0.0	0.4327757656574249	1.329358458518982	0.44994980096817017	0.0	1.2881932258605957	0.3890156149864197	0.28333187103271484	0.0	0.0	0.0	0.521591067314148
1.232077956199646	0.446967214345932	0.0	0.8189488649368286	0.0	0.0	2.4677329063415527	0.0	0.6608225703239441	0.0	0.0	0.0	0.36630979180336	0.0	0.0	0.7663543820381165	0.3016292154788971	0.4927951693534851	0.7082421183586121	0.14215557277202606	0.5847434997558594	0.3829512894153595	0.0	0.48343625664711	1.3660109043121338	0.2959812879562378	0.0	0.0	0.0	0.3806246519088745	0.0	0.7018073797225952	0.0	0.0	0.0	0.8269309401512146	0.22630298137664795	0.6904318928718567	1.1629711389541626	0.7019075751304626	0.2584385871887207	0.6123023629188538	1.3109649419784546	0.0	0.0	0.0	0.40401557087898254	0.0	0.0	1.3202979564666748	0.3841906487941742	0.0	0.0	0.41680705547332764	1.3070470094680786	0.47200116515159607	0.0	1.287520170211792	0.39192962646484375	0.3074949383735657	0.0	0.0	0.0	0.4812074601650238
1.2362629175186157	0.4550950825214386	0.0	0.8498306274414062	0.0	0.0	2.504091739654541	0.0	0.6641666889190674	0.0	0.0	0.0	0.3958847224712372	0.0	0.0	0.754433810710907	0.33503592014312744	0.5151591300964355	0.7048314213752747	0.11634989827871323	0.547757089138031	0.3979772925376892	0.0	0.5040445923805237	1.3864383697509766	0.3306729793548584	0.0	0.0	0.0	0.38330963253974915	0.0	0.6822689175605774	0.0	0.0	0.0	0.8974081873893738	0.3893178403377533	0.7113093733787537	1.1839022636413574	0.7058334946632385	0.25707024335861206	0.6668840646743774	1.2983952760696411	0.0	0.0	0.0	0.382335364818573	0.0	0.0	1.3500101566314697	0.3874248266220093	0.0	0.0	0.4344065189361572	1.3399615287780762	0.4742506742477417	0.0	1.2900656461715698	0.3849611282348633	0.30786263942718506	0.0	0.0	0.0	0.5115842819213867
1.223259687423706	0.4513905644416809	0.0	0.8185539245605469	0.0	0.0	2.5065982341766357	0.0	0.67307448387146	0.0	0.0	0.0	0.35498636960983276	0.0	0.0	0.7709142565727234	0.3205888569355011	0.4581421911716461	0.6740941405296326	0.12015984207391739	0.5689074993133545	0.34124910831451416	0.0	0.4768931269645691	1.3479505777359009	0.295712947845459	0.0	0.0	0.0	0.40992969274520874	0.0	0.6871206760406494	0.0	0.0	0.0	0.8425223231315613	0.21338225901126862	0.6977885961532593	1.15571129322052	0.7027407288551331	0.27407538890838623	0.6233915090560913	1.2978030443191528	0.0	0.0	0.0	0.3502417206764221	0.0	0.0	1.3236888647079468	0.39405253529548645	0.0	0.0	0.5176994204521179	1.3281503915786743	0.4490315318107605	0.0	1.3231123685836792	0.3789525628089905	0.2651602327823639	0.0	0.0	0.0	0.5023368000984192
1.2384675741195679	0.46023136377334595	0.0	0.8402592539787292	0.0	0.0	2.546670436859131	0.0	0.6792861223220825	0.0	0.0	0.0	0.3835112154483795	0.0	0.0	0.8163114786148071	0.3201771080493927	0.48136013746261597	0.6835767030715942	0.1212676540017128	0.5462356209754944	0.38041919469833374	0.0	0.49697843194007874	1.3662159442901611	0.317425400018692	0.0	0.0	0.0	0.3868304491043091	0.0	0.6682477593421936	0.0	0.0	0.0	0.8618379831314087	0.2462519258260727	0.7118523716926575	1.2011637687683105	0.7105492949485779	0.26586320996284485	0.6688740253448486	1.3230323791503906	0.0	0.0	0.0	0.34936782717704773	0.0	0.0	1.3563061952590942	0.3745446801185608	0.0	0.0	0.45695582032203674	1.3471263647079468	0.4808149039745331	0.0	1.324256181716919	0.4175369441509247	0.26380181312561035	0.0	0.0	0.0	0.5140137672424316
1.2589938640594482	0.4916859269142151	0.0	0.8441328406333923	0.0	0.0	2.5089974403381348	0.0	0.6633113622665405	0.0	0.0	0.0	0.3881877362728119	0.0	0.0	0.8681062459945679	0.3694697618484497	0.49695682525634766	0.6785171031951904	0.12542696297168732	0.5743196606636047	0.37917187809944153	0.0	0.49691087007522583	1.3867661952972412	0.3107830286026001	0.0	0.0	0.0	0.37451139092445374	0.0	0.664277195930481	0.0	0.0	0.0	0.8668392896652222	0.2142239809036255	0.6985594034194946	1.1811953783035278	0.7163833975791931	0.2746429145336151	0.6520113348960876	1.3228240013122559	0.0	0.0	0.0	0.3643752634525299	0.0	0.0	1.3721562623977661	0.3749735951423645	0.0	0.0	0.42429018020629883	1.3565237522125244	0.48976388573646545	0.0	1.326319932937622	0.4162830710411072	0.2837013602256775	0.0	0.0	0.0	0.5097883939743042
1.2689542770385742	0.470744252204895	0.0	0.9560422301292419	0.0	0.0	2.5037944316864014	0.0	0.6668457984924316	0.0	0.0	0.0	0.38297557830810547	0.0	0.0	0.763559103012085	0.33058497309684753	0.4901086688041687	0.7009839415550232	0.1446978896856308	0.5265311598777771	0.40835848450660706	0.0	0.5949293971061707	1.3815889358520508	0.3170739412307739	0.0	0.0	0.0	0.3866337537765503	0.0	0.7101904153823853	0.0	0.0	0.0	0.8378275632858276	0.2712230384349823	0.7604140043258667	1.1817244291305542	0.7081586718559265	0.2733394503593445	0.6515548825263977	1.3060250282287598	0.0	0.0	0.0	0.3368450403213501	0.0	0.0	1.3323678970336914	0.37275534868240356	0.0	0.0	0.4874393045902252	1.324799656867981	0.4792936444282532	0.0	1.2693934440612793	0.4103350341320038	0.3308264911174774	0.0	0.0	0.0	0.49208950996398926
1.2004684209823608	0.42650923132896423	0.0	0.813107430934906	0.0	0.0	2.4369568824768066	0.0	0.6507828235626221	0.0	0.0	0.0	0.39446818828582764	0.0	0.0	0.7751141786575317	0.3335753083229065	0.4883578419685364	0.6781736016273499	0.11083263903856277	0.51119065284729	0.3655107915401459	0.0	0.46859869360923767	1.365742802619934	0.2985447645187378	0.0	0.0	0.0	0.3792839050292969	0.0	0.6526856422424316	0.0	0.0	0.0	0.8897789120674133	0.1996368169784546	0.7266606092453003	1.1731969118118286	0.7213281393051147	0.25578922033309937	0.6231966018676758	1.2884992361068726	0.0	0.0	0.0	0.3388553261756897	0.0	0.0	1.3210645914077759	0.4619377553462982	0.0	0.0	0.42314016819000244	1.3151440620422363	0.4435071349143982	0.0	1.2914386987686157	0.3716602325439453	0.26185914874076843	0.0	0.0	0.0	0.48937398195266724
1.2640063762664795	0.4968181252479553	0.0	1.0196431875228882	0.0	0.0	2.5560030937194824	0.0	0.6643094420433044	0.0	0.0	0.0	0.40324458479881287	0.0	0.0	0.7602531313896179	0.36678510904312134	0.5228610634803772	0.6700029373168945	0.16248200833797455	0.5547308325767517	0.36784815788269043	0.0	0.5838155746459961	1.3816277980804443	0.3145785927772522	0.0	0.0	0.0	0.3994967043399811	0.0	0.6624606847763062	0.0	0.0	0.0	0.8674451112747192	0.25982385873794556	0.8447304964065552	1.1831966638565063	0.70316481590271	0.3061930239200592	0.6862327456474304	1.324918270111084	0.0	0.0	0.0	0.3479398190975189	0.0	0.0	1.3329511880874634	0.3758868873119354	0.0	0.0	0.5427156686782837	1.4303375482559204	0.5101060271263123	0.0	1.3253185749053955	0.38600867986679077	0.27804839611053467	0.0	0.0	0.0	0.5012722611427307
1.2796746492385864	0.4489734470844269	0.0	0.8212588429450989	0.0	0.0	2.4935925006866455	0.0	0.671821117401123	0.0	0.0	0.0	0.38685521483421326	0.0	0.0	0.7689247727394104	0.33840376138687134	0.5341765284538269	0.7361411452293396	0.12461975961923599	0.5602961778640747	0.4224241077899933	0.0	0.5101310610771179	1.3587639331817627	0.3258110284805298	0.0	0.0	0.0	0.3896735608577728	0.0	0.7380958199501038	0.0	0.0	0.0	0.8979714512825012	0.22831010818481445	0.730453610420227	1.1931004524230957	0.7207282781600952	0.28852707147598267	0.6617868542671204	1.3147037029266357	0.0	0.0	0.0	0.36951467394828796	0.0	0.0	1.3422331809997559	0.41780734062194824	0.0	0.0	0.4545799493789673	1.331954836845398	0.49239274859428406	0.0	1.3132752180099487	0.40130841732025146	0.3463554382324219	0.0	0.0	0.0	0.5507715940475464
1.2566322088241577	0.4508425295352936	0.0	0.8577417731285095	0.0	0.0	2.483795166015625	0.0	0.6719369888305664	0.0	0.0	0.0	0.4012294113636017	0.0	0.0	0.7845838069915771	0.3561908006668091	0.46099889278411865	0.6762627363204956	0.10375760495662689	0.5850757360458374	0.34866392612457275	0.0	0.4772735834121704	1.410300612449646	0.29620933532714844	0.0	0.0	0.0	0.3655420243740082	0.0	0.6452884078025818	0.0	0.0	0.0	0.8637394309043884	0.2083844393491745	0.6799671649932861	1.1936956644058228	0.6917269825935364	0.2643861174583435	0.6312820911407471	1.3032408952713013	0.0	0.0	0.0	0.35908186435699463	0.0	0.0	1.3716620206832886	0.35859036445617676	0.0	0.0	0.41366472840309143	1.3426904678344727	0.43267393112182617	0.0	1.2952758073806763	0.3598889112472534	0.2699577808380127	0.0	0.0	0.0	0.5099760293960571
1.199647307395935	0.45930466055870056	0.0	0.8256186842918396	0.0	0.0	2.613447427749634	0.0	0.6495092511177063	0.0	0.0	0.0	0.36304378509521484	0.0	0.0	0.7577388286590576	0.32124418020248413	0.4616020917892456	0.6639841198921204	0.11183340102434158	0.5213968753814697	0.35798579454421997	0.0	0.4988638162612915	1.374517798423767	0.30019083619117737	0.0	0.0	0.0	0.3592800199985504	0.0	0.6527493596076965	0.0	0.0	0.0	0.8312545418739319	0.20769408345222473	0.6777330636978149	1.1918485164642334	0.70610111951828	0.28043702244758606	0.6158140897750854	1.281116247177124	0.0	0.0	0.0	0.3552051782608032	0.0	0.0	1.3273863792419434	0.3627021312713623	0.0	0.0	0.42992034554481506	1.3520816564559937	0.4803636372089386	0.0	1.314131498336792	0.3662432134151459	0.24744650721549988	0.0	0.0	0.0	0.48728692531585693
1.2319005727767944	0.4731423556804657	0.0	0.9419686794281006	0.0	0.0	2.535160541534424	0.0	0.6651872396469116	0.0	0.0	0.0	0.39362284541130066	0.0	0.0	0.7905712127685547	0.32864829897880554	0.47616347670555115	0.6653391718864441	0.1441476196050644	0.5463942289352417	0.38144293427467346	0.0	0.6087090373039246	1.4185407161712646	0.3107220232486725	0.0	0.0	0.0	0.3698059618473053	0.0	0.6593899130821228	0.0	0.0	0.0	0.8648825287818909	0.29745835065841675	0.7894327640533447	1.1822631359100342	0.7184579372406006	0.24890699982643127	0.6504433751106262	1.3316535949707031	0.0	0.0	0.0	0.3785305917263031	0.0	0.0	1.384994387626648	0.4079586863517761	0.0	0.0	0.48894497752189636	1.3655668497085571	0.46457934379577637	0.0	1.2986971139907837	0.40685731172561646	0.27244654297828674	0.0	0.0	0.0	0.4877009689807892
1.2329260110855103	0.4175831973552704	0.0	0.9171571731567383	0.0	0.0	2.5253443717956543	0.0	0.6930244565010071	0.0	0.0	0.0	0.4306935966014862	0.0	0.0	0.8477412462234497	0.3112185597419739	0.4634004831314087	0.6634287238121033	0.10970970243215561	0.5992772579193115	0.3831265866756439	0.0	0.526806116104126	1.3869211673736572	0.32881394028663635	0.0	0.0	0.0	0.3774002492427826	0.0	0.6376399397850037	0.0	0.0	0.0	0.8346691131591797	0.38248947262763977	0.6678678393363953	1.2017853260040283	0.6897106170654297	0.2527240216732025	0.6335809230804443	1.2694636583328247	0.0	0.0	0.0	0.37162962555885315	0.0	0.0	1.3586738109588623	0.38219913840293884	0.0	0.0	0.4037218391895294	1.3458937406539917	0.43814462423324585	0.0	1.3155276775360107	0.44518399238586426	0.24759432673454285	0.0	0.0	0.0	0.47494766116142273
1.2371745109558105	0.4631827473640442	0.0	0.8606874942779541	0.0	0.0	2.5215115547180176	0.0	0.6747274994850159	0.0	0.0	0.0	0.3721945285797119	0.0	0.0	0.7758480906486511	0.3132641911506653	0.4978029429912567	0.7073966860771179	0.15460576117038727	0.5469202399253845	0.3746796250343323	0.0	0.495119571685791	1.4225239753723145	0.36340847611427307	0.0	0.0	0.0	0.3846258521080017	0.0	0.6572460532188416	0.0	0.0	0.0	0.8525969982147217	0.23640236258506775	0.7114234566688538	1.1926887035369873	0.7113152742385864	0.24714045226573944	0.6402591466903687	1.3090707063674927	0.0	0.0	0.0	0.37133100628852844	0.0	0.0	1.3757230043411255	0.42160865664482117	0.0	0.0	0.4313075840473175	1.3521852493286133	0.46054837107658386	0.0	1.3027703762054443	0.40927690267562866	0.2736876308917999	0.0	0.0	0.0	0.5280367732048035
1.2355486154556274	0.4410838186740875	0.0	0.818680465221405	0.0	0.0	2.4664831161499023	0.0	0.6580477356910706	0.0	0.0	0.0	0.3777149021625519	0.0	0.0	0.7419017553329468	0.321975976228714	0.47368717193603516	0.675966739654541	0.12680597603321075	0.5345702171325684	0.3587822914123535	0.0	0.493704617023468	1.3902251720428467	0.3250008523464203	0.0	0.0	0.0	0.3919321298599243	0.0	0.7035622596740723	0.0	0.0	0.0	0.8391238451004028	0.22596214711666107	0.7040205001831055	1.1710375547409058	0.7310324907302856	0.2668573558330536	0.6073624491691589	1.2990952730178833	0.0	0.0	0.0	0.34142357110977173	0.0	0.0	1.3444818258285522	0.3723001778125763	0.0	0.0	0.42650511860847473	1.3511956930160522	0.44210413098335266	0.0	1.2907770872116089	0.40021759271621704	0.2894102931022644	0.0	0.0	0.0	0.4904305040836334
1.2284386157989502	0.4596460163593292	0.0	0.8131447434425354	0.0	0.0	2.4729115962982178	0.0	0.6568750143051147	0.0	0.0	0.0	0.3758757710456848	0.0	0.0	0.763767659664154	0.31230831146240234	0.46474429965019226	0.6757895350456238	0.13279509544372559	0.514946699142456	0.36303216218948364	0.0	0.4877482056617737	1.3818424940109253	0.2969355285167694	0.0	0.0	0.0	0.37666964530944824	0.0	0.6742162108421326	0.0	0.0	0.0	0.8455960154533386	0.2207670509815216	0.6950130462646484	1.1661655902862549	0.7075300812721252	0.2610767185688019	0.6416858434677124	1.3298473358154297	0.0	0.0	0.0	0.36660492420196533	0.0	0.0	1.3448944091796875	0.3747173547744751	0.0	0.0	0.43665817379951477	1.3151652812957764	0.4895569980144501	0.0	1.2825182676315308	0.3911983370780945	0.2762383222579956	0.0	0.0	0.0	0.5017327070236206
1.2416452169418335	0.45856454968452454	0.0	0.919736921787262	0.0	0.0	2.5472707748413086	0.0	0.6682295799255371	0.0	0.0	0.0	0.4027197062969208	0.0	0.0	0.7573491334915161	0.34805548191070557	0.468294233083725	0.7314765453338623	0.1125425398349762	0.5561957955360413	0.3818355202674866	0.0	0.605214536190033	1.363128423690796	0.28179189562797546	0.0	0.0	0.0	0.37918925285339355	0.0	0.659839928150177	0.0	0.0	0.0	0.8775330185890198	0.24403509497642517	0.781227171421051	1.1960161924362183	0.7354090213775635	0.25998592376708984	0.6503724455833435	1.29317307472229	0.0	0.0	0.0	0.3454090356826782	0.0	0.0	1.331749677658081	0.4928279221057892	0.0	0.0	0.48965731263160706	1.3776649236679077	0.4646872878074646	0.0	1.2795140743255615	0.4178209900856018	0.28682035207748413	0.0	0.0	0.0	0.5940914750099182
1.2387579679489136	0.4640595614910126	0.0	0.8698413372039795	0.0	0.0	2.555525064468384	0.0	0.6807007193565369	0.0	0.0	0.0	0.3736339807510376	0.0	0.0	0.7731684446334839	0.3097367584705353	0.5096994638442993	0.6891109347343445	0.12301473319530487	0.5227766633033752	0.39662447571754456	0.0	0.4747663736343384	1.3983771800994873	0.34599432349205017	0.0	0.0	0.0	0.38404303789138794	0.0	0.6987766027450562	0.0	0.0	0.0	0.842720627784729	0.2397157996892929	0.7379744052886963	1.1868164539337158	0.6954647898674011	0.3071557581424713	0.6322718858718872	1.3101576566696167	0.0	0.0	0.0	0.36455801129341125	0.0	0.0	1.3749202489852905	0.4769206643104553	0.0	0.0	0.43834927678108215	1.3633122444152832	0.46453824639320374	0.0	1.2969239950180054	0.420767217874527	0.2987803816795349	0.0	0.0	0.0	0.5076028108596802
1.2314884662628174	0.4613555669784546	0.0	1.003289818763733	0.0	0.0	2.610063076019287	0.0	0.7282833456993103	0.0	0.0	0.0	0.38097837567329407	0.0	0.0	0.8474045991897583	0.34423696994781494	0.48939383029937744	0.686530351638794	0.14378495514392853	0.5929766893386841	0.37742260098457336	0.0	0.6135446429252625	1.4320919513702393	0.31601840257644653	0.0	0.0	0.0	0.4036349654197693	0.0	0.6392722129821777	0.0	0.0	0.0	0.8708245754241943	0.2912575602531433	0.7904127240180969	1.1813997030258179	0.7129687070846558	0.2465403974056244	0.640160858631134	1.273932933807373	0.0	0.0	0.0	0.37187209725379944	0.0	0.0	1.485438346862793	0.38416364789009094	0.0	0.0	0.5046040415763855	1.3664902448654175	0.46061810851097107	0.0	1.3276498317718506	0.4545714855194092	0.28794124722480774	0.0	0.0	0.0	0.5126705169677734
1.2288647890090942	0.4682047665119171	0.0	0.8214038014411926	0.0	0.0	2.4850308895111084	0.0	0.6518871784210205	0.0	0.0	0.0	0.39863356947898865	0.0	0.0	0.758867084980011	0.33744242787361145	0.4534618854522705	0.6823057532310486	0.12108862400054932	0.5550553798675537	0.34684619307518005	0.0	0.5165302157402039	1.3786344528198242	0.3120272159576416	0.0	0.0	0.0	0.41032642126083374	0.0	0.6970270276069641	0.0	0.0	0.0	0.8847023844718933	0.20618149638175964	0.7173753380775452	1.1873928308486938	0.740378201007843	0.2715233564376831	0.6247072815895081	1.3581795692443848	0.0	0.0	0.0	0.34236642718315125	0.0	0.0	1.326606273651123	0.36704960465431213	0.0	0.0	0.4314744770526886	1.3246897459030151	0.4430307149887085	0.0	1.2845017910003662	0.41462424397468567	0.30083268880844116	0.0	0.0	0.0	0.561576783657074
1.2298682928085327	0.47724980115890503	0.0	0.8154498934745789	0.0	0.0	2.448843479156494	0.0	0.6696231365203857	0.0	0.0	0.0	0.3692980110645294	0.0	0.0	0.7570922374725342	0.3167247772216797	0.4545495808124542	0.6676726937294006	0.12307578325271606	0.5384917259216309	0.3579205572605133	0.0	0.49087727069854736	1.3791661262512207	0.3120015561580658	0.0	0.0	0.0	0.4056205451488495	0.0	0.6847640872001648	0.0	0.0	0.0	0.8589933514595032	0.21064504981040955	0.6986919641494751	1.1463278532028198	0.7079894542694092	0.28064483404159546	0.6698338389396667	1.360743761062622	0.0	0.0	0.0	0.3378792405128479	0.0	0.0	1.3172122240066528	0.3688085079193115	0.0	0.0	0.4459379017353058	1.3191317319869995	0.48456355929374695	0.0	1.2721799612045288	0.3858695328235626	0.2705219089984894	0.0	0.0	0.0	0.5013070702552795
1.2455726861953735	0.46727603673934937	0.0	0.8141002058982849	0.0	0.0	2.5693039894104004	0.0	0.6885243058204651	0.0	0.0	0.0	0.3857997953891754	0.0	0.0	0.7919929027557373	0.3148525059223175	0.4690549969673157	0.6910479664802551	0.11210019886493683	0.554206907749176	0.36497169733047485	0.0	0.4851851463317871	1.4238470792770386	0.30478259921073914	0.0	0.0	0.0	0.3831508159637451	0.0	0.684088945388794	0.0	0.0	0.0	0.8892925381660461	0.20261506736278534	0.7039883732795715	1.2152060270309448	0.7343621850013733	0.2663985788822174	0.6309342980384827	1.2891104221343994	0.0	0.0	0.0	0.3603065609931946	0.0	0.0	1.3463389873504639	0.36228975653648376	0.0	0.0	0.4337831735610962	1.3074939250946045	0.4597809314727783	0.0	1.3013215065002441	0.3799826204776764	0.27630046010017395	0.0	0.0	0.0	0.5579172372817993
1.2631210088729858	0.4642522931098938	0.0	0.9032957553863525	0.0	0.0	2.5152409076690674	0.0	0.714276909828186	0.0	0.0	0.0	0.40469175577163696	0.0	0.0	0.8474130630493164	0.31850096583366394	0.47669270634651184	0.6587228178977966	0.10554587095975876	0.6040186285972595	0.35548141598701477	0.0	0.5201815962791443	1.3941316604614258	0.3279436230659485	0.0	0.0	0.0	0.3662727177143097	0.0	0.649951159954071	0.0	0.0	0.0	0.856450617313385	0.23129519820213318	0.6827050447463989	1.179153561592102	0.7178221940994263	0.2601192891597748	0.6244028806686401	1.322653889656067	0.0	0.0	0.0	0.37580105662345886	0.0	0.0	1.458625078201294	0.36469757556915283	0.0	0.0	0.43979412317276	1.3591632843017578	0.4616696536540985	0.0	1.3140379190444946	0.4464768171310425	0.2790156602859497	0.0	0.0	0.0	0.49313977360725403
1.2388571500778198	0.4516024887561798	0.0	0.9538147449493408	0.0	0.0	2.57043194770813	0.0	0.7111486196517944	0.0	0.0	0.0	0.43728867173194885	0.0	0.0	0.8207224607467651	0.3321276903152466	0.4526273012161255	0.6539415121078491	0.13576164841651917	0.6102250218391418	0.36971190571784973	0.0	0.598962664604187	1.3954917192459106	0.3402417302131653	0.0	0.0	0.0	0.3832177221775055	0.0	0.6447687149047852	0.0	0.0	0.0	0.8541786074638367	0.25917789340019226	0.7586973905563354	1.1911969184875488	0.7001155018806458	0.2844427227973938	0.6406009793281555	1.332537293434143	0.0	0.0	0.0	0.3682900071144104	0.0	0.0	1.4445948600769043	0.4118072986602783	0.0	0.0	0.4984401762485504	1.3627746105194092	0.47396424412727356	0.0	1.3474538326263428	0.46238356828689575	0.28372570872306824	0.0	0.0	0.0	0.5198198556900024
1.2265208959579468	0.4401789903640747	0.0	0.8399089574813843	0.0	0.0	2.4753341674804688	0.0	0.6585434079170227	0.0	0.0	0.0	0.40148642659187317	0.0	0.0	0.7903981804847717	0.3150177299976349	0.5163018107414246	0.6904311776161194	0.12143456190824509	0.5522099137306213	0.37890055775642395	0.0	0.5352759957313538	1.3948655128479004	0.3142754137516022	0.0	0.0	0.0	0.37338653206825256	0.0	0.6440398097038269	0.0	0.0	0.0	0.9007991552352905	0.22017885744571686	0.6876415610313416	1.1785720586776733	0.697642982006073	0.2884148359298706	0.630214512348175	1.3212372064590454	0.0	0.0	0.0	0.37482473254203796	0.0	0.0	1.3777706623077393	0.4003623425960541	0.0	0.0	0.41332095861434937	1.327391266822815	0.42961737513542175	0.0	1.2700681686401367	0.40085288882255554	0.277451753616333	0.0	0.0	0.0	0.5142731070518494
1.2487207651138306	0.5256878733634949	0.0	0.9132864475250244	0.0	0.0	2.555699348449707	0.0	0.6755259037017822	0.0	0.0	0.0	0.3700491786003113	0.0	0.0	0.7929613590240479	0.3063731789588928	0.4619498550891876	0.7454552054405212	0.12958262860774994	0.5440389513969421	0.3591860830783844	0.0	0.6096197962760925	1.3552151918411255	0.3247338831424713	0.0	0.0	0.0	0.38199904561042786	0.0	0.7714473605155945	0.0	0.0	0.0	0.8444667458534241	0.3079286813735962	0.7734270095825195	1.1765533685684204	0.7255309224128723	0.2606225311756134	0.6747521162033081	1.3683875799179077	0.0	0.0	0.0	0.36228612065315247	0.0	0.0	1.3079465627670288	0.3712649643421173	0.0	0.0	0.5123782753944397	1.3426399230957031	0.527990460395813	0.0	1.2985327243804932	0.40123534202575684	0.35340416431427	0.0	0.0	0.0	0.4980371594429016
1.2573187351226807	0.45254239439964294	0.0	0.9307780861854553	0.0	0.0	2.4823641777038574	0.0	0.7031193375587463	0.0	0.0	0.0	0.37082886695861816	0.0	0.0	0.7577100992202759	0.31453654170036316	0.48213550448417664	0.6873658299446106	0.1263485699892044	0.5298411250114441	0.3918306231498718	0.0	0.5639678835868835	1.3784239292144775	0.30883076786994934	0.0	0.0	0.0	0.3751145303249359	0.0	0.661427915096283	0.0	0.0	0.0	0.8745932579040527	0.26090213656425476	0.8037799596786499	1.1861469745635986	0.7089380621910095	0.28984448313713074	0.6358363032341003	1.3324798345565796	0.0	0.0	0.0	0.35672613978385925	0.0	0.0	1.3315725326538086	0.37231990694999695	0.0	0.0	0.5107963681221008	1.3419610261917114	0.4663388431072235	0.0	1.27973210811615	0.37901002168655396	0.28786569833755493	0.0	0.0	0.0	0.5022568702697754
1.264272689819336	0.484253466129303	0.0	0.9768543839454651	0.0	0.0	2.5319552421569824	0.0	0.6813753247261047	0.0	0.0	0.0	0.43145090341567993	0.0	0.0	0.7771518230438232	0.33551082015037537	0.5346534848213196	0.7378154993057251	0.22926120460033417	0.5448547601699829	0.41982924938201904	0.0	0.6030538082122803	1.386448621749878	0.3272888958454132	0.0	0.0	0.0	0.3906759023666382	0.0	0.7300114035606384	0.0	0.0	0.0	0.9082611799240112	0.2928524613380432	0.7394067049026489	1.1745327711105347	0.7492246627807617	0.3194706439971924	0.6726551651954651	1.3431062698364258	0.0	0.0	0.0	0.3673190772533417	0.0	0.0	1.380014181137085	0.4132525324821472	0.0	0.0	0.46426573395729065	1.3511061668395996	0.48018571734428406	0.0	1.3346781730651855	0.42899417877197266	0.3529423475265503	0.0	0.0	0.0	0.5225255489349365
1.2333264350891113	0.4618866741657257	0.0	0.8653019070625305	0.0	0.0	2.5070433616638184	0.0	0.6986105442047119	0.0	0.0	0.0	0.40534642338752747	0.0	0.0	0.7975654006004333	0.3341725170612335	0.5157041549682617	0.7204998135566711	0.16762574017047882	0.5616057515144348	0.3742096722126007	0.0	0.48167699575424194	1.452889084815979	0.32227882742881775	0.0	0.0	0.0	0.38224613666534424	0.0	0.645820677280426	0.0	0.0	0.0	0.8846995830535889	0.40542811155319214	0.7054488658905029	1.1912362575531006	0.7216638922691345	0.29322776198387146	0.6174231171607971	1.317528486251831	0.0	0.0	0.0	0.3602268099784851	0.0	0.0	1.321665644645691	0.40627580881118774	0.0	0.0	0.4192567765712738	1.329547643661499	0.447843074798584	0.0	1.3276206254959106	0.3945234417915344	0.2946647107601166	0.0	0.0	0.0	0.5738838315010071
1.2350271940231323	0.4965379536151886	0.0	0.894375741481781	0.0	0.0	2.5382137298583984	0.0	0.7155901789665222	0.0	0.0	0.0	0.4261923134326935	0.0	0.0	0.8309991955757141	0.33157360553741455	0.5206521153450012	0.6882340312004089	0.10957055538892746	0.5934330224990845	0.38758471608161926	0.0	0.5101258754730225	1.3646938800811768	0.3296681046485901	0.0	0.0	0.0	0.3813532590866089	0.0	0.7159183025360107	0.0	0.0	0.0	0.862044095993042	0.2356855720281601	0.7190468907356262	1.1882095336914062	0.6864228844642639	0.2802979052066803	0.6059879660606384	1.3049978017807007	0.0	0.0	0.0	0.3665409982204437	0.0	0.0	1.4381129741668701	0.47435685992240906	0.0	0.0	0.46061238646507263	1.3514878749847412	0.45937395095825195	0.0	1.3123208284378052	0.46910175681114197	0.3322710692882538	0.0	0.0	0.0	0.5108351707458496
1.2239454984664917	0.5028270483016968	0.0	0.937842607498169	0.0	0.0	2.5465588569641113	0.0	0.6994569897651672	0.0	0.0	0.0	0.3978601098060608	0.0	0.0	0.7920414805412292	0.35854965448379517	0.5324469804763794	0.7185692191123962	0.11997434496879578	0.5444402694702148	0.38769495487213135	0.0	0.5107775330543518	1.4167675971984863	0.4086403250694275	0.0	0.0	0.0	0.39400535821914673	0.0	0.6787817478179932	0.0	0.0	0.0	0.8511718511581421	0.20861297845840454	0.7289380431175232	1.1806449890136719	0.7099841237068176	0.30366697907447815	0.6675652265548706	1.3315231800079346	0.0	0.0	0.0	0.3846778869628906	0.0	0.0	1.4296457767486572	0.3630276620388031	0.0	0.0	0.45422986149787903	1.388725757598877	0.44974303245544434	0.0	1.3267323970794678	0.47594815492630005	0.25790008902549744	0.0	0.0	0.0	0.4916413426399231
1.2293025255203247	0.4743669033050537	0.0	0.8271546959877014	0.0	0.0	2.5694897174835205	0.0	0.653001070022583	0.0	0.0	0.0	0.39196261763572693	0.0	0.0	0.7635031342506409	0.3167954683303833	0.5406073927879333	0.7151206135749817	0.12847508490085602	0.5274455547332764	0.38119107484817505	0.0	0.508776068687439	1.3686668872833252	0.34820568561553955	0.0	0.0	0.0	0.36777791380882263	0.0	0.6852467656135559	0.0	0.0	0.0	0.8935784101486206	0.20252329111099243	0.7209814786911011	1.1916759014129639	0.708777129650116	0.34225624799728394	0.6739344596862793	1.3174924850463867	0.0	0.0	0.0	0.35570669174194336	0.0	0.0	1.3951139450073242	0.40040460228919983	0.0	0.0	0.4162411689758301	1.36809241771698	0.45542359352111816	0.0	1.2861753702163696	0.4100912809371948	0.255485475063324	0.0	0.0	0.0	0.5103411674499512
1.2084604501724243	0.47351154685020447	0.0	0.9612789154052734	0.0	0.0	2.5446877479553223	0.0	0.6962986588478088	0.0	0.0	0.0	0.37045279145240784	0.0	0.0	0.758790910243988	0.31670042872428894	0.463567316532135	0.6678547263145447	0.11801565438508987	0.5619484782218933	0.3590072691440582	0.0	0.546002209186554	1.361196517944336	0.31191760301589966	0.0	0.0	0.0	0.3673178553581238	0.0	0.6513017416000366	0.0	0.0	0.0	0.8459940552711487	0.30043038725852966	0.7969233989715576	1.1581759452819824	0.7099370956420898	0.26187005639076233	0.6239024996757507	1.308843731880188	0.0	0.0	0.0	0.3498673141002655	0.0	0.0	1.3252105712890625	0.3780023157596588	0.0	0.0	0.4708109200000763	1.3355698585510254	0.4576677083969116	0.0	1.2805781364440918	0.37238603830337524	0.2621965706348419	0.0	0.0	0.0	0.5360428690910339
1.2328118085861206	0.4354354441165924	0.0	1.0954889059066772	0.0	0.0	2.5069689750671387	0.0	0.777848482131958	0.0	0.0	0.0	0.4605972468852997	0.0	0.0	0.781799852848053	0.31870585680007935	0.4575231969356537	0.6571569442749023	0.17898541688919067	0.6516431570053101	0.35691210627555847	0.0	0.6623545289039612	1.4224787950515747	0.33035433292388916	0.0	0.0	0.0	0.35236650705337524	0.0	0.6443990468978882	0.0	0.0	0.0	0.8272008299827576	0.36634302139282227	0.6857689619064331	1.1860607862472534	0.6900688409805298	0.2792820930480957	0.7215858101844788	1.3182321786880493	0.0	0.0	0.0	0.42974644899368286	0.0	0.0	1.5363273620605469	0.36767780780792236	0.0	0.0	0.4763766825199127	1.3819513320922852	0.4876038134098053	0.0	1.3319413661956787	0.4732718765735626	0.27671560645103455	0.0	0.0	0.0	0.5013253092765808
1.2497729063034058	0.4821469187736511	0.0	0.8407200574874878	0.0	0.0	2.5038626194000244	0.0	0.6738264560699463	0.0	0.0	0.0	0.3741874098777771	0.0	0.0	0.7975190877914429	0.3312849998474121	0.47079697251319885	0.68992018699646	0.13916832208633423	0.5369923710823059	0.36335107684135437	0.0	0.4979759156703949	1.3882784843444824	0.28833451867103577	0.0	0.0	0.0	0.3857838809490204	0.0	0.6750127673149109	0.0	0.0	0.0	0.8580304384231567	0.38658806681632996	0.7088999152183533	1.183555245399475	0.7179625630378723	0.2574661374092102	0.6296118497848511	1.3002442121505737	0.0	0.0	0.0	0.3690034747123718	0.0	0.0	1.3507263660430908	0.38314229249954224	0.0	0.0	0.4261090159416199	1.3494257926940918	0.4569142758846283	0.0	1.307904839515686	0.4068604111671448	0.2912696897983551	0.0	0.0	0.0	0.5076788663864136
1.2279431819915771	0.4622937738895416	0.0	0.8700170516967773	0.0	0.0	2.4891583919525146	0.0	0.6803135275840759	0.0	0.0	0.0	0.38944265246391296	0.0	0.0	0.76516193151474	0.36301472783088684	0.49227669835090637	0.6722750663757324	0.12003850936889648	0.5579341053962708	0.3796284794807434	0.0	0.49585196375846863	1.3932470083236694	0.3412095904350281	0.0	0.0	0.0	0.3978128433227539	0.0	0.6764311790466309	0.0	0.0	0.0	0.8635666966438293	0.22973112761974335	0.710852324962616	1.1767661571502686	0.6960756778717041	0.2977973222732544	0.6364070177078247	1.367946982383728	0.0	0.0	0.0	0.3432510495185852	0.0	0.0	1.3536359071731567	0.380489706993103	0.0	0.0	0.4402046501636505	1.3529566526412964	0.4717255234718323	0.0	1.2740159034729004	0.4109812080860138	0.27672842144966125	0.0	0.0	0.0	0.5506035685539246
1.2066773176193237	0.44111743569374084	0.0	0.8742679953575134	0.0	0.0	2.524298906326294	0.0	0.6931706666946411	0.0	0.0	0.0	0.3724592626094818	0.0	0.0	0.7816561460494995	0.34033283591270447	0.47005924582481384	0.6679644584655762	0.1382751166820526	0.5432407855987549	0.3728971481323242	0.0	0.472926527261734	1.384627103805542	0.33554911613464355	0.0	0.0	0.0	0.4132058024406433	0.0	0.685034990310669	0.0	0.0	0.0	0.8364566564559937	0.22148817777633667	0.6822881698608398	1.1860884428024292	0.7204943299293518	0.2695252597332001	0.6244297623634338	1.3175655603408813	0.0	0.0	0.0	0.36295631527900696	0.0	0.0	1.3574942350387573	0.3731307089328766	0.0	0.0	0.4820466637611389	1.357101321220398	0.4717990756034851	0.0	1.2902063131332397	0.3861958682537079	0.2953312397003174	0.0	0.0	0.0	0.493209570646286
1.2407231330871582	0.4964487552642822	0.0	0.9402072429656982	0.0	0.0	2.4886059761047363	0.0	0.6914118528366089	0.0	0.0	0.0	0.39746755361557007	0.0	0.0	0.7900911569595337	0.3289036154747009	0.46844086050987244	0.6993674635887146	0.13317784667015076	0.555343508720398	0.3487913906574249	0.0	0.5668054819107056	1.3779133558273315	0.3179348111152649	0.0	0.0	0.0	0.3608866035938263	0.0	0.6833640336990356	0.0	0.0	0.0	0.9145135879516602	0.2769618332386017	0.7335349917411804	1.185215711593628	0.724648118019104	0.27595195174217224	0.6427611112594604	1.2849661111831665	0.0	0.0	0.0	0.3712559938430786	0.0	0.0	1.3632380962371826	0.3867852985858917	0.0	0.0	0.4940556287765503	1.3529739379882812	0.45813149213790894	0.0	1.2806545495986938	0.3952302932739258	0.2969531714916229	0.0	0.0	0.0	0.539429783821106
1.2454451322555542	0.5141637921333313	0.0	0.8559651374816895	0.0	0.0	2.5272932052612305	0.0	0.6702356338500977	0.0	0.0	0.0	0.3865582048892975	0.0	0.0	0.77056485414505	0.3576778173446655	0.4619075059890747	0.7055497169494629	0.13947227597236633	0.5313730239868164	0.3637351393699646	0.0	0.5302672386169434	1.3928278684616089	0.357724666595459	0.0	0.0	0.0	0.37790560722351074	0.0	0.6798534393310547	0.0	0.0	0.0	0.8660298585891724	0.24249525368213654	0.7377175092697144	1.178415298461914	0.7111756801605225	0.25953754782676697	0.6694185733795166	1.325445532798767	0.0	0.0	0.0	0.35078930854797363	0.0	0.0	1.3481018543243408	0.3557516932487488	0.0	0.0	0.4561375379562378	1.3523873090744019	0.4512915015220642	0.0	1.3282519578933716	0.38302645087242126	0.2754533886909485	0.0	0.0	0.0	0.5012856721878052
1.2610366344451904	0.45195314288139343	0.0	0.869385302066803	0.0	0.0	2.5054452419281006	0.0	0.6952369213104248	0.0	0.0	0.0	0.42896100878715515	0.0	0.0	0.7741727828979492	0.33028843998908997	0.525029718875885	0.7137463688850403	0.12338036298751831	0.5964022874832153	0.3709487020969391	0.0	0.4956183135509491	1.366546630859375	0.315891832113266	0.0	0.0	0.0	0.3941842317581177	0.0	0.7054248452186584	0.0	0.0	0.0	0.8676353693008423	0.4038168489933014	0.6881818771362305	1.188888430595398	0.7600478529930115	0.3143434226512909	0.629848301410675	1.2736378908157349	0.0	0.0	0.0	0.3682847023010254	0.0	0.0	1.3621629476547241	0.3849864900112152	0.0	0.0	0.4760819971561432	1.367827296257019	0.47600021958351135	0.0	1.300620436668396	0.42277511954307556	0.316605806350708	0.0	0.0	0.0	0.5293546915054321
1.2489736080169678	0.448449045419693	0.0	0.8427296280860901	0.0	0.0	2.4612483978271484	0.0	0.6770123243331909	0.0	0.0	0.0	0.39205390214920044	0.0	0.0	0.7713037729263306	0.3290911316871643	0.48324286937713623	0.6804935932159424	0.13081160187721252	0.5384463667869568	0.3723253011703491	0.0	0.5018975138664246	1.3893365859985352	0.2988167405128479	0.0	0.0	0.0	0.3949492573738098	0.0	0.6549325585365295	0.0	0.0	0.0	0.8898226618766785	0.20904117822647095	0.7165489792823792	1.1536140441894531	0.7080731987953186	0.26448261737823486	0.649374783039093	1.2993786334991455	0.0	0.0	0.0	0.36350032687187195	0.0	0.0	1.3459103107452393	0.4008479416370392	0.0	0.0	0.42117658257484436	1.322880744934082	0.4521534740924835	0.0	1.2777140140533447	0.37646523118019104	0.2636525630950928	0.0	0.0	0.0	0.4913439154624939
1.2040165662765503	0.43326398730278015	0.0	0.9375708103179932	0.0	0.0	2.4824790954589844	0.0	0.6837955713272095	0.0	0.0	0.0	0.37052053213119507	0.0	0.0	0.7519104480743408	0.32047614455223083	0.4613468647003174	0.6734846234321594	0.1384342908859253	0.5242052674293518	0.37715914845466614	0.0	0.5823487639427185	1.3598253726959229	0.3065648078918457	0.0	0.0	0.0	0.37657591700553894	0.0	0.6627355217933655	0.0	0.0	0.0	0.8417015671730042	0.25654348731040955	0.6597201228141785	1.167281150817871	0.6955885887145996	0.26378023624420166	0.6428683400154114	1.305059790611267	0.0	0.0	0.0	0.3404695391654968	0.0	0.0	1.317823886871338	0.37637022137641907	0.0	0.0	0.48870566487312317	1.3278422355651855	0.46486249566078186	0.0	1.285691261291504	0.36655688285827637	0.27242034673690796	0.0	0.0	0.0	0.5158792734146118
1.2186057567596436	0.4905858337879181	0.0	0.8238390684127808	0.0	0.0	2.534609079360962	0.0	0.6554056406021118	0.0	0.0	0.0	0.40976059436798096	0.0	0.0	0.7620888352394104	0.31912192702293396	0.5273408889770508	0.6958134770393372	0.1328166127204895	0.538230299949646	0.3593061864376068	0.0	0.4962852895259857	1.3740887641906738	0.354285329580307	0.0	0.0	0.0	0.3764290511608124	0.0	0.6749825477600098	0.0	0.0	0.0	0.879631757736206	0.2089596688747406	0.7129778861999512	1.162172794342041	0.7126073241233826	0.32713621854782104	0.6129298806190491	1.296386957168579	0.0	0.0	0.0	0.36320042610168457	0.0	0.0	1.3522309064865112	0.3723101019859314	0.0	0.0	0.4421464204788208	1.3450767993927002	0.4482901096343994	0.0	1.3001296520233154	0.40404650568962097	0.25611358880996704	0.0	0.0	0.0	0.5015378594398499
1.2651665210723877	0.45177605748176575	0.0	0.8523866534233093	0.0	0.0	2.478205680847168	0.0	0.6567084193229675	0.0	0.0	0.0	0.4023910462856293	0.0	0.0	0.767337441444397	0.3257213830947876	0.46422141790390015	0.678209662437439	0.11616812646389008	0.5519101619720459	0.36513668298721313	0.0	0.47382238507270813	1.3676561117172241	0.30421313643455505	0.0	0.0	0.0	0.38469213247299194	0.0	0.6570696830749512	0.0	0.0	0.0	0.8530699610710144	0.20898866653442383	0.681785523891449	1.170580267906189	0.6958653926849365	0.2877695858478546	0.6612662672996521	1.2900044918060303	0.0	0.0	0.0	0.3527671694755554	0.0	0.0	1.341148018836975	0.45707523822784424	0.0	0.0	0.4141533076763153	1.3132814168930054	0.43681976199150085	0.0	1.2679156064987183	0.3713681697845459	0.2648676037788391	0.0	0.0	0.0	0.49379217624664307
1.2155251502990723	0.46174606680870056	0.0	0.842368483543396	0.0	0.0	2.497933864593506	0.0	0.6851581931114197	0.0	0.0	0.0	0.3675090968608856	0.0	0.0	0.7942332625389099	0.3022327125072479	0.5044263601303101	0.6934350728988647	0.11553385108709335	0.5285676121711731	0.3663412928581238	0.0	0.46016862988471985	1.379244327545166	0.3632301390171051	0.0	0.0	0.0	0.3721579909324646	0.0	0.6685693264007568	0.0	0.0	0.0	0.8486874103546143	0.20308701694011688	0.6974027752876282	1.1678112745285034	0.7031742334365845	0.313161700963974	0.6140799522399902	1.303354024887085	0.0	0.0	0.0	0.34835362434387207	0.0	0.0	1.3316028118133545	0.36605605483055115	0.0	0.0	0.44761064648628235	1.3254531621932983	0.5106804370880127	0.0	1.3005160093307495	0.4024115800857544	0.29512616991996765	0.0	0.0	0.0	0.4931045174598694
1.210504412651062	0.4383215606212616	0.0	0.8152887225151062	0.0	0.0	2.4711754322052	0.0	0.6596043109893799	0.0	0.0	0.0	0.3622850179672241	0.0	0.0	0.7908218502998352	0.31876325607299805	0.466396301984787	0.6591247320175171	0.11096735298633575	0.5290361642837524	0.37006011605262756	0.0	0.49225476384162903	1.3771635293960571	0.2868610918521881	0.0	0.0	0.0	0.3668228089809418	0.0	0.6509213447570801	0.0	0.0	0.0	0.8444898128509521	0.2312864065170288	0.6881452202796936	1.1648623943328857	0.6874400973320007	0.2601042091846466	0.6109381914138794	1.2881983518600464	0.0	0.0	0.0	0.36105379462242126	0.0	0.0	1.3401567935943604	0.4846547842025757	0.0	0.0	0.41659823060035706	1.3210902214050293	0.4569222331047058	0.0	1.2973781824111938	0.39055514335632324	0.2591840326786041	0.0	0.0	0.0	0.5209841728210449
1.2483093738555908	0.47176238894462585	0.0	0.9185439944267273	0.0	0.0	2.4939463138580322	0.0	0.7470847368240356	0.0	0.0	0.0	0.4430429935455322	0.0	0.0	0.8515278100967407	0.3213697671890259	0.4511660635471344	0.6825628280639648	0.1177273541688919	0.6254995465278625	0.3710663318634033	0.0	0.5030826926231384	1.414376139640808	0.30728960037231445	0.0	0.0	0.0	0.36911359429359436	0.0	0.6509917974472046	0.0	0.0	0.0	0.8671518564224243	0.23735980689525604	0.7250607013702393	1.1898242235183716	0.7127916216850281	0.2773846387863159	0.6235575079917908	1.2811758518218994	0.0	0.0	0.0	0.3870601952075958	0.0	0.0	1.4793394804000854	0.3748438358306885	0.0	0.0	0.39945274591445923	1.364166021347046	0.5423700213432312	0.0	1.290446162223816	0.4505975544452667	0.322797954082489	0.0	0.0	0.0	0.5446322560310364
1.2387415170669556	0.4636891484260559	0.0	0.9565179347991943	0.0	0.0	2.508540630340576	0.0	0.7227804660797119	0.0	0.0	0.0	0.3926403820514679	0.0	0.0	0.7965788841247559	0.36263221502304077	0.4849400520324707	0.709126353263855	0.1156897321343422	0.538719117641449	0.40519896149635315	0.0	0.6169878244400024	1.411966323852539	0.3312915861606598	0.0	0.0	0.0	0.38527071475982666	0.0	0.63970947265625	0.0	0.0	0.0	0.8853203654289246	0.23678931593894958	0.8104069828987122	1.1743111610412598	0.7153931856155396	0.3078024387359619	0.7047803401947021	1.3406068086624146	0.0	0.0	0.0	0.3813934028148651	0.0	0.0	1.373299479484558	0.4159381091594696	0.0	0.0	0.509451150894165	1.357012391090393	0.5173841714859009	0.0	1.2978435754776	0.38377639651298523	0.2510634660720825	0.0	0.0	0.0	0.49126893281936646
1.2563202381134033	0.4607916474342346	0.0	0.8650872111320496	0.0	0.0	2.500670909881592	0.0	0.6767192482948303	0.0	0.0	0.0	0.3945620656013489	0.0	0.0	0.8419307470321655	0.3359655439853668	0.48321110010147095	0.6792994737625122	0.12073660641908646	0.5715075731277466	0.40011733770370483	0.0	0.5101408958435059	1.4323844909667969	0.2993195056915283	0.0	0.0	0.0	0.3602103888988495	0.0	0.6571744084358215	0.0	0.0	0.0	0.8403229117393494	0.2667437791824341	0.723425030708313	1.1657332181930542	0.7260575294494629	0.25107038021087646	0.6427730917930603	1.2862581014633179	0.0	0.0	0.0	0.3887118697166443	0.0	0.0	1.4221224784851074	0.3835643529891968	0.0	0.0	0.43904605507850647	1.3426140546798706	0.4488464593887329	0.0	1.2708483934402466	0.3931421935558319	0.29839494824409485	0.0	0.0	0.0	0.5160825848579407
1.224501609802246	0.48039180040359497	0.0	0.8247106671333313	0.0	0.0	2.5208334922790527	0.0	0.6736353039741516	0.0	0.0	0.0	0.3702811896800995	0.0	0.0	0.7608698606491089	0.37590494751930237	0.47941824793815613	0.6626664996147156	0.12794937193393707	0.5273185968399048	0.3655639588832855	0.0	0.5252403616905212	1.3852458000183105	0.3186611235141754	0.0	0.0	0.0	0.37015148997306824	0.0	0.6784366369247437	0.0	0.0	0.0	0.8491249084472656	0.3788151144981384	0.7140744924545288	1.1817724704742432	0.703366219997406	0.28225773572921753	0.6256294250488281	1.3337194919586182	0.0	0.0	0.0	0.34586718678474426	0.0	0.0	1.332868218421936	0.3774980306625366	0.0	0.0	0.4696010947227478	1.3369834423065186	0.46636536717414856	0.0	1.2966034412384033	0.37930598855018616	0.2561400532722473	0.0	0.0	0.0	0.49915769696235657
1.1976418495178223	0.4834326207637787	0.0	0.8379255533218384	0.0	0.0	2.481902837753296	0.0	0.6977786421775818	0.0	0.0	0.0	0.4039851129055023	0.0	0.0	0.7667919993400574	0.37507379055023193	0.4925219416618347	0.6893095374107361	0.11928143352270126	0.5417856574058533	0.36736324429512024	0.0	0.4940106272697449	1.3711005449295044	0.3146652579307556	0.0	0.0	0.0	0.3833003342151642	0.0	0.6666224598884583	0.0	0.0	0.0	0.8489570617675781	0.2141416370868683	0.7064971923828125	1.1868109703063965	0.715031623840332	0.30897217988967896	0.6190010905265808	1.302834391593933	0.0	0.0	0.0	0.3511596620082855	0.0	0.0	1.353589415550232	0.4792990982532501	0.0	0.0	0.4397312104701996	1.3550299406051636	0.4601815938949585	0.0	1.3094003200531006	0.39665094017982483	0.29428231716156006	0.0	0.0	0.0	0.5443648099899292
1.2515935897827148	0.4703289866447449	0.0	0.8579561710357666	0.0	0.0	2.535489797592163	0.0	0.6814342141151428	0.0	0.0	0.0	0.3792300820350647	0.0	0.0	0.785259485244751	0.3470463156700134	0.48427844047546387	0.7003975510597229	0.13016191124916077	0.584058940410614	0.39222630858421326	0.0	0.48587164282798767	1.4082297086715698	0.3759015202522278	0.0	0.0	0.0	0.403155654668808	0.0	0.6613122224807739	0.0	0.0	0.0	0.8824987411499023	0.21288321912288666	0.7271267771720886	1.2145243883132935	0.7114972472190857	0.28700193762779236	0.6420215368270874	1.3542590141296387	0.0	0.0	0.0	0.35999858379364014	0.0	0.0	1.3573615550994873	0.4042700529098511	0.0	0.0	0.4345702826976776	1.3496084213256836	0.4751409590244293	0.0	1.3656107187271118	0.37325519323349	0.2900235950946808	0.0	0.0	0.07661754637956619	0.5136582255363464
1.2375468015670776	0.42719706892967224	0.0	0.911835253238678	0.0	0.0	2.5017306804656982	0.0	0.7188459634780884	0.0	0.0	0.0	0.4064009487628937	0.0	0.0	0.8210387229919434	0.33485284447669983	0.447736918926239	0.6501883268356323	0.10449287295341492	0.604889452457428	0.37252601981163025	0.0	0.5233484506607056	1.40784752368927	0.3196696639060974	0.0	0.0	0.0	0.39533454179763794	0.0	0.6605370044708252	0.0	0.0	0.0	0.8437442779541016	0.23559410870075226	0.6934065222740173	1.1814429759979248	0.7110492587089539	0.25694790482521057	0.6079712510108948	1.314679503440857	0.0	0.0	0.0	0.35431089997291565	0.0	0.0	1.4462084770202637	0.3593602776527405	0.0	0.0	0.42928987741470337	1.330084204673767	0.4620016813278198	0.0	1.2960048913955688	0.4626332223415375	0.28633785247802734	0.0	0.0	0.0	0.4912120997905731
1.2090023756027222	0.4707840085029602	0.0	0.8453463912010193	0.0	0.0	2.499238967895508	0.0	0.6619514226913452	0.0	0.0	0.0	0.3725420832633972	0.0	0.0	0.7627407312393188	0.33138713240623474	0.4666147828102112	0.6687874794006348	0.11430035531520844	0.5388984680175781	0.35658904910087585	0.0	0.48449790477752686	1.3833284378051758	0.29879316687583923	0.0	0.0	0.0	0.3670160174369812	0.0	0.6673833727836609	0.0	0.0	0.0	0.8511794209480286	0.21250811219215393	0.6928293108940125	1.1815310716629028	0.7174491286277771	0.2582286596298218	0.6262626647949219	1.2910504341125488	0.0	0.0	0.0	0.3483765125274658	0.0	0.0	1.3273038864135742	0.3784477412700653	0.0	0.0	0.4232822358608246	1.3357527256011963	0.44430026412010193	0.0	1.2920279502868652	0.3880084455013275	0.2662471532821655	0.0	0.0	0.0	0.5196506381034851
1.2088946104049683	0.4738037586212158	0.0	0.8342010974884033	0.0	0.0	2.5010874271392822	0.0	0.6535587906837463	0.0	0.0	0.0	0.3795047104358673	0.0	0.0	0.7849318981170654	0.32894062995910645	0.5095264315605164	0.68083655834198	0.1148717850446701	0.54698646068573	0.3688633143901825	0.0	0.47187376022338867	1.3810197114944458	0.3636705279350281	0.0	0.0	0.0	0.3826614320278168	0.0	0.6642086505889893	0.0	0.0	0.0	0.8381425738334656	0.22879792749881744	0.7161423563957214	1.1868629455566406	0.7087787389755249	0.3160718083381653	0.6257150769233704	1.3272433280944824	0.0	0.0	0.0	0.35220539569854736	0.0	0.0	1.3334823846817017	0.3814534544944763	0.0	0.0	0.46151795983314514	1.3178341388702393	0.4727575182914734	0.0	1.2800872325897217	0.4090935289859772	0.26530203223228455	0.0	0.0	0.0	0.5413298606872559
1.2389076948165894	0.4930572807788849	0.0	0.9083055257797241	0.0	0.0	2.5941238403320312	0.0	0.7167147397994995	0.0	0.0	0.0	0.418023020029068	0.0	0.0	0.8134849667549133	0.3427433371543884	0.4904145896434784	0.7095482349395752	0.1259974241256714	0.5886606574058533	0.3694766163825989	0.0	0.5253727436065674	1.4124363660812378	0.295021116733551	0.0	0.0	0.0	0.3872511088848114	0.0	0.6455696821212769	0.0	0.0	0.0	0.8656330108642578	0.22027425467967987	0.7057133913040161	1.1837890148162842	0.7178826928138733	0.28311777114868164	0.6636083722114563	1.3127192258834839	0.0	0.0	0.0	0.3819248080253601	0.0	0.0	1.415932536125183	0.3921198546886444	0.0	0.0	0.42860275506973267	1.3520201444625854	0.4411798417568207	0.0	1.2876701354980469	0.4190158545970917	0.29500627517700195	0.0	0.0	0.0	0.5071128010749817
1.2699105739593506	0.48600801825523376	0.0	0.8095495104789734	0.0	0.0	2.4968273639678955	0.0	0.6633673906326294	0.0	0.0	0.0	0.37719014286994934	0.0	0.0	0.7858970761299133	0.3156706690788269	0.46280595660209656	0.6882224678993225	0.11372514069080353	0.5298961400985718	0.35819491744041443	0.0	0.4877004027366638	1.3611103296279907	0.29399073123931885	0.0	0.0	0.0	0.37544336915016174	0.0	0.6629610061645508	0.0	0.0	0.0	0.825600802898407	0.22053799033164978	0.6803855299949646	1.1523182392120361	0.6895712614059448	0.26762655377388	0.649220883846283	1.300315022468567	0.0	0.0	0.0	0.38058993220329285	0.0	0.0	1.3444539308547974	0.3502214848995209	0.0	0.0	0.41426339745521545	1.3220144510269165	0.45256444811820984	0.0	1.2908369302749634	0.39244723320007324	0.26362407207489014	0.0	0.0	0.0	0.4998154640197754
1.1974577903747559	0.490348219871521	0.0	0.8384391069412231	0.0	0.0	2.5841994285583496	0.0	0.6577863693237305	0.0	0.0	0.0	0.4533223509788513	0.0	0.0	0.7715408802032471	0.3473570644855499	0.5091848969459534	0.6643866896629333	0.1295662522315979	0.5962047576904297	0.35510551929473877	0.0	0.5284593105316162	1.3871394395828247	0.3541049659252167	0.0	0.0	0.0	0.3730353116989136	0.0	0.6601520776748657	0.0	0.0	0.0	0.9122808575630188	0.20256593823432922	0.7313718795776367	1.1724711656570435	0.6994394659996033	0.3093077838420868	0.6329851746559143	1.2929083108901978	0.0	0.0	0.0	0.3421575725078583	0.0	0.0	1.3490632772445679	0.3963329792022705	0.0	0.0	0.42647191882133484	1.3151962757110596	0.44469526410102844	0.0	1.2715421915054321	0.41856908798217773	0.2549711763858795	0.0	0.0	0.0	0.5427025556564331
1.2535508871078491	0.49639832973480225	0.0	0.8254719972610474	0.0	0.0	2.520770311355591	0.0	0.6638270616531372	0.0	0.0	0.0	0.38542410731315613	0.0	0.0	0.7875573635101318	0.32947543263435364	0.45775213837623596	0.6866112351417542	0.12323445081710815	0.5451521277427673	0.3457053005695343	0.0	0.5089490413665771	1.351068377494812	0.3040879964828491	0.0	0.0	0.0	0.3759891092777252	0.0	0.6641332507133484	0.0	0.0	0.0	0.89011549949646	0.38511478900909424	0.7064614295959473	1.1652750968933105	0.703636884689331	0.3340628445148468	0.6502514481544495	1.3267008066177368	0.0	0.0	0.0	0.39021816849708557	0.0	0.0	1.3166255950927734	0.35346823930740356	0.0	0.0	0.41889461874961853	1.3505239486694336	0.4630275070667267	0.0	1.3131942749023438	0.37621209025382996	0.2457880973815918	0.0	0.0	0.0	0.4994242489337921
1.2365821599960327	0.431669145822525	0.0	0.8844099640846252	0.0	0.0	2.5791690349578857	0.0	0.7026559710502625	0.0	0.0	0.0	0.42584413290023804	0.0	0.0	0.8337699770927429	0.31960150599479675	0.44988128542900085	0.6657251119613647	0.10658155381679535	0.6082748174667358	0.34459197521209717	0.0	0.5128875970840454	1.3840844631195068	0.3455844223499298	0.0	0.0	0.0	0.3707323670387268	0.0	0.6497883200645447	0.0	0.0	0.0	0.8738762736320496	0.23395688831806183	0.6994990706443787	1.1800010204315186	0.7087463140487671	0.2899481952190399	0.6234076619148254	1.3195598125457764	0.0	0.0	0.0	0.37931373715400696	0.0	0.0	1.4453719854354858	0.36010804772377014	0.0	0.0	0.4282698333263397	1.3681457042694092	0.4783109426498413	0.0	1.3259203433990479	0.45830246806144714	0.26765668392181396	0.0	0.0	0.0	0.49653834104537964
1.2076653242111206	0.43685638904571533	0.0	0.8840058445930481	0.0	0.0	2.5235044956207275	0.0	0.6536411046981812	0.0	0.0	0.0	0.3534015417098999	0.0	0.0	0.7372207641601562	0.3229290544986725	0.5307167768478394	0.6698616743087769	0.11281047761440277	0.519976019859314	0.37256911396980286	0.0	0.47880658507347107	1.354132890701294	0.4216952621936798	0.0	0.0	0.0	0.3644113838672638	0.0	0.6615938544273376	0.0	0.0	0.0	0.8336644768714905	0.3935076892375946	0.7123322486877441	1.1471222639083862	0.7019990086555481	0.36356741189956665	0.6483396291732788	1.2823106050491333	0.0	0.0	0.0	0.3330724537372589	0.0	0.0	1.3495808839797974	0.392429381608963	0.0	0.0	0.4700930714607239	1.3518948554992676	0.440108984708786	0.0	1.2659002542495728	0.41424742341041565	0.2804355025291443	0.0	0.0	0.0	0.4930064082145691
1.2455388307571411	0.4976956248283386	0.0	0.8823109865188599	0.0	0.0	2.490896701812744	0.0	0.6426423192024231	0.0	0.0	0.0	0.39033880829811096	0.0	0.0	0.7823410630226135	0.33334940671920776	0.49023619294166565	0.6994515657424927	0.11779629439115524	0.5555462837219238	0.3678109347820282	0.0	0.49983930587768555	1.4230412244796753	0.31450966000556946	0.0	0.0	0.0	0.4028063416481018	0.0	0.6998353004455566	0.0	0.0	0.0	0.8751441240310669	0.22054409980773926	0.7072340250015259	1.1813725233078003	0.7208430171012878	0.2894761264324188	0.6150294542312622	1.3616706132888794	0.0	0.0	0.0	0.37310367822647095	0.0	0.0	1.3582541942596436	0.3819754719734192	0.0	0.0	0.471148818731308	1.3734644651412964	0.48356595635414124	0.0	1.3034902811050415	0.4148760735988617	0.2620528042316437	0.0	0.0	0.0	0.5090502500534058
1.2287726402282715	0.5458347201347351	0.0	0.9149584174156189	0.0	0.0	2.519796371459961	0.0	0.7103989720344543	0.0	0.0	0.0	0.4197479784488678	0.0	0.0	0.8294135928153992	0.3642701804637909	0.48412415385246277	0.703532338142395	0.10617610812187195	0.5895608067512512	0.40206485986709595	0.0	0.5501657724380493	1.3743233680725098	0.31606319546699524	0.0	0.0	0.0	0.36996227502822876	0.0	0.6978786587715149	0.0	0.0	0.0	0.9116215705871582	0.2702919840812683	0.68124920129776	1.2267694473266602	0.6922152042388916	0.2532639801502228	0.6099026799201965	1.326393961906433	0.0	0.0	0.0	0.3985190987586975	0.0	0.0	1.4452861547470093	0.4968735873699188	0.0	0.0	0.41667571663856506	1.3245512247085571	0.45599445700645447	0.0	1.2917375564575195	0.44329777359962463	0.3059614598751068	0.0	0.0	0.0	0.5081110596656799
1.2365161180496216	0.46318501234054565	0.0	0.8498693108558655	0.0	0.0	2.475844621658325	0.0	0.6541197299957275	0.0	0.0	0.0	0.41733109951019287	0.0	0.0	0.7659879922866821	0.3677278459072113	0.46997568011283875	0.6573421359062195	0.12910817563533783	0.5213035345077515	0.3954762816429138	0.0	0.5172634124755859	1.4090120792388916	0.2964516878128052	0.0	0.0	0.0	0.4015946388244629	0.0	0.672119677066803	0.0	0.0	0.0	0.8961544036865234	0.2133614718914032	0.704962432384491	1.1754896640777588	0.7264872193336487	0.2625318765640259	0.6335130333900452	1.3544061183929443	0.0	0.0	0.0	0.33623698353767395	0.0	0.0	1.36847984790802	0.3972119092941284	0.0	0.0	0.44364991784095764	1.3430291414260864	0.46642452478408813	0.0	1.2900803089141846	0.37612563371658325	0.2617103159427643	0.0	0.0	0.0	0.4963230490684509
1.2600622177124023	0.4463431239128113	0.0	0.9371986985206604	0.0	0.0	2.559410810470581	0.0	0.6722990870475769	0.0	0.0	0.0	0.3820446729660034	0.0	0.0	0.8600545525550842	0.37055402994155884	0.45550644397735596	0.7036483287811279	0.11160261929035187	0.6200652122497559	0.3734683692455292	0.0	0.5523080229759216	1.3948874473571777	0.3030465841293335	0.0	0.0	0.0	0.3847896158695221	0.0	0.6775136590003967	0.0	0.0	0.0	0.8667730689048767	0.23316390812397003	0.7106673121452332	1.1856358051300049	0.7286578416824341	0.2591596245765686	0.6372767686843872	1.331391453742981	0.0	0.0	0.0	0.44486933946609497	0.0	0.0	1.4221676588058472	0.37913408875465393	0.0	0.0	0.4236852824687958	1.3418501615524292	0.46675044298171997	0.0	1.315238118171692	0.47353312373161316	0.2806228697299957	0.0	0.0	0.0	0.4972483217716217
1.2180379629135132	0.4912356436252594	0.0	0.850030243396759	0.0	0.0	2.542325258255005	0.0	0.6554581522941589	0.0	0.0	0.0	0.4196913242340088	0.0	0.0	0.8600115180015564	0.3341583013534546	0.49594494700431824	0.6913967132568359	0.11817240715026855	0.5611794590950012	0.35775288939476013	0.0	0.4845631718635559	1.3692474365234375	0.3091554343700409	0.0	0.0	0.0	0.39638662338256836	0.0	0.6641408801078796	0.0	0.0	0.0	0.9045260548591614	0.41605544090270996	0.7089536190032959	1.19929039478302	0.7155684232711792	0.2754681706428528	0.644061803817749	1.3206803798675537	0.0	0.0	0.0	0.34666070342063904	0.0	0.0	1.3361365795135498	0.46401989459991455	0.0	0.0	0.44597452878952026	1.3376888036727905	0.4538569152355194	0.0	1.3007850646972656	0.4223273694515228	0.2773247957229614	0.0	0.0	0.0	0.57020503282547
1.2185720205307007	0.4802415370941162	0.0	0.841201663017273	0.0	0.0	2.4948840141296387	0.0	0.6857174634933472	0.0	0.0	0.0	0.4051598310470581	0.0	0.0	0.7837650775909424	0.3309561014175415	0.5051955580711365	0.7304468154907227	0.11240643262863159	0.5250344276428223	0.36245089769363403	0.0	0.5237501859664917	1.3587825298309326	0.3288460969924927	0.0	0.0	0.0	0.37580135464668274	0.0	0.7307037711143494	0.0	0.0	0.0	0.8860230445861816	0.234281525015831	0.7167190909385681	1.1927635669708252	0.69551020860672	0.2676635980606079	0.637563943862915	1.2791547775268555	0.0	0.0	0.0	0.3696693778038025	0.0	0.0	1.3623132705688477	0.41231095790863037	0.0	0.0	0.4395817220211029	1.339827537536621	0.46317073702812195	0.0	1.3116704225540161	0.39108890295028687	0.3358538746833801	0.0	0.0	0.0	0.510922908782959
1.289398193359375	0.4505274295806885	0.0	0.8203526139259338	0.0	0.0	2.4931886196136475	0.0	0.6541339755058289	0.0	0.0	0.0	0.3671016991138458	0.0	0.0	0.7701011896133423	0.3127780556678772	0.46021848917007446	0.6905761361122131	0.13439330458641052	0.5222463607788086	0.3756716847419739	0.0	0.49048131704330444	1.3525922298431396	0.3014710545539856	0.0	0.0	0.0	0.3919505476951599	0.0	0.6611795425415039	0.0	0.0	0.0	0.847393274307251	0.3923525810241699	0.7429837584495544	1.1673284769058228	0.7023975253105164	0.25108471512794495	0.658972978591919	1.2873218059539795	0.0	0.0	0.0	0.3439551293849945	0.0	0.0	1.3414630889892578	0.3630625605583191	0.0	0.0	0.4369772672653198	1.342620849609375	0.476340651512146	0.0	1.2899411916732788	0.3572818636894226	0.2517242729663849	0.0	0.0	0.0	0.49917659163475037
1.258122205734253	0.4537847936153412	0.0	0.8413416743278503	0.0	0.0	2.5007128715515137	0.0	0.6762166023254395	0.0	0.0	0.0	0.3813266456127167	0.0	0.0	0.7964297533035278	0.34218353033065796	0.4617789089679718	0.6717073321342468	0.14104825258255005	0.5444447994232178	0.3647589087486267	0.0	0.49984461069107056	1.3728406429290771	0.31869062781333923	0.0	0.0	0.0	0.38596904277801514	0.0	0.6688498258590698	0.0	0.0	0.0	0.8687226176261902	0.23353010416030884	0.6979585886001587	1.1688275337219238	0.7231176495552063	0.3236445188522339	0.6386114358901978	1.3207788467407227	0.0	0.0	0.0	0.35875657200813293	0.0	0.0	1.3785805702209473	0.3969349265098572	0.0	0.0	0.41084226965904236	1.310426950454712	0.47080549597740173	0.0	1.2799476385116577	0.3965138792991638	0.281628280878067	0.0	0.0	0.0	0.5152451395988464
1.2621253728866577	0.44426485896110535	0.0	0.82709139585495	0.0	0.0	2.4968984127044678	0.0	0.6490241885185242	0.0	0.0	0.0	0.3769725561141968	0.0	0.0	0.7682042121887207	0.31916406750679016	0.5203243494033813	0.7136295437812805	0.15313351154327393	0.5294641256332397	0.3806137442588806	0.0	0.48386359214782715	1.4027490615844727	0.3461003601551056	0.0	0.0	0.0	0.4081146717071533	0.0	0.6803466081619263	0.0	0.0	0.0	0.8393654823303223	0.2859157919883728	0.7208523154258728	1.1895954608917236	0.7147979736328125	0.3156229555606842	0.647741436958313	1.308133602142334	0.0	0.0	0.0	0.3847024738788605	0.0	0.0	1.3307201862335205	0.3960849344730377	0.0	0.0	0.4459715485572815	1.3407453298568726	0.48196613788604736	0.0	1.2798657417297363	0.41639792919158936	0.25851815938949585	0.0	0.0	0.0	0.5116758942604065
1.2369165420532227	0.44364893436431885	0.0	1.0888938903808594	0.0	0.0	2.488996982574463	0.0	0.7568157911300659	0.0	0.0	0.0	0.4470428228378296	0.0	0.0	0.8179275989532471	0.31840065121650696	0.45503902435302734	0.678317129611969	0.1155986413359642	0.6367136836051941	0.356641948223114	0.0	0.6774280667304993	1.38777756690979	0.3084471523761749	0.0	0.0	0.0	0.38065165281295776	0.0	0.6407077312469482	0.0	0.0	0.0	0.8518272042274475	0.35483336448669434	0.728357195854187	1.1669682264328003	0.7016524076461792	0.24366436898708344	0.647910475730896	1.2964245080947876	0.0	0.0	0.0	0.38335520029067993	0.0	0.0	1.4668365716934204	0.39959314465522766	0.0	0.0	0.49365830421447754	1.325929045677185	0.4727720320224762	0.0	1.3309478759765625	0.37110912799835205	0.2757618725299835	0.0	0.0	0.0	0.5024532675743103
1.2229465246200562	0.4695758521556854	0.0	0.8320754766464233	0.0	0.0	2.4433720111846924	0.0	0.6803606152534485	0.0	0.0	0.0	0.3853326737880707	0.0	0.0	0.7555167078971863	0.32313668727874756	0.46777814626693726	0.696528971195221	0.12690654397010803	0.5559989213943481	0.39327171444892883	0.0	0.5040403008460999	1.4133472442626953	0.32228875160217285	0.0	0.0	0.0	0.41801917552948	0.0	0.6541488766670227	0.0	0.0	0.0	0.8638135194778442	0.23179426789283752	0.7159547209739685	1.1978566646575928	0.7352395057678223	0.2518633008003235	0.6293705701828003	1.2752007246017456	0.0	0.0	0.0	0.3643396496772766	0.0	0.0	1.3346084356307983	0.3659798800945282	0.0	0.0	0.40948280692100525	1.3467086553573608	0.4532221257686615	0.0	1.2891298532485962	0.390705406665802	0.2660081684589386	0.0	0.0	0.0	0.5224044322967529
1.2443532943725586	0.4589773714542389	0.0	0.859299898147583	0.0	0.0	2.511350154876709	0.0	0.6682981848716736	0.0	0.0	0.0	0.41598910093307495	0.0	0.0	0.7876774072647095	0.33955317735671997	0.5160606503486633	0.6687907576560974	0.11309528350830078	0.5440088510513306	0.3459222912788391	0.0	0.5286023616790771	1.3784267902374268	0.38422146439552307	0.0	0.0	0.0	0.37211960554122925	0.0	0.6909474730491638	0.0	0.0	0.0	0.8502322435379028	0.20915581285953522	0.7000665068626404	1.168940782546997	0.6897938251495361	0.29806652665138245	0.6164973974227905	1.3146101236343384	0.0	0.0	0.0	0.36697623133659363	0.0	0.0	1.430954933166504	0.3710755407810211	0.0	0.0	0.42429760098457336	1.3281419277191162	0.4422772228717804	0.0	1.2965284585952759	0.4165121614933014	0.25767427682876587	0.0	0.0	0.0	0.49961408972740173
1.2167253494262695	0.4635705053806305	0.0	0.8374645113945007	0.0	0.0	2.532062530517578	0.0	0.6637436151504517	0.0	0.0	0.0	0.3557182848453522	0.0	0.0	0.7831020355224609	0.32523611187934875	0.47392210364341736	0.6923657059669495	0.1352425366640091	0.560013473033905	0.3562541604042053	0.0	0.5258676409721375	1.3731279373168945	0.29722124338150024	0.0	0.0	0.0	0.39265188574790955	0.0	0.6745322346687317	0.0	0.0	0.0	0.870481550693512	0.24076981842517853	0.7243732213973999	1.1710797548294067	0.7498795986175537	0.26335644721984863	0.6515371203422546	1.3108241558074951	0.0	0.0	0.0	0.39282262325286865	0.0	0.0	1.3090617656707764	0.36060822010040283	0.0	0.0	0.4338427782058716	1.3226977586746216	0.4333205819129944	0.0	1.2845121622085571	0.37022310495376587	0.26103052496910095	0.0	0.0	0.0	0.5392705202102661
1.2409294843673706	0.48318251967430115	0.0	0.808048665523529	0.0	0.0	2.510039806365967	0.0	0.6735659241676331	0.0	0.0	0.0	0.3600900173187256	0.0	0.0	0.805845320224762	0.3649190366268158	0.5005077123641968	0.6853752136230469	0.14560259878635406	0.5568244457244873	0.3634495735168457	0.0	0.4863468110561371	1.4023921489715576	0.28524500131607056	0.0	0.0	0.0	0.3828675150871277	0.0	0.6536376476287842	0.0	0.0	0.0	0.8672444820404053	0.20907717943191528	0.7208386063575745	1.1600966453552246	0.7200989127159119	0.28511837124824524	0.6365549564361572	1.3001575469970703	0.0	0.0	0.0	0.3808252811431885	0.0	0.0	1.3416543006896973	0.37732937932014465	0.0	0.0	0.42559340596199036	1.3125641345977783	0.46566057205200195	0.0	1.304173469543457	0.40139299631118774	0.3228294551372528	0.0	0.0	0.0	0.5046216249465942
1.2060939073562622	0.4447993338108063	0.0	0.8511675596237183	0.0	0.0	2.4805221557617188	0.0	0.6693772077560425	0.0	0.0	0.0	0.3775416910648346	0.0	0.0	0.7506673336029053	0.313004732131958	0.5165921449661255	0.6941165328025818	0.13348250091075897	0.5275219082832336	0.35541704297065735	0.0	0.479726105928421	1.3625717163085938	0.3732335567474365	0.0	0.0	0.0	0.3879692852497101	0.0	0.6743829846382141	0.0	0.0	0.0	0.82977694272995	0.19941753149032593	0.7068657875061035	1.1686400175094604	0.6960573196411133	0.32545268535614014	0.6434409022331238	1.2961649894714355	0.0	0.0	0.0	0.3759860694408417	0.0	0.0	1.3700931072235107	0.38288941979408264	0.0	0.0	0.4392802119255066	1.3174405097961426	0.4462144076824188	0.0	1.2696583271026611	0.3786648213863373	0.26534610986709595	0.0	0.0	0.0	0.5047955513000488
1.2412954568862915	0.44957393407821655	0.0	0.9064069986343384	0.0	0.0	2.48867130279541	0.0	0.7052781581878662	0.0	0.0	0.0	0.4224576950073242	0.0	0.0	0.8249102830886841	0.3111959993839264	0.4745265543460846	0.6726220846176147	0.13743790984153748	0.6125752329826355	0.35184797644615173	0.0	0.5309816002845764	1.3904132843017578	0.29196858406066895	0.0	0.0	0.0	0.39983850717544556	0.0	0.6535961627960205	0.0	0.0	0.0	0.8579536080360413	0.2387767881155014	0.7154532074928284	1.1718794107437134	0.700389564037323	0.30672726035118103	0.6205282211303711	1.2875291109085083	0.0	0.0	0.0	0.38754802942276	0.0	0.0	1.4487993717193604	0.48593997955322266	0.0	0.0	0.40617749094963074	1.329543113708496	0.4443783164024353	0.0	1.3033846616744995	0.44373804330825806	0.2894707918167114	0.0	0.0	0.0	0.49286383390426636
1.2344603538513184	0.4342629611492157	0.0	0.8850370645523071	0.0	0.0	2.4837746620178223	0.0	0.7359198927879333	0.0	0.0	0.0	0.4347285330295563	0.0	0.0	0.7882280349731445	0.3251558840274811	0.4674583971500397	0.7109844088554382	0.11506102234125137	0.6059977412223816	0.34405675530433655	0.0	0.5212586522102356	1.438092589378357	0.2852601706981659	0.0	0.0	0.0	0.3854897916316986	0.0	0.6352883577346802	0.0	0.0	0.0	0.8717722296714783	0.26678675413131714	0.7162337899208069	1.1747220754623413	0.7037646770477295	0.24900002777576447	0.6340254545211792	1.3172091245651245	0.0	0.0	0.0	0.4045484960079193	0.0	0.0	1.5022361278533936	0.42562729120254517	0.0	0.0	0.4268520176410675	1.325778603553772	0.4412881135940552	0.0	1.2839267253875732	0.4679791033267975	0.25896894931793213	0.0	0.0	0.0	0.5506753921508789
1.2032279968261719	0.4725589156150818	0.0	0.9477534294128418	0.0	0.0	2.5988221168518066	0.0	0.6546993851661682	0.0	0.0	0.0	0.397053599357605	0.0	0.0	0.767699122428894	0.3106677234172821	0.47086024284362793	0.6897322535514832	0.15866641700267792	0.5435950756072998	0.3702341318130493	0.0	0.5933851003646851	1.380740761756897	0.2842322289943695	0.0	0.0	0.0	0.397571861743927	0.0	0.6531327962875366	0.0	0.0	0.0	0.8649130463600159	0.2722078859806061	0.7001703977584839	1.170976161956787	0.7213054299354553	0.26437342166900635	0.6251893639564514	1.28334641456604	0.0	0.0	0.0	0.33812159299850464	0.0	0.0	1.3258419036865234	0.47301989793777466	0.0	0.0	0.4649738669395447	1.3386894464492798	0.4424148499965668	0.0	1.319969654083252	0.37460312247276306	0.25947105884552	0.0	0.0	0.0	0.49009665846824646
1.237031102180481	0.4723823070526123	0.0	0.8619886636734009	0.0	0.0	2.5266542434692383	0.0	0.6689277291297913	0.0	0.0	0.0	0.3823006749153137	0.0	0.0	0.7959083318710327	0.3046114444732666	0.5025149583816528	0.7193868160247803	0.1301174908876419	0.5547105073928833	0.38220855593681335	0.0	0.5076141953468323	1.4021413326263428	0.31640148162841797	0.0	0.0	0.0	0.3778391182422638	0.0	0.6585884690284729	0.0	0.0	0.0	0.839351236820221	0.3654750883579254	0.6850413680076599	1.2099113464355469	0.7068985104560852	0.2409912794828415	0.6492623686790466	1.305206537246704	0.0	0.0	0.0	0.34621259570121765	0.0	0.0	1.3550162315368652	0.36757931113243103	0.0	0.0	0.4402986168861389	1.376549243927002	0.4769820272922516	0.0	1.2902659177780151	0.3927834630012512	0.2964262366294861	0.0	0.0	0.0	0.5249947905540466
1.248763918876648	0.4487409293651581	0.0	0.905982255935669	0.0	0.0	2.499239921569824	0.0	0.736427903175354	0.0	0.0	0.0	0.3863382935523987	0.0	0.0	0.8334603309631348	0.3231496810913086	0.4995179772377014	0.682339072227478	0.10847390443086624	0.5944675803184509	0.37541189789772034	0.0	0.5135332345962524	1.3737975358963013	0.3693688213825226	0.0	0.0	0.0	0.3981091380119324	0.0	0.6948129534721375	0.0	0.0	0.0	0.8811978697776794	0.22669680416584015	0.7101634740829468	1.166388750076294	0.7043907642364502	0.305578351020813	0.6386228799819946	1.3248339891433716	0.0	0.0	0.0	0.39988112449645996	0.0	0.0	1.4603838920593262	0.36848190426826477	0.0	0.0	0.43382832407951355	1.3094855546951294	0.46729010343551636	0.0	1.285542607307434	0.4370615482330322	0.2886878550052643	0.0	0.0	0.0	0.48937785625457764
1.2179683446884155	0.49562859535217285	0.0	0.8649277091026306	0.0	0.0	2.5822134017944336	0.0	0.6645683646202087	0.0	0.0	0.0	0.4010126292705536	0.0	0.0	0.7995621562004089	0.3371620774269104	0.4983755946159363	0.7122811079025269	0.1272667497396469	0.5560392737388611	0.40524375438690186	0.0	0.581582248210907	1.3930323123931885	0.32986992597579956	0.0	0.0	0.0	0.3955702483654022	0.0	0.6841733455657959	0.0	0.0	0.0	0.8914017677307129	0.2562345862388611	0.7627787590026855	1.1950091123580933	0.700858473777771	0.2751427888870239	0.6358091235160828	1.3119860887527466	0.0	0.0	0.0	0.3673355281352997	0.0	0.0	1.3727571964263916	0.3810524642467499	0.0	0.0	0.46847182512283325	1.3243767023086548	0.4696384370326996	0.0	1.31415593624115	0.40359607338905334	0.3051806390285492	0.0	0.0	0.0	0.5677744150161743
1.2494887113571167	0.4464864730834961	0.0	0.9578436613082886	0.0	0.0	2.5280182361602783	0.0	0.7389369606971741	0.0	0.0	0.0	0.4417020082473755	0.0	0.0	0.8481431603431702	0.32839974761009216	0.48561811447143555	0.6758604049682617	0.13741301000118256	0.642028272151947	0.3622913956642151	0.0	0.5384869575500488	1.417331337928772	0.340689480304718	0.0	0.0	0.0	0.3780285120010376	0.0	0.6690073013305664	0.0	0.0	0.0	0.8444080948829651	0.2775004804134369	0.6846204996109009	1.18398916721344	0.7154033780097961	0.30447834730148315	0.6237697601318359	1.3364293575286865	0.0	0.0	0.0	0.4017335772514343	0.0	0.0	1.4707696437835693	0.36536988615989685	0.0	0.0	0.44072043895721436	1.3221477270126343	0.4780525863170624	0.0	1.3083722591400146	0.4739852547645569	0.3082929253578186	0.0	0.0	0.0	0.5256699323654175
1.23196542263031	0.4367068111896515	0.0	0.8285902738571167	0.0	0.0	2.452815055847168	0.0	0.6731859445571899	0.0	0.0	0.0	0.37610363960266113	0.0	0.0	0.753853440284729	0.3173046112060547	0.46572738885879517	0.6818968653678894	0.11942196637392044	0.5395123958587646	0.34972327947616577	0.0	0.47408637404441833	1.3745872974395752	0.29355931282043457	0.0	0.0	0.0	0.3849518895149231	0.0	0.6576080322265625	0.0	0.0	0.0	0.8440790772438049	0.38914021849632263	0.6817480325698853	1.1650044918060303	0.6909697651863098	0.2834809422492981	0.613219678401947	1.2862660884857178	0.0	0.0	0.0	0.3623194694519043	0.0	0.0	1.3293312788009644	0.3629070520401001	0.0	0.0	0.41603884100914	1.30465567111969	0.4411059617996216	0.0	1.267449140548706	0.3714543879032135	0.28430110216140747	0.0	0.0	0.0	0.4935639500617981
1.2151118516921997	0.45539525151252747	0.0	0.833966076374054	0.0	0.0	2.4524497985839844	0.0	0.6973925828933716	0.0	0.0	0.0	0.3798859119415283	0.0	0.0	0.7674350738525391	0.3212253749370575	0.4974924623966217	0.6997652649879456	0.16170942783355713	0.5440222024917603	0.38454002141952515	0.0	0.48517686128616333	1.4197880029678345	0.3251766562461853	0.0	0.0	0.0	0.39453569054603577	0.0	0.7056475281715393	0.0	0.0	0.0	0.8484283685684204	0.23217248916625977	0.692200243473053	1.1860255002975464	0.7159037590026855	0.2556775212287903	0.6507741808891296	1.3286709785461426	0.0	0.0	0.0	0.3911267817020416	0.0	0.0	1.3870619535446167	0.42566418647766113	0.0	0.0	0.42133092880249023	1.322439432144165	0.48799437284469604	0.0	1.2731075286865234	0.39090776443481445	0.25533655285835266	0.0	0.0	0.0	0.5387887954711914
1.2540806531906128	0.4674508273601532	0.0	0.828986644744873	0.0	0.0	2.630446672439575	0.0	0.6743367910385132	0.0	0.0	0.0	0.41523751616477966	0.0	0.0	0.8003901839256287	0.33033767342567444	0.4930059313774109	0.732714831829071	0.13283833861351013	0.5989596247673035	0.39126038551330566	0.0	0.5060205459594727	1.3883599042892456	0.32576557993888855	0.0	0.0	0.0	0.40055665373802185	0.0	0.6532753109931946	0.0	0.0	0.0	0.8719103932380676	0.18604113161563873	0.7403236031532288	1.1813644170761108	0.7200495600700378	0.2616764307022095	0.6459028124809265	1.3292235136032104	0.0	0.0	0.0	0.38618746399879456	0.0	0.0	1.3190399408340454	0.36900797486305237	0.0	0.0	0.43555748462677	1.3937214612960815	0.4467675983905792	0.0	1.2761809825897217	0.3906897306442261	0.27058911323547363	0.0	0.0	0.0	0.5632535815238953
1.266402244567871	0.46114858984947205	0.0	0.8937879204750061	0.0	0.0	2.5246753692626953	0.0	0.6902806162834167	0.0	0.0	0.0	0.40843474864959717	0.0	0.0	0.7840868234634399	0.3239591121673584	0.49571818113327026	0.7316458821296692	0.13644097745418549	0.5747213959693909	0.38170474767684937	0.0	0.49508410692214966	1.3970168828964233	0.30992868542671204	0.0	0.0	0.0	0.41545742750167847	0.0	0.683239758014679	0.0	0.0	0.0	0.8610181212425232	0.2323334664106369	0.7116726636886597	1.1865445375442505	0.7221941947937012	0.2602807879447937	0.683921754360199	1.3090215921401978	0.0	0.0	0.0	0.36249470710754395	0.0	0.0	1.4060170650482178	0.3901278078556061	0.0	0.0	0.4289398193359375	1.3316614627838135	0.46397557854652405	0.0	1.3043378591537476	0.3773527145385742	0.2829969525337219	0.0	0.0	0.0	0.5481418371200562
1.2283692359924316	0.4520111680030823	0.0	0.851561427116394	0.0	0.0	2.535170793533325	0.0	0.6579638719558716	0.0	0.0	0.0	0.3923113942146301	0.0	0.0	0.8123235702514648	0.36755260825157166	0.4681461453437805	0.714435875415802	0.10840388387441635	0.5103004574775696	0.39330342411994934	0.0	0.48771071434020996	1.4045884609222412	0.29752346873283386	0.0	0.0	0.0	0.4017542600631714	0.0	0.6670475006103516	0.0	0.0	0.0	0.8812249302864075	0.23235410451889038	0.6917928457260132	1.2028058767318726	0.719967782497406	0.26161104440689087	0.6406757831573486	1.3221944570541382	0.0	0.0	0.0	0.34284722805023193	0.0	0.0	1.3507685661315918	0.3915254771709442	0.0	0.0	0.4394918978214264	1.3497958183288574	0.4715774655342102	0.0	1.3174514770507812	0.3865474760532379	0.30591684579849243	0.0	0.0	0.0	0.514577329158783
1.2184338569641113	0.47119683027267456	0.0	0.8631601333618164	0.0	0.0	2.5371737480163574	0.0	0.7218566536903381	0.0	0.0	0.0	0.37649300694465637	0.0	0.0	0.7913024425506592	0.36490917205810547	0.46032971143722534	0.7069556713104248	0.13129755854606628	0.5702986717224121	0.39003196358680725	0.0	0.49915236234664917	1.39876389503479	0.3720156252384186	0.0	0.0	0.0	0.394288033246994	0.0	0.6616153120994568	0.0	0.0	0.0	0.9162015914916992	0.23352843523025513	0.7447549700737	1.1858474016189575	0.7124702334403992	0.2554062008857727	0.6579587459564209	1.2857816219329834	0.0	0.0	0.0	0.3891109824180603	0.0	0.0	1.3669934272766113	0.37074989080429077	0.0	0.0	0.45320841670036316	1.3385976552963257	0.439064621925354	0.0	1.2891852855682373	0.37921571731567383	0.29315969347953796	0.0	0.0	0.0	0.53507000207901
1.2206681966781616	0.44589003920555115	0.0	0.8342147469520569	0.0	0.0	2.464696168899536	0.0	0.6696737408638	0.0	0.0	0.0	0.3873082101345062	0.0	0.0	0.781599223613739	0.32220250368118286	0.49572598934173584	0.7033199071884155	0.1236153319478035	0.526914119720459	0.3721008896827698	0.0	0.49728378653526306	1.398450493812561	0.2970012128353119	0.0	0.0	0.0	0.3839072287082672	0.0	0.6657418608665466	0.0	0.0	0.0	0.888102650642395	0.4105810523033142	0.6961280703544617	1.1714493036270142	0.7445599436759949	0.2634642720222473	0.6593132019042969	1.328345775604248	0.0	0.0	0.0	0.39704257249832153	0.0	0.0	1.3523151874542236	0.4976690113544464	0.0	0.0	0.43947526812553406	1.344687819480896	0.45897814631462097	0.0	1.2884101867675781	0.36264175176620483	0.26493820548057556	0.0	0.0	0.0	0.5022720694541931
1.2410905361175537	0.5023741722106934	0.0	0.8347402811050415	0.0	0.0	2.568141460418701	0.0	0.6515911817550659	0.0	0.0	0.0	0.3981606364250183	0.0	0.0	0.7727877497673035	0.3202807307243347	0.5352745652198792	0.7120844125747681	0.15486477315425873	0.5296858549118042	0.38291388750076294	0.0	0.49277788400650024	1.3932602405548096	0.31508439779281616	0.0	0.0	0.0	0.44864243268966675	0.0	0.6401696801185608	0.0	0.0	0.0	0.8363712430000305	0.23664817214012146	0.793506383895874	1.173876166343689	0.7257913947105408	0.25068023800849915	0.6444854140281677	1.3539129495620728	0.0	0.0	0.0	0.4079447388648987	0.0	0.0	1.3417396545410156	0.48703238368034363	0.0	0.0	0.4350520670413971	1.334282398223877	0.49974653124809265	0.0	1.2702757120132446	0.38844484090805054	0.2615494430065155	0.0	0.0	0.0	0.4985043406486511
1.2487672567367554	0.45055708289146423	0.0	0.9106352925300598	0.0	0.0	2.5537424087524414	0.0	0.6951611042022705	0.0	0.0	0.0	0.4376161992549896	0.0	0.0	0.8166932463645935	0.3333159387111664	0.4834349453449249	0.6708588600158691	0.11827265471220016	0.5952746868133545	0.35420599579811096	0.0	0.5286098122596741	1.378923773765564	0.37087371945381165	0.0	0.0	0.0	0.3788241744041443	0.0	0.6555563807487488	0.0	0.0	0.0	0.8571289777755737	0.23461781442165375	0.6869509220123291	1.1696122884750366	0.7081037163734436	0.2989899218082428	0.6169998049736023	1.2929235696792603	0.0	0.0	0.0	0.3886711597442627	0.0	0.0	1.426629662513733	0.37169647216796875	0.0	0.0	0.40318357944488525	1.3575085401535034	0.43754082918167114	0.0	1.3982936143875122	0.4616463780403137	0.27711114287376404	0.0	0.0	0.0	0.5049864649772644
1.2491016387939453	0.45492660999298096	0.0	0.9095227122306824	0.0	0.0	2.5015554428100586	0.0	0.6777990460395813	0.0	0.0	0.0	0.37780117988586426	0.0	0.0	0.7914838194847107	0.320278137922287	0.490805447101593	0.6764199137687683	0.1105031818151474	0.5827539563179016	0.37335363030433655	0.0	0.5203627347946167	1.3991889953613281	0.3587527275085449	0.0	0.0	0.0	0.3815214931964874	0.0	0.6638765931129456	0.0	0.0	0.0	0.8349913358688354	0.2831733524799347	0.7174143195152283	1.1731457710266113	0.7003676295280457	0.3118879497051239	0.6130315661430359	1.2896246910095215	0.0	0.0	0.0	0.4191732406616211	0.0	0.0	1.4150789976119995	0.36563193798065186	0.0	0.0	0.41694676876068115	1.3513872623443604	0.4495275616645813	0.0	1.3001210689544678	0.4561653137207031	0.26881247758865356	0.0	0.0	0.0	0.5059689879417419
1.2151296138763428	0.4362906515598297	0.0	0.8225061893463135	0.0	0.0	2.505866527557373	0.0	0.6743853092193604	0.0	0.0	0.0	0.39332616329193115	0.0	0.0	0.7529966235160828	0.3536466360092163	0.46851029992103577	0.6959613561630249	0.12220348417758942	0.5242434144020081	0.39276373386383057	0.0	0.4748378396034241	1.4163531064987183	0.29146456718444824	0.0	0.0	0.0	0.41665884852409363	0.0	0.662951648235321	0.0	0.0	0.0	0.8557353019714355	0.21094977855682373	0.7165977358818054	1.176030158996582	0.7325088977813721	0.2470690906047821	0.6443307399749756	1.298925757408142	0.0	0.0	0.0	0.3497202396392822	0.0	0.0	1.3422001600265503	0.36078715324401855	0.0	0.0	0.4267778992652893	1.3190432786941528	0.4397558867931366	0.0	1.2891252040863037	0.37552323937416077	0.26312920451164246	0.0	0.0	0.0	0.5123904943466187
1.2042170763015747	0.4433077573776245	0.0	0.9593812823295593	0.0	0.0	2.509333610534668	0.0	0.6931291222572327	0.0	0.0	0.0	0.3946262300014496	0.0	0.0	0.7681092619895935	0.3295539617538452	0.4668346047401428	0.6729703545570374	0.16079625487327576	0.5605024695396423	0.3746156096458435	0.0	0.5828527808189392	1.3853657245635986	0.30208122730255127	0.0	0.0	0.0	0.3983398377895355	0.0	0.6708770990371704	0.0	0.0	0.0	0.9200032353401184	0.27875757217407227	0.7910407781600952	1.1626023054122925	0.7146739363670349	0.29619622230529785	0.6475402116775513	1.3165704011917114	0.0	0.0	0.0	0.3448255658149719	0.0	0.0	1.3381016254425049	0.4090309739112854	0.0	0.0	0.5079582333564758	1.3309540748596191	0.4280046224594116	0.0	1.3011853694915771	0.3879919946193695	0.2626686990261078	0.0	0.0	0.0	0.5137327909469604
1.252392053604126	0.44714441895484924	0.0	0.9173948168754578	0.0	0.0	2.560206413269043	0.0	0.7264406085014343	0.0	0.0	0.0	0.3913213312625885	0.0	0.0	0.8322174549102783	0.3530050218105316	0.4996875822544098	0.6894016265869141	0.13249331712722778	0.5947616696357727	0.35521405935287476	0.0	0.5363831520080566	1.388928771018982	0.3424018323421478	0.0	0.0	0.0	0.39800652861595154	0.0	0.6761497855186462	0.0	0.0	0.0	0.8741746544837952	0.21640899777412415	0.703141450881958	1.1775541305541992	0.7031868696212769	0.2910096049308777	0.6521242260932922	1.3027229309082031	0.0	0.0	0.0	0.4437007009983063	0.0	0.0	1.442574381828308	0.38885200023651123	0.0	0.0	0.4441239535808563	1.332953691482544	0.46815255284309387	0.0	1.3298211097717285	0.44291555881500244	0.2799316644668579	0.0	0.0	0.0	0.5426086783409119
1.2454582452774048	0.4600237011909485	0.0	0.8271093964576721	0.0	0.0	2.5050182342529297	0.0	0.6500463485717773	0.0	0.0	0.0	0.3709927797317505	0.0	0.0	0.8572982549667358	0.3680398166179657	0.4630632698535919	0.7106359601020813	0.10834695398807526	0.5632466673851013	0.37182679772377014	0.0	0.5230127573013306	1.3874856233596802	0.2924225628376007	0.0	0.0	0.0	0.36008551716804504	0.0	0.6677700877189636	0.0	0.0	0.0	0.8360347151756287	0.42190226912498474	0.6827608346939087	1.1973648071289062	0.7063837051391602	0.28702130913734436	0.618003249168396	1.2779512405395508	0.0	0.0	0.0	0.3626154959201813	0.0	0.0	1.4286792278289795	0.46429798007011414	0.0	0.0	0.4220178723335266	1.3442802429199219	0.47501519322395325	0.0	1.3602545261383057	0.40173059701919556	0.2682477533817291	0.0	0.0	0.0	0.5100707411766052
1.2546559572219849	0.46635937690734863	0.0	0.85807204246521	0.0	0.0	2.4282174110412598	0.0	0.6613034605979919	0.0	0.0	0.0	0.41379326581954956	0.0	0.0	0.7867451310157776	0.3314902186393738	0.48147884011268616	0.6745960116386414	0.1300521343946457	0.5571750998497009	0.35998857021331787	0.0	0.4883148968219757	1.3855260610580444	0.29036635160446167	0.0	0.0	0.0	0.4104272127151489	0.0	0.6598967909812927	0.0	0.0	0.0	0.8775697946548462	0.2033483386039734	0.743860125541687	1.1801320314407349	0.717069685459137	0.2930394411087036	0.6446347236633301	1.3082789182662964	0.0	0.0	0.0	0.3710894286632538	0.0	0.0	1.383876085281372	0.39112669229507446	0.0	0.0	0.430867075920105	1.341914176940918	0.4428369402885437	0.0	1.2577987909317017	0.38832518458366394	0.2950286567211151	0.0	0.0	0.0	0.5584717392921448
1.2245383262634277	0.4886212944984436	0.0	0.950808584690094	0.0	0.0	2.494786024093628	0.0	0.6827069520950317	0.0	0.0	0.0	0.39986976981163025	0.0	0.0	0.7639177441596985	0.33212828636169434	0.4638574719429016	0.6975651383399963	0.13506461679935455	0.5686833262443542	0.36763283610343933	0.0	0.5846306681632996	1.4318420886993408	0.3165610730648041	0.0	0.0	0.0	0.3787778615951538	0.0	0.6719112396240234	0.0	0.0	0.0	0.8878806829452515	0.26212579011917114	0.7283426523208618	1.1814360618591309	0.7511820197105408	0.26612138748168945	0.6394795775413513	1.3239775896072388	0.0	0.0	0.0	0.341970294713974	0.0	0.0	1.348970890045166	0.5007790923118591	0.0	0.0	0.45550042390823364	1.3349360227584839	0.44709154963493347	0.0	1.30235755443573	0.388997882604599	0.3082721531391144	0.0	0.0	0.0	0.4877185523509979
1.2230156660079956	0.4379388988018036	0.0	0.8296037912368774	0.0	0.0	2.5246694087982178	0.0	0.6797640919685364	0.0	0.0	0.0	0.3858448266983032	0.0	0.0	0.7701401114463806	0.40330666303634644	0.4716416001319885	0.6872780919075012	0.11770754307508469	0.5357908606529236	0.418315589427948	0.0	0.5110288262367249	1.37275230884552	0.29715341329574585	0.0	0.0	0.0	0.37324967980384827	0.0	0.6737865805625916	0.0	0.0	0.0	0.8557407855987549	0.39697200059890747	0.6885806322097778	1.170737385749817	0.6967228651046753	0.2587929368019104	0.6360822319984436	1.282251000404358	0.0	0.0	0.0	0.34083113074302673	0.0	0.0	1.3229552507400513	0.37097179889678955	0.0	0.0	0.4339297413825989	1.3341368436813354	0.43410012125968933	0.0	1.285402536392212	0.37860405445098877	0.2610650360584259	0.0	0.0	0.0	0.5234361290931702
1.214123249053955	0.4478605389595032	0.0	0.8595883250236511	0.0	0.0	2.5016021728515625	0.0	0.6969323754310608	0.0	0.0	0.0	0.3902948200702667	0.0	0.0	0.7810208797454834	0.3099522888660431	0.47576114535331726	0.6607514023780823	0.11411724984645844	0.5369279980659485	0.3646734356880188	0.0	0.4943675994873047	1.378944754600525	0.33313968777656555	0.0	0.0	0.0	0.4188365638256073	0.0	0.6653088927268982	0.0	0.0	0.0	0.9011318683624268	0.2287522256374359	0.7080652117729187	1.1781442165374756	0.6949463486671448	0.31993600726127625	0.6339083313941956	1.33779776096344	0.0	0.0	0.0	0.36885425448417664	0.0	0.0	1.3838552236557007	0.3713797926902771	0.0	0.0	0.4241996109485626	1.3676395416259766	0.5178259611129761	0.0	1.308279037475586	0.3916502594947815	0.2943316698074341	0.0	0.0	0.0	0.5475343465805054
1.2261168956756592	0.4857785403728485	0.0	0.8812497854232788	0.0	0.0	2.4554364681243896	0.0	0.6805241107940674	0.0	0.0	0.0	0.3630838692188263	0.0	0.0	0.7574188709259033	0.31376913189888	0.4637388288974762	0.671306848526001	0.12177684158086777	0.5307542085647583	0.3630322813987732	0.0	0.5517334342002869	1.3802525997161865	0.2898607850074768	0.0	0.0	0.0	0.4014224708080292	0.0	0.7338534593582153	0.0	0.0	0.0	0.8596320152282715	0.396808922290802	0.6903698444366455	1.177620530128479	0.6970276832580566	0.29599684476852417	0.6505019664764404	1.3334423303604126	0.0	0.0	0.0	0.3452112376689911	0.0	0.0	1.3304320573806763	0.3568621873855591	0.0	0.0	0.5235133171081543	1.3387110233306885	0.4870462119579315	0.0	1.2700939178466797	0.36772671341896057	0.2537229657173157	0.0	0.0	0.0	0.49714550375938416
1.207701325416565	0.44870883226394653	0.0	0.8094448447227478	0.0	0.0	2.5785913467407227	0.0	0.6857593059539795	0.0	0.0	0.0	0.38528192043304443	0.0	0.0	0.7736828327178955	0.32142868638038635	0.4807959496974945	0.7012154459953308	0.12069762498140335	0.5274679064750671	0.37201863527297974	0.0	0.47502920031547546	1.3811277151107788	0.35624489188194275	0.0	0.0	0.0	0.3862101137638092	0.0	0.6941372752189636	0.0	0.0	0.0	0.8456578850746155	0.26283422112464905	0.7142907977104187	1.1745628118515015	0.7040584683418274	0.3062640428543091	0.6372373700141907	1.3375407457351685	0.0	0.0	0.0	0.3599352240562439	0.0	0.0	1.3618018627166748	0.38062775135040283	0.0	0.0	0.461196631193161	1.3358350992202759	0.4785267412662506	0.0	1.3013958930969238	0.41082751750946045	0.3119858205318451	0.0	0.0	0.0	0.49224692583084106
1.233771800994873	0.4383109509944916	0.0	0.8658759593963623	0.0	0.0	2.4800519943237305	0.0	0.6930371522903442	0.0	0.0	0.0	0.35896459221839905	0.0	0.0	0.7629879117012024	0.39317601919174194	0.4665170907974243	0.6745319366455078	0.10988128185272217	0.5258840322494507	0.39906045794487	0.0	0.49555274844169617	1.4037325382232666	0.3139679729938507	0.0	0.0	0.0	0.38816723227500916	0.0	0.6748101115226746	0.0	0.0	0.0	0.847663938999176	0.22359755635261536	0.6918573975563049	1.167248010635376	0.7045726776123047	0.27602311968803406	0.6248762011528015	1.333822250366211	0.0	0.0	0.0	0.3483707904815674	0.0	0.0	1.3553059101104736	0.5023161172866821	0.0	0.0	0.466553270816803	1.360512614250183	0.4475363790988922	0.0	1.2926383018493652	0.36400285363197327	0.2664600610733032	0.0	0.0	0.0	0.518084704875946
1.2144309282302856	0.4374796450138092	0.0	0.8595032095909119	0.0	0.0	2.4845998287200928	0.0	0.6550819277763367	0.0	0.0	0.0	0.4182252883911133	0.0	0.0	0.7700289487838745	0.3302391767501831	0.4626755714416504	0.699221670627594	0.11993617564439774	0.5432631373405457	0.36524951457977295	0.0	0.4962870478630066	1.386805534362793	0.3049032986164093	0.0	0.0	0.0	0.3922027051448822	0.0	0.6640843749046326	0.0	0.0	0.0	0.8662770390510559	0.21105001866817474	0.69110506772995	1.1596018075942993	0.7285215854644775	0.28616270422935486	0.6160639524459839	1.3080652952194214	0.0	0.0	0.0	0.34840670228004456	0.0	0.0	1.3638927936553955	0.3811987042427063	0.0	0.0	0.41997572779655457	1.3186490535736084	0.44507867097854614	0.0	1.2990930080413818	0.3844093978404999	0.27412936091423035	0.0	0.0	0.0	0.4985997676849365
1.2288141250610352	0.46413978934288025	0.0	0.8469725847244263	0.0	0.0	2.5369889736175537	0.0	0.6873919367790222	0.0	0.0	0.0	0.37914609909057617	0.0	0.0	0.758418619632721	0.3256504535675049	0.4916227161884308	0.6906687617301941	0.12538838386535645	0.5279018878936768	0.3661019206047058	0.0	0.4725751280784607	1.3791767358779907	0.36307668685913086	0.0	0.0	0.0	0.390991747379303	0.0	0.6785528659820557	0.0	0.0	0.0	0.8687078952789307	0.23104499280452728	0.704278826713562	1.1913630962371826	0.705771267414093	0.3113504648208618	0.6404972672462463	1.328423023223877	0.0	0.0	0.0	0.3476325273513794	0.0	0.0	1.3171660900115967	0.37627512216567993	0.0	0.0	0.45958849787712097	1.3477954864501953	0.46097302436828613	0.0	1.2512460947036743	0.40475720167160034	0.27963700890541077	0.0	0.0	0.0	0.5002912282943726
1.2288470268249512	0.4805625379085541	0.0	0.8543194532394409	0.0	0.0	2.493253707885742	0.0	0.6797908544540405	0.0	0.0	0.0	0.37903332710266113	0.0	0.0	0.7920127511024475	0.3706139624118805	0.4738127291202545	0.7572347521781921	0.13474522531032562	0.5401643514633179	0.39962145686149597	0.0	0.592745840549469	1.3630717992782593	0.37272340059280396	0.0	0.0	0.0	0.4302455484867096	0.0	0.6923582553863525	0.0	0.0	0.0	0.9140177965164185	0.2794225811958313	0.7671152949333191	1.1971763372421265	0.7965528964996338	0.31539204716682434	0.6539537906646729	1.289616346359253	0.0	0.0	0.0	0.38558056950569153	0.0	0.0	1.3454210758209229	0.35739216208457947	0.0	0.0	0.4941661059856415	1.3258827924728394	0.430585652589798	0.0	1.286345362663269	0.4127330183982849	0.28484198451042175	0.0	0.0	0.0	0.5392959713935852
1.2231090068817139	0.45388755202293396	0.0	0.8808990120887756	0.0	0.0	2.548031806945801	0.0	0.6593183875083923	0.0	0.0	0.0	0.38941171765327454	0.0	0.0	0.770624577999115	0.30390408635139465	0.46903344988822937	0.6759235262870789	0.12473569810390472	0.5765846967697144	0.3608851730823517	0.0	0.5816078186035156	1.3915780782699585	0.2901446521282196	0.0	0.0	0.0	0.41092655062675476	0.0	0.6579241156578064	0.0	0.0	0.0	0.8746572732925415	0.2676275372505188	0.7733268737792969	1.1687079668045044	0.6938280463218689	0.24755652248859406	0.6326334476470947	1.3127256631851196	0.0	0.0	0.0	0.3986150324344635	0.0	0.0	1.3680506944656372	0.39022690057754517	0.0	0.0	0.4846305847167969	1.3212971687316895	0.43703052401542664	0.0	1.2773061990737915	0.40271496772766113	0.2576250433921814	0.0	0.0	0.0	0.4891899526119232
1.266693353652954	0.4730077087879181	0.0	0.8194485306739807	0.0	0.0	2.5368728637695312	0.0	0.6812821626663208	0.0	0.0	0.0	0.39105674624443054	0.0	0.0	0.7699902653694153	0.31461411714553833	0.5092809796333313	0.7100459337234497	0.14390303194522858	0.5284486413002014	0.3776026964187622	0.0	0.492403119802475	1.3696688413619995	0.37499189376831055	0.0	0.0	0.0	0.39374127984046936	0.0	0.6631973385810852	0.0	0.0	0.0	0.838324248790741	0.2292071431875229	0.7059128284454346	1.1760462522506714	0.7112182974815369	0.27408567070961	0.6501344442367554	1.31977379322052	0.0	0.0	0.0	0.37659314274787903	0.0	0.0	1.3753304481506348	0.374211847782135	0.0	0.0	0.4603557288646698	1.3249568939208984	0.4328996241092682	0.0	1.2683815956115723	0.41394996643066406	0.26369577646255493	0.0	0.0	0.0	0.49677416682243347
1.2005176544189453	0.46269726753234863	0.0	0.8317251205444336	0.0	0.0	2.4912590980529785	0.0	0.7018969655036926	0.0	0.0	0.0	0.3755911588668823	0.0	0.0	0.799406886100769	0.30659741163253784	0.48425161838531494	0.6751151084899902	0.13183750212192535	0.5626185536384583	0.3813526928424835	0.0	0.4790477156639099	1.4080144166946411	0.3157389163970947	0.0	0.0	0.0	0.3668443560600281	0.0	0.6690818071365356	0.0	0.0	0.0	0.8482319712638855	0.4260818362236023	0.6885731220245361	1.1762688159942627	0.7052463293075562	0.2591339647769928	0.650119960308075	1.3344584703445435	0.0	0.0	0.0	0.3818008005619049	0.0	0.0	1.3398246765136719	0.38693276047706604	0.0	0.0	0.4267686903476715	1.3178303241729736	0.475617378950119	0.0	1.301559567451477	0.398564875125885	0.3022095561027527	0.0	0.0	0.0	0.4980996549129486
1.244950532913208	0.44747447967529297	0.0	0.8233126997947693	0.0	0.0	2.553391695022583	0.0	0.6588756442070007	0.0	0.0	0.0	0.398360937833786	0.0	0.0	0.7837011814117432	0.32420194149017334	0.4755993187427521	0.6731176972389221	0.12578338384628296	0.5305295586585999	0.3725045621395111	0.0	0.4922650158405304	1.3886433839797974	0.3017467260360718	0.0	0.0	0.0	0.3773566484451294	0.0	0.652172863483429	0.0	0.0	0.0	0.8859724402427673	0.2231707125902176	0.7257143259048462	1.187839388847351	0.697799801826477	0.2603822350502014	0.6403664350509644	1.3058286905288696	0.0	0.0	0.0	0.35828283429145813	0.0	0.0	1.35092031955719	0.3605804443359375	0.0	0.0	0.46951940655708313	1.3638936281204224	0.47223442792892456	0.0	1.2746671438217163	0.3895881474018097	0.25212791562080383	0.0	0.0	0.0	0.48982489109039307
1.2267991304397583	0.4487338960170746	0.0	0.8700409531593323	0.0	0.0	2.5002963542938232	0.0	0.7140023112297058	0.0	0.0	0.0	0.37722766399383545	0.0	0.0	0.7764211893081665	0.34394267201423645	0.4704636335372925	0.6769149899482727	0.13009096682071686	0.5657087564468384	0.3705052435398102	0.0	0.5087510943412781	1.3702669143676758	0.3272818326950073	0.0	0.0	0.0	0.3780006468296051	0.0	0.6523053050041199	0.0	0.0	0.0	0.8666388392448425	0.23317337036132812	0.7206458449363708	1.1792412996292114	0.6864109039306641	0.308680921792984	0.6217561364173889	1.333648681640625	0.0	0.0	0.0	0.37261322140693665	0.0	0.0	1.3444037437438965	0.47253134846687317	0.0	0.0	0.44467976689338684	1.3404359817504883	0.4911479949951172	0.0	1.2997453212738037	0.3804037272930145	0.25427380204200745	0.0	0.0	0.0	0.4982624053955078
1.257667899131775	0.4265912175178528	0.0	0.9166847467422485	0.0	0.0	2.476073980331421	0.0	0.7248318195343018	0.0	0.0	0.0	0.44690269231796265	0.0	0.0	0.8201922178268433	0.37964096665382385	0.46784940361976624	0.6723230481147766	0.1417880803346634	0.5993304252624512	0.3526192307472229	0.0	0.5177966356277466	1.384761095046997	0.29233136773109436	0.0	0.0	0.0	0.36072853207588196	0.0	0.6483862996101379	0.0	0.0	0.0	0.8612087965011597	0.3831320106983185	0.692823052406311	1.1732667684555054	0.7104647755622864	0.24928957223892212	0.6213671565055847	1.2805132865905762	0.0	0.0	0.0	0.40301308035850525	0.0	0.0	1.4510095119476318	0.40068483352661133	0.0	0.0	0.3949045240879059	1.3286689519882202	0.45551347732543945	0.0	1.3102432489395142	0.4629427492618561	0.3062610626220703	0.0	0.0	0.0	0.534245491027832
1.2478340864181519	0.47876566648483276	0.0	0.8321440815925598	0.0	0.0	2.540313243865967	0.0	0.7114564776420593	0.0	0.0	0.0	0.43779873847961426	0.0	0.0	0.8411945700645447	0.3449823558330536	0.4559398889541626	0.6692501902580261	0.11538009345531464	0.612980842590332	0.3529379963874817	0.0	0.5381078720092773	1.3945977687835693	0.30306798219680786	0.0	0.0	0.0	0.3774176836013794	0.0	0.6777346730232239	0.0	0.0	0.0	0.8521629571914673	0.22983814775943756	0.7104129195213318	1.1841050386428833	0.719193696975708	0.2679441571235657	0.6145727634429932	1.285781741142273	0.0	0.0	0.0	0.40250763297080994	0.0	0.0	1.4889023303985596	0.3971809446811676	0.0	0.0	0.44351422786712646	1.336681842803955	0.4838332533836365	0.0	1.321702003479004	0.42820534110069275	0.26034465432167053	0.0	0.0	0.0	0.4906606674194336
1.2170077562332153	0.4310562312602997	0.0	0.8150901794433594	0.0	0.0	2.5089564323425293	0.0	0.671963095664978	0.0	0.0	0.0	0.36208757758140564	0.0	0.0	0.7505685687065125	0.32319992780685425	0.468575656414032	0.6673300862312317	0.1211281344294548	0.5199770927429199	0.3762159049510956	0.0	0.4887292981147766	1.3811429738998413	0.3078017234802246	0.0	0.0	0.0	0.3774157762527466	0.0	0.6958758234977722	0.0	0.0	0.0	0.8404151797294617	0.2090204358100891	0.6816518306732178	1.1635699272155762	0.701078474521637	0.26686716079711914	0.6304203271865845	1.2928563356399536	0.0	0.0	0.0	0.3360191583633423	0.0	0.0	1.3391426801681519	0.37695205211639404	0.0	0.0	0.4140864908695221	1.336506962776184	0.4355691373348236	0.0	1.3198643922805786	0.3831121027469635	0.2623055875301361	0.0	0.0	0.0	0.5173416137695312
1.230263352394104	0.4658098518848419	0.0	0.8163020610809326	0.0	0.0	2.5233325958251953	0.0	0.712990403175354	0.0	0.0	0.0	0.36730441451072693	0.0	0.0	0.7877275347709656	0.3292377293109894	0.48614218831062317	0.6738675832748413	0.13749012351036072	0.602683424949646	0.36674946546554565	0.0	0.4853561222553253	1.4002500772476196	0.32579293847084045	0.0	0.0	0.0	0.39888688921928406	0.0	0.6529496908187866	0.0	0.0	0.0	0.8543731570243835	0.25072965025901794	0.713975191116333	1.1867477893829346	0.7023023962974548	0.2765903174877167	0.6204785704612732	1.3244620561599731	0.0	0.0	0.0	0.38492050766944885	0.0	0.0	1.3332107067108154	0.3736072778701782	0.0	0.0	0.4198608994483948	1.3558589220046997	0.47071677446365356	0.0	1.335108995437622	0.38529378175735474	0.2882670760154724	0.0	0.0	0.0	0.5451077818870544
1.2639750242233276	0.4510156214237213	0.0	0.8857200145721436	0.0	0.0	2.588183879852295	0.0	0.6718220710754395	0.0	0.0	0.0	0.383324533700943	0.0	0.0	0.7964012026786804	0.32270023226737976	0.5079789757728577	0.683160662651062	0.12631992995738983	0.6085824370384216	0.37199482321739197	0.0	0.5238576531410217	1.4056719541549683	0.32558852434158325	0.0	0.0	0.0	0.3816629648208618	0.0	0.6704461574554443	0.0	0.0	0.0	0.9056280255317688	0.24957096576690674	0.7205408811569214	1.2457023859024048	0.699114978313446	0.27091655135154724	0.6796593070030212	1.316157579421997	0.0	0.0	0.0	0.3954659104347229	0.0	0.0	1.3773504495620728	0.4500511884689331	0.0	0.0	0.418936163187027	1.351759910583496	0.4471558630466461	0.0	1.2869784832000732	0.3720681667327881	0.2709575891494751	0.0	0.0	0.0	0.5121221542358398
1.2044788599014282	0.43756118416786194	0.0	0.8635777235031128	0.0	0.0	2.462599515914917	0.0	0.6513040065765381	0.0	0.0	0.0	0.36706849932670593	0.0	0.0	0.7420982718467712	0.3260287940502167	0.5112340450286865	0.6606691479682922	0.1171446144580841	0.5197932124137878	0.3481748104095459	0.0	0.46983638405799866	1.3800959587097168	0.3508991003036499	0.0	0.0	0.0	0.3796882927417755	0.0	0.6621047854423523	0.0	0.0	0.0	0.8620250225067139	0.2162809669971466	0.7067118287086487	1.1670849323272705	0.7149384021759033	0.2988172471523285	0.6136353611946106	1.2973742485046387	0.0	0.0	0.0	0.3521633446216583	0.0	0.0	1.3308740854263306	0.36560744047164917	0.0	0.0	0.4295455515384674	1.3211944103240967	0.43168342113494873	0.0	1.2743868827819824	0.41282591223716736	0.2712712287902832	0.0	0.0	0.0	0.4988549053668976
1.2470512390136719	0.471517413854599	0.0	0.8089166879653931	0.0	0.0	2.4456045627593994	0.0	0.6576704382896423	0.0	0.0	0.0	0.38009896874427795	0.0	0.0	0.7640978693962097	0.35773131251335144	0.49543237686157227	0.7015644311904907	0.10785612463951111	0.5280004739761353	0.3663053810596466	0.0	0.4897359609603882	1.3865132331848145	0.3017280399799347	0.0	0.0	0.0	0.4105592668056488	0.0	0.7013444304466248	0.0	0.0	0.0	0.8668826818466187	0.2570090591907501	0.7141481041908264	1.1969363689422607	0.6967331171035767	0.2642326354980469	0.6420873403549194	1.2731736898422241	0.0	0.0	0.0	0.350527286529541	0.0	0.0	1.346994400024414	0.37678003311157227	0.0	0.0	0.4134003221988678	1.3276726007461548	0.44554781913757324	0.0	1.2884550094604492	0.37824133038520813	0.3049468696117401	0.0	0.0	0.0	0.5126509070396423
1.2191674709320068	0.4289535582065582	0.0	0.8275187611579895	0.0	0.0	2.6084790229797363	0.0	0.6702456474304199	0.0	0.0	0.0	0.38693535327911377	0.0	0.0	0.7879122495651245	0.31481829285621643	0.5161187052726746	0.7178918719291687	0.11553957313299179	0.5470815896987915	0.3683750033378601	0.0	0.5075032114982605	1.3814160823822021	0.29122084379196167	0.0	0.0	0.0	0.3931737542152405	0.0	0.6754572987556458	0.0	0.0	0.0	0.8455492854118347	0.20466861128807068	0.7479493021965027	1.1687612533569336	0.7128391265869141	0.2561895251274109	0.6425734758377075	1.327158808708191	0.0	0.0	0.0	0.39924997091293335	0.0	0.0	1.3497000932693481	0.3686678409576416	0.0	0.0	0.43479883670806885	1.3696599006652832	0.46744421124458313	0.0	1.3144222497940063	0.38007310032844543	0.3386283814907074	0.0	0.0	0.0	0.5094833374023438
1.2084684371948242	0.4954148232936859	0.0	0.850508451461792	0.0	0.0	2.5069239139556885	0.0	0.6760726571083069	0.0	0.0	0.0	0.3813037872314453	0.0	0.0	0.7518947124481201	0.31994909048080444	0.46473637223243713	0.6728986501693726	0.10513099282979965	0.5269460082054138	0.3602328300476074	0.0	0.5000419616699219	1.3726264238357544	0.3037954866886139	0.0	0.0	0.0	0.384335458278656	0.0	0.6673911213874817	0.0	0.0	0.0	0.8650811910629272	0.21267950534820557	0.7138580083847046	1.1913939714431763	0.7202014923095703	0.2550910711288452	0.6268134713172913	1.3322869539260864	0.0	0.0	0.0	0.3486022651195526	0.0	0.0	1.3350802659988403	0.47583502531051636	0.0	0.0	0.40982505679130554	1.3371667861938477	0.465250164270401	0.0	1.29068922996521	0.3849400281906128	0.2696762681007385	0.0	0.0	0.0	0.5202735662460327
1.2145626544952393	0.4646000266075134	0.0	0.8121569156646729	0.0	0.0	2.5460524559020996	0.0	0.6632872819900513	0.0	0.0	0.0	0.4057532548904419	0.0	0.0	0.7543496489524841	0.34491148591041565	0.4924509823322296	0.685620903968811	0.11853334307670593	0.5459389686584473	0.36159181594848633	0.0	0.47871527075767517	1.3813486099243164	0.3067474365234375	0.0	0.0	0.0	0.3819441795349121	0.0	0.672098696231842	0.0	0.0	0.0	0.8955543637275696	0.260934054851532	0.7213616371154785	1.2039128541946411	0.7089526057243347	0.2923029363155365	0.6245454549789429	1.30144464969635	0.0	0.0	0.0	0.3525564670562744	0.0	0.0	1.328225016593933	0.37253835797309875	0.0	0.0	0.44427403807640076	1.3139610290527344	0.44764766097068787	0.0	1.294000267982483	0.4029169976711273	0.29118600487709045	0.0	0.0	0.0	0.5632709860801697
1.2250303030014038	0.4627816081047058	0.0	0.8465288877487183	0.0	0.0	2.535234212875366	0.0	0.6550072431564331	0.0	0.0	0.0	0.3883736729621887	0.0	0.0	0.7645729780197144	0.32958248257637024	0.5020644068717957	0.6840327382087708	0.13998183608055115	0.5438031554222107	0.36211341619491577	0.0	0.522863507270813	1.3915050029754639	0.36355406045913696	0.0	0.0	0.0	0.37723615765571594	0.0	0.6801469326019287	0.0	0.0	0.0	0.8716254830360413	0.20825102925300598	0.7219206690788269	1.1837494373321533	0.7040242552757263	0.3384341597557068	0.6841499209403992	1.3304990530014038	0.0	0.0	0.0	0.3727206587791443	0.0	0.0	1.3732794523239136	0.4050031900405884	0.0	0.0	0.4180257022380829	1.3386573791503906	0.46065324544906616	0.0	1.2911134958267212	0.4057374596595764	0.272307425737381	0.0	0.0	0.0	0.5477654933929443
1.232008695602417	0.46368172764778137	0.0	0.8750593066215515	0.0	0.0	2.536884069442749	0.0	0.703009307384491	0.0	0.0	0.0	0.40884628891944885	0.0	0.0	0.7800989151000977	0.34191015362739563	0.5065032839775085	0.6921659708023071	0.12642259895801544	0.5610989928245544	0.3738534450531006	0.0	0.48936334252357483	1.4076368808746338	0.3591592609882355	0.0	0.0	0.0	0.40331560373306274	0.0	0.6858550310134888	0.0	0.0	0.0	0.8841131329536438	0.2402304708957672	0.6948667168617249	1.1926335096359253	0.7090084552764893	0.30603668093681335	0.6342653632164001	1.311280369758606	0.0	0.0	0.0	0.36038580536842346	0.0	0.0	1.3525853157043457	0.3708861470222473	0.0	0.0	0.43140745162963867	1.3426508903503418	0.4579716622829437	0.0	1.3010361194610596	0.4082827866077423	0.31551593542099	0.0	0.0	0.0	0.5897862911224365
1.2428709268569946	0.4372338056564331	0.0	0.9248026609420776	0.0	0.0	2.506187915802002	0.0	0.7253860831260681	0.0	0.0	0.0	0.3973415493965149	0.0	0.0	0.7524125576019287	0.3299238681793213	0.46770578622817993	0.6850001811981201	0.1467881202697754	0.5804464817047119	0.3800290524959564	0.0	0.5758383870124817	1.364245891571045	0.3140084147453308	0.0	0.0	0.0	0.40368905663490295	0.0	0.6703428626060486	0.0	0.0	0.0	0.8594163656234741	0.29311054944992065	0.7635375261306763	1.182381510734558	0.7127394080162048	0.2548561096191406	0.630344808101654	1.2805263996124268	0.0	0.0	0.0	0.3492743968963623	0.0	0.0	1.3420594930648804	0.35575562715530396	0.0	0.0	0.4924115538597107	1.3248547315597534	0.4534621238708496	0.0	1.3005338907241821	0.3616555333137512	0.27955442667007446	0.0	0.0	0.0	0.5058122277259827
1.2461808919906616	0.4382437765598297	0.0	0.9077162742614746	0.0	0.0	2.4839107990264893	0.0	0.6964705586433411	0.0	0.0	0.0	0.42865848541259766	0.0	0.0	0.8468939661979675	0.3178476393222809	0.457771897315979	0.7064269781112671	0.1112438216805458	0.605860710144043	0.3899967670440674	0.0	0.5291386842727661	1.3811357021331787	0.3151632845401764	0.0	0.0	0.0	0.3913561701774597	0.0	0.6666379570960999	0.0	0.0	0.0	0.8387420773506165	0.35646897554397583	0.7253042459487915	1.163223385810852	0.6934798955917358	0.2654428780078888	0.6496568322181702	1.2813138961791992	0.0	0.0	0.0	0.41224029660224915	0.0	0.0	1.4500601291656494	0.37984952330589294	0.0	0.0	0.4169345796108246	1.3302521705627441	0.47859305143356323	0.0	1.289416790008545	0.4562622010707855	0.2728322148323059	0.0	0.0	0.0	0.5070953965187073
1.2156740427017212	0.43699154257774353	0.0	0.8220930099487305	0.0	0.0	2.464657783508301	0.0	0.6530412435531616	0.0	0.0	0.0	0.39124947786331177	0.0	0.0	0.7818419933319092	0.32525062561035156	0.4771387577056885	0.667494535446167	0.1115090474486351	0.5594342947006226	0.3669889271259308	0.0	0.49865180253982544	1.3891358375549316	0.3006031811237335	0.0	0.0	0.0	0.4302918016910553	0.0	0.6533809900283813	0.0	0.0	0.0	0.8775798082351685	0.19286401569843292	0.685336172580719	1.17058527469635	0.7048947215080261	0.2897973656654358	0.6092773675918579	1.2897084951400757	0.0	0.0	0.0	0.3534574508666992	0.0	0.0	1.3353732824325562	0.36985352635383606	0.0	0.0	0.46716877818107605	1.3147926330566406	0.47377222776412964	0.0	1.2725412845611572	0.3777058720588684	0.2593768239021301	0.0	0.0	0.0	0.5458732843399048
1.2278528213500977	0.45365631580352783	0.0	0.9457978010177612	0.0	0.0	2.4759929180145264	0.0	0.7530750036239624	0.0	0.0	0.0	0.38851675391197205	0.0	0.0	0.765490710735321	0.32611098885536194	0.48279261589050293	0.7158233523368835	0.13754001259803772	0.5283565521240234	0.38806888461112976	0.0	0.5906793475151062	1.3893866539001465	0.36626914143562317	0.0	0.0	0.0	0.38793832063674927	0.0	0.6567419171333313	0.0	0.0	0.0	0.8554767966270447	0.27832040190696716	0.7728369235992432	1.1632516384124756	0.7199450731277466	0.2625228464603424	0.629526674747467	1.3515416383743286	0.0	0.0	0.0	0.3950539529323578	0.0	0.0	1.345207929611206	0.3656846880912781	0.0	0.0	0.48538756370544434	1.3766692876815796	0.44171762466430664	0.0	1.2631341218948364	0.3656945824623108	0.2598881125450134	0.0	0.0	0.0	0.49541813135147095
1.227455735206604	0.4598207473754883	0.0	0.8568423986434937	0.0	0.0	2.5413460731506348	0.0	0.6755176782608032	0.0	0.0	0.0	0.36971908807754517	0.0	0.0	0.7658945918083191	0.31752437353134155	0.46860334277153015	0.674121618270874	0.1143573522567749	0.5575718879699707	0.3735334575176239	0.0	0.48426446318626404	1.396715521812439	0.3240833878517151	0.0	0.0	0.0	0.3935706615447998	0.0	0.6711509227752686	0.0	0.0	0.0	0.8514271974563599	0.2385532259941101	0.7142939567565918	1.1672861576080322	0.6927502155303955	0.2518515884876251	0.6200242042541504	1.3127676248550415	0.0	0.0	0.0	0.35881108045578003	0.0	0.0	1.3588628768920898	0.47569507360458374	0.0	0.0	0.40507739782333374	1.3411576747894287	0.4324330687522888	0.0	1.3238656520843506	0.3877691328525543	0.26304760575294495	0.0	0.0	0.0	0.5087281465530396
1.2281570434570312	0.44944456219673157	0.0	0.9382057785987854	0.0	0.0	2.5138723850250244	0.0	0.714716911315918	0.0	0.0	0.0	0.39287152886390686	0.0	0.0	0.8367652297019958	0.31761670112609863	0.5165613293647766	0.6832775473594666	0.11915289610624313	0.5781028866767883	0.3862786889076233	0.0	0.5321797728538513	1.421897053718567	0.3459073305130005	0.0	0.0	0.0	0.4282998740673065	0.0	0.6884621381759644	0.0	0.0	0.0	0.8936142325401306	0.27251967787742615	0.7454122304916382	1.1942477226257324	0.7121874094009399	0.27277493476867676	0.6222794651985168	1.2720242738723755	0.0	0.0	0.0	0.36228692531585693	0.0	0.0	1.4866122007369995	0.38367366790771484	0.0	0.0	0.4593750238418579	1.374645709991455	0.46940019726753235	0.0	1.2991528511047363	0.4049939513206482	0.29803940653800964	0.0	0.0	0.0	0.5260779857635498
1.2502250671386719	0.4311201870441437	0.0	0.9521337747573853	0.0	0.0	2.4870567321777344	0.0	0.682981550693512	0.0	0.0	0.0	0.3832146227359772	0.0	0.0	0.7898726463317871	0.31518733501434326	0.4496215879917145	0.6875550746917725	0.1353379189968109	0.6288856267929077	0.35568010807037354	0.0	0.5818615555763245	1.3823338747024536	0.30916962027549744	0.0	0.0	0.0	0.37912797927856445	0.0	0.6566148400306702	0.0	0.0	0.0	0.8457417488098145	0.408609539270401	0.7312220931053162	1.1600407361984253	0.7104944586753845	0.24629449844360352	0.6404457688331604	1.306349754333496	0.0	0.0	0.0	0.4363670349121094	0.0	0.0	1.412020206451416	0.359585165977478	0.0	0.0	0.484360009431839	1.3106896877288818	0.4487496614456177	0.0	1.2894108295440674	0.4803704619407654	0.2686401605606079	0.0	0.0	0.0	0.499440461397171
1.2182254791259766	0.44865185022354126	0.0	0.8129069805145264	0.0	0.0	2.4565846920013428	0.0	0.6525858640670776	0.0	0.0	0.0	0.38316792249679565	0.0	0.0	0.7402159571647644	0.3169994056224823	0.45706748962402344	0.6768625378608704	0.12267068773508072	0.5223962664604187	0.3566761910915375	0.0	0.4736672043800354	1.366567611694336	0.3005083501338959	0.0	0.0	0.0	0.3797324001789093	0.0	0.649504542350769	0.0	0.0	0.0	0.8454223275184631	0.3990554213523865	0.7104520797729492	1.1825084686279297	0.7014101147651672	0.25379934906959534	0.6279356479644775	1.2917940616607666	0.0	0.0	0.0	0.3482007086277008	0.0	0.0	1.3120934963226318	0.4932101368904114	0.0	0.0	0.47383761405944824	1.315596342086792	0.4402661919593811	0.0	1.295376181602478	0.37065479159355164	0.26736804842948914	0.0	0.0	0.0	0.4997326135635376
1.2235687971115112	0.4684043228626251	0.0	0.9890038967132568	0.0	0.0	2.546452522277832	0.0	0.7053313255310059	0.0	0.0	0.0	0.3720114529132843	0.0	0.0	0.7671229243278503	0.31999003887176514	0.46097397804260254	0.6750124096870422	0.1371476799249649	0.5459673404693604	0.35436248779296875	0.0	0.5990785956382751	1.3831013441085815	0.3093443214893341	0.0	0.0	0.0	0.3926372528076172	0.0	0.677394449710846	0.0	0.0	0.0	0.8653624057769775	0.3125852048397064	0.8028826117515564	1.1567332744598389	0.7015604376792908	0.2868683338165283	0.6584912538528442	1.3292800188064575	0.0	0.0	0.0	0.34948912262916565	0.0	0.0	1.336015224456787	0.3938404321670532	0.0	0.0	0.5152521729469299	1.356921672821045	0.4519050419330597	0.0	1.2776538133621216	0.3800072968006134	0.30093058943748474	0.0	0.0	0.0	0.5140218138694763
1.263663411140442	0.4650004804134369	0.0	0.842932939529419	0.0	0.0	2.522630453109741	0.0	0.6722670197486877	0.0	0.0	0.0	0.3892248272895813	0.0	0.0	0.753558874130249	0.3997418284416199	0.5154179334640503	0.7184445858001709	0.10900801420211792	0.5348037481307983	0.34855660796165466	0.0	0.48576441407203674	1.4012717008590698	0.37153545022010803	0.0	0.0	0.0	0.35856300592422485	0.0	0.6642288565635681	0.0	0.0	0.0	0.8521125912666321	0.21871981024742126	0.6866108775138855	1.205960988998413	0.7296552658081055	0.3240198493003845	0.6380584836006165	1.2970542907714844	0.0	0.0	0.0	0.36057189106941223	0.0	0.0	1.3493812084197998	0.35490432381629944	0.0	0.0	0.4190118610858917	1.3583368062973022	0.45179107785224915	0.0	1.2905102968215942	0.3909406065940857	0.26291102170944214	0.0	0.0	0.0	0.5049968361854553
1.2255703210830688	0.48553165793418884	0.0	0.9363947510719299	0.0	0.0	2.5100786685943604	0.0	0.6711327433586121	0.0	0.0	0.0	0.37091532349586487	0.0	0.0	0.7583922743797302	0.3304159641265869	0.4924456477165222	0.7126252055168152	0.13187646865844727	0.5198228359222412	0.39908692240715027	0.0	0.5720478296279907	1.396229863166809	0.2961145043373108	0.0	0.0	0.0	0.41131699085235596	0.0	0.6639810800552368	0.0	0.0	0.0	0.8728668093681335	0.29068899154663086	0.7786953449249268	1.157131552696228	0.7076467871665955	0.29725679755210876	0.6200910806655884	1.3392294645309448	0.0	0.0	0.0	0.3862384557723999	0.0	0.0	1.3245517015457153	0.36500975489616394	0.0	0.0	0.495461106300354	1.3196090459823608	0.471839964389801	0.0	1.298689365386963	0.3689967095851898	0.3249835669994354	0.0	0.0	0.0	0.4923018515110016
1.1952704191207886	0.5082286596298218	0.0	0.8304266333580017	0.0	0.0	2.5104854106903076	0.0	0.661973237991333	0.0	0.0	0.0	0.3766125440597534	0.0	0.0	0.763257622718811	0.32983914017677307	0.48012644052505493	0.672498345375061	0.12514831125736237	0.5547306537628174	0.3671857416629791	0.0	0.4853440821170807	1.3832042217254639	0.3152734935283661	0.0	0.0	0.0	0.39084863662719727	0.0	0.6658560037612915	0.0	0.0	0.0	0.858247697353363	0.2104979008436203	0.7234809994697571	1.1635440587997437	0.7159921526908875	0.2688086926937103	0.6226064562797546	1.3076938390731812	0.0	0.0	0.0	0.40844351053237915	0.0	0.0	1.3457285165786743	0.3789239227771759	0.0	0.0	0.45612266659736633	1.3124347925186157	0.4438251256942749	0.0	1.2719398736953735	0.38473665714263916	0.29696041345596313	0.0	0.0	0.0	0.513428807258606
1.2010632753372192	0.44655248522758484	0.0	0.8993762135505676	0.0	0.0	2.4870412349700928	0.0	0.6825873255729675	0.0	0.0	0.0	0.36751529574394226	0.0	0.0	0.7694341540336609	0.357474684715271	0.5481414794921875	0.7272301912307739	0.13927341997623444	0.5217584371566772	0.3794841170310974	0.0	0.47745728492736816	1.3886715173721313	0.41576430201530457	0.0	0.0	0.0	0.4095829725265503	0.0	0.6579307913780212	0.0	0.0	0.0	0.847367525100708	0.21528103947639465	0.6906104683876038	1.1872094869613647	0.7138553857803345	0.3175540268421173	0.6364137530326843	1.284483551979065	0.0	0.0	0.0	0.35275036096572876	0.0	0.0	1.367151141166687	0.4006773829460144	0.0	0.0	0.47034603357315063	1.3299591541290283	0.4536275565624237	0.0	1.2909423112869263	0.4138859808444977	0.26191356778144836	0.0	0.0	0.0	0.5342398881912231
1.2254161834716797	0.43922707438468933	0.0	0.8291407227516174	0.0	0.0	2.4840095043182373	0.0	0.6729074120521545	0.0	0.0	0.0	0.3608822524547577	0.0	0.0	0.7539410591125488	0.3232429325580597	0.4872446656227112	0.6854767799377441	0.11964760720729828	0.5357847213745117	0.38838160037994385	0.0	0.4708521068096161	1.4007490873336792	0.29596084356307983	0.0	0.0	0.0	0.38504236936569214	0.0	0.6588479280471802	0.0	0.0	0.0	0.8530789017677307	0.20724566280841827	0.7110602855682373	1.1832630634307861	0.7163914442062378	0.2879415452480316	0.6075096726417542	1.311010718345642	0.0	0.0	0.0	0.3698790371417999	0.0	0.0	1.3659569025039673	0.36472824215888977	0.0	0.0	0.4162369668483734	1.3341683149337769	0.459076464176178	0.0	1.3079662322998047	0.38086143136024475	0.2679348289966583	0.0	0.0	0.0	0.5010029673576355
1.2142192125320435	0.461406946182251	0.0	0.8434620499610901	0.0	0.0	2.4555013179779053	0.0	0.665244996547699	0.0	0.0	0.0	0.38720792531967163	0.0	0.0	0.7763282060623169	0.35011255741119385	0.47279971837997437	0.6861858367919922	0.1312427818775177	0.5308544039726257	0.3663141131401062	0.0	0.49639585614204407	1.386857509613037	0.30853956937789917	0.0	0.0	0.0	0.379269540309906	0.0	0.6847061514854431	0.0	0.0	0.0	0.8456047773361206	0.37843114137649536	0.7043725848197937	1.15321946144104	0.722455620765686	0.28712213039398193	0.637740969657898	1.283077359199524	0.0	0.0	0.0	0.34593161940574646	0.0	0.0	1.3657969236373901	0.37175121903419495	0.0	0.0	0.4651210904121399	1.3225468397140503	0.4552467167377472	0.0	1.2674731016159058	0.39863428473472595	0.30621179938316345	0.0	0.0	0.0	0.5160591006278992
1.2515604496002197	0.46865713596343994	0.0	0.8563465476036072	0.0	0.0	2.589301347732544	0.0	0.6706300377845764	0.0	0.0	0.0	0.38439488410949707	0.0	0.0	0.7839328646659851	0.3352598249912262	0.46943962574005127	0.7082303166389465	0.1336449831724167	0.5377347469329834	0.36267557740211487	0.0	0.4968770146369934	1.3800804615020752	0.3223249018192291	0.0	0.0	0.0	0.42431387305259705	0.0	0.6751207113265991	0.0	0.0	0.0	0.8755276203155518	0.22088278830051422	0.7473567724227905	1.1895601749420166	0.7307733297348022	0.26653921604156494	0.664380669593811	1.3364826440811157	0.0	0.0	0.0	0.389687180519104	0.0	0.0	1.3631975650787354	0.40313830971717834	0.0	0.0	0.444683700799942	1.3623627424240112	0.4704586863517761	0.0	1.289900302886963	0.41026338934898376	0.2588571608066559	0.0	0.0	0.0	0.508495569229126
1.2217527627944946	0.45799288153648376	0.0	0.9066451787948608	0.0	0.0	2.4958090782165527	0.0	0.6553977727890015	0.0	0.0	0.0	0.3754049837589264	0.0	0.0	0.7859410643577576	0.31727737188339233	0.479976087808609	0.681584894657135	0.131317138671875	0.5291202664375305	0.37402480840682983	0.0	0.5813857316970825	1.3807333707809448	0.30218905210494995	0.0	0.0	0.0	0.4254828989505768	0.0	0.6541324257850647	0.0	0.0	0.0	0.9316202402114868	0.3835132122039795	0.7614313364028931	1.1666243076324463	0.7113370895385742	0.2767951786518097	0.6492010951042175	1.2656612396240234	0.0	0.0	0.0	0.36952903866767883	0.0	0.0	1.3428353071212769	0.38218948245048523	0.0	0.0	0.500108540058136	1.3256880044937134	0.45624688267707825	0.0	1.2814924716949463	0.37317612767219543	0.272253155708313	0.0	0.0	0.0	0.4980033040046692
1.2109591960906982	0.4675273299217224	0.0	0.8260349631309509	0.0	0.0	2.4877870082855225	0.0	0.663797914981842	0.0	0.0	0.0	0.4016013741493225	0.0	0.0	0.7794622778892517	0.33012107014656067	0.45779135823249817	0.6705812215805054	0.10789559036493301	0.547858715057373	0.3687562048435211	0.0	0.5306325554847717	1.390049695968628	0.3052143156528473	0.0	0.0	0.0	0.40918904542922974	0.0	0.6607958674430847	0.0	0.0	0.0	0.9054406881332397	0.377339243888855	0.6734948754310608	1.164156436920166	0.7137865424156189	0.24853548407554626	0.6738491654396057	1.2911970615386963	0.0	0.0	0.0	0.36210817098617554	0.0	0.0	1.3837099075317383	0.42161044478416443	0.0	0.0	0.4297744631767273	1.301048755645752	0.45889344811439514	0.0	1.2815219163894653	0.3580509424209595	0.26012954115867615	0.0	0.0	0.0	0.5158412456512451
1.2272696495056152	0.513130784034729	0.0	0.8428717255592346	0.0	0.0	2.516954183578491	0.0	0.6712175607681274	0.0	0.0	0.0	0.39764663577079773	0.0	0.0	0.7568656802177429	0.36599376797676086	0.46548229455947876	0.6980984210968018	0.11553462594747543	0.5606322884559631	0.3775736093521118	0.0	0.49065595865249634	1.3730350732803345	0.3020718991756439	0.0	0.0	0.0	0.3862782120704651	0.0	0.6742087006568909	0.0	0.0	0.0	0.8731824159622192	0.2257465273141861	0.6953125	1.1901795864105225	0.74117112159729	0.2626411020755768	0.6393135190010071	1.3071857690811157	0.0	0.0	0.0	0.46336957812309265	0.0	0.0	1.3245441913604736	0.394957572221756	0.0	0.0	0.4073072671890259	1.3343541622161865	0.47341442108154297	0.0	1.2816660404205322	0.38206562399864197	0.26319462060928345	0.0	0.0	0.0	0.5422699451446533
1.2614370584487915	0.5069566369056702	0.0	0.8488798141479492	0.0	0.0	2.5057013034820557	0.0	0.6581818461418152	0.0	0.0	0.0	0.40207427740097046	0.0	0.0	0.7980733513832092	0.3619936406612396	0.45767489075660706	0.6651753187179565	0.14054813981056213	0.5424971580505371	0.36142581701278687	0.0	0.5086599588394165	1.3841276168823242	0.30416831374168396	0.0	0.0	0.0	0.3759547173976898	0.0	0.669548749923706	0.0	0.0	0.0	0.8525521755218506	0.23473204672336578	0.742606520652771	1.1900839805603027	0.7143273949623108	0.27548298239707947	0.6268944144248962	1.298946499824524	0.0	0.0	0.0	0.3837822377681732	0.0	0.0	1.364975929260254	0.3949916958808899	0.0	0.0	0.42294541001319885	1.3855512142181396	0.48436859250068665	0.0	1.366981863975525	0.4106770157814026	0.2521878182888031	0.0	0.0	0.0	0.5268830060958862
1.2349196672439575	0.438272088766098	0.0	0.9094354510307312	0.0	0.0	2.5344481468200684	0.0	0.7102749347686768	0.0	0.0	0.0	0.41423067450523376	0.0	0.0	0.8025638461112976	0.33159497380256653	0.4668978750705719	0.6856250166893005	0.11800482124090195	0.5918383598327637	0.34674638509750366	0.0	0.5251376032829285	1.4235202074050903	0.30636516213417053	0.0	0.0	0.0	0.3875824213027954	0.0	0.6665143966674805	0.0	0.0	0.0	0.8734115958213806	0.38488298654556274	0.7237911820411682	1.1815210580825806	0.700310230255127	0.25536420941352844	0.6256049275398254	1.333825945854187	0.0	0.0	0.0	0.37966933846473694	0.0	0.0	1.4286644458770752	0.37263914942741394	0.0	0.0	0.396922767162323	1.3346134424209595	0.47084036469459534	0.0	1.2838817834854126	0.4502895772457123	0.2840535640716553	0.0	0.0	0.0	0.6033138036727905
1.214774250984192	0.44904521107673645	0.0	0.8228352665901184	0.0	0.0	2.55591082572937	0.0	0.6781019568443298	0.0	0.0	0.0	0.3739917576313019	0.0	0.0	0.7639884948730469	0.35103458166122437	0.5074983835220337	0.7033930420875549	0.10775228589773178	0.5574102401733398	0.39656969904899597	0.0	0.515707790851593	1.3865082263946533	0.32814380526542664	0.0	0.0	0.0	0.42057520151138306	0.0	0.677836537361145	0.0	0.0	0.0	0.8738391399383545	0.22528111934661865	0.7213674187660217	1.1734910011291504	0.7113574743270874	0.28438204526901245	0.7049784660339355	1.325156331062317	0.0	0.0	0.0	0.4345557391643524	0.0	0.0	1.3373382091522217	0.43986067175865173	0.0	0.0	0.42487281560897827	1.352858304977417	0.4575887620449066	0.0	1.2964485883712769	0.375244140625	0.29438862204551697	0.0	0.0	0.0	0.5053327679634094
1.2384755611419678	0.44278863072395325	0.0	0.843127429485321	0.0	0.0	2.4855692386627197	0.0	0.7018335461616516	0.0	0.0	0.0	0.3929084837436676	0.0	0.0	0.7828616499900818	0.32494330406188965	0.510659396648407	0.6836991310119629	0.14699512720108032	0.5401648879051208	0.38941341638565063	0.0	0.5009493231773376	1.4027369022369385	0.32325631380081177	0.0	0.0	0.0	0.3713970482349396	0.0	0.6982643604278564	0.0	0.0	0.0	0.8323144912719727	0.261274516582489	0.713355302810669	1.1561392545700073	0.7180407047271729	0.26587289571762085	0.6270871162414551	1.3281960487365723	0.0	0.0	0.0	0.3725939393043518	0.0	0.0	1.345106840133667	0.3743440508842468	0.0	0.0	0.44800591468811035	1.3296446800231934	0.4766448140144348	0.0	1.2971645593643188	0.37255042791366577	0.2955552339553833	0.0	0.0	0.0	0.5478957891464233
1.2114635705947876	0.4533465802669525	0.0	0.8044914603233337	0.0	0.0	2.4820947647094727	0.0	0.6661890149116516	0.0	0.0	0.0	0.3736174404621124	0.0	0.0	0.7951881289482117	0.3096797466278076	0.4587912857532501	0.6535484790802002	0.13410039246082306	0.5427103638648987	0.36822664737701416	0.0	0.494217187166214	1.3624404668807983	0.28787118196487427	0.0	0.0	0.0	0.36919134855270386	0.0	0.6476234793663025	0.0	0.0	0.0	0.8505988121032715	0.2074521780014038	0.6987271904945374	1.1647707223892212	0.7024533748626709	0.26407960057258606	0.6324273943901062	1.276727557182312	0.0	0.0	0.0	0.35926976799964905	0.0	0.0	1.3667045831680298	0.37656283378601074	0.0	0.0	0.44359827041625977	1.31170654296875	0.463390052318573	0.0	1.2923485040664673	0.40495526790618896	0.2715337872505188	0.0	0.0	0.0	0.5010371208190918
1.2663325071334839	0.4621909558773041	0.0	0.9026982188224792	0.0	0.0	2.539196014404297	0.0	0.6881436109542847	0.0	0.0	0.0	0.40347275137901306	0.0	0.0	0.7857213020324707	0.3392663896083832	0.45649945735931396	0.6823505163192749	0.11462006717920303	0.5771768689155579	0.3907233774662018	0.0	0.5978173613548279	1.3912577629089355	0.3005185127258301	0.0	0.0	0.0	0.38702112436294556	0.0	0.6646772027015686	0.0	0.0	0.0	0.8677688837051392	0.26749613881111145	0.7909628748893738	1.1771585941314697	0.7310770153999329	0.2533738315105438	0.6417238116264343	1.3023743629455566	0.0	0.0	0.0	0.3521834909915924	0.0	0.0	1.3939335346221924	0.3712523579597473	0.0	0.0	0.5018070340156555	1.3205716609954834	0.4570510685443878	0.0	1.2786141633987427	0.39041027426719666	0.29187628626823425	0.0	0.0	0.0	0.5079146027565002
1.239530324935913	0.4976072311401367	0.0	0.9773433208465576	0.0	0.0	2.4960227012634277	0.0	0.6548683047294617	0.0	0.0	0.0	0.40011340379714966	0.0	0.0	0.8565128445625305	0.32012176513671875	0.5258774161338806	0.6953403353691101	0.11718132346868515	0.5365900993347168	0.36658018827438354	0.0	0.5038414597511292	1.4181129932403564	0.3444056212902069	0.0	0.0	0.0	0.39142298698425293	0.0	0.6515180468559265	0.0	0.0	0.0	0.8780239224433899	0.23441676795482635	0.7069078683853149	1.176918864250183	0.7319620847702026	0.3060941994190216	0.6498697996139526	1.3022147417068481	0.0	0.0	0.0	0.358913779258728	0.0	0.0	1.5021355152130127	0.4093388617038727	0.0	0.0	0.41965603828430176	1.3963335752487183	0.44448122382164	0.0	1.2889050245285034	0.534093976020813	0.25221776962280273	0.0	0.0	0.0	0.4950839877128601
1.1993911266326904	0.445584774017334	0.0	0.8611149191856384	0.0	0.0	2.46689772605896	0.0	0.6830966472625732	0.0	0.0	0.0	0.3746747672557831	0.0	0.0	0.7616826891899109	0.332430362701416	0.49783915281295776	0.6946039795875549	0.11509998142719269	0.5277122259140015	0.37555766105651855	0.0	0.48244401812553406	1.3774718046188354	0.31771600246429443	0.0	0.0	0.0	0.373820960521698	0.0	0.7147557139396667	0.0	0.0	0.0	0.8470852375030518	0.23042014241218567	0.694582462310791	1.1763832569122314	0.7163969874382019	0.252102255821228	0.6313912868499756	1.3055529594421387	0.0	0.0	0.0	0.3774261176586151	0.0	0.0	1.3441051244735718	0.4946630895137787	0.0	0.0	0.46232903003692627	1.3238394260406494	0.44941967725753784	0.0	1.2730697393417358	0.39133933186531067	0.33308693766593933	0.0	0.0	0.0	0.5000501275062561
1.2118357419967651	0.4575751721858978	0.0	0.9389647841453552	0.0	0.0	2.4906158447265625	0.0	0.675396203994751	0.0	0.0	0.0	0.36877983808517456	0.0	0.0	0.7535489797592163	0.3223353624343872	0.463855504989624	0.6830424666404724	0.12967880070209503	0.5256322622299194	0.3375110626220703	0.0	0.5800673961639404	1.381391167640686	0.2834998667240143	0.0	0.0	0.0	0.3807485103607178	0.0	0.6682572960853577	0.0	0.0	0.0	0.8399901390075684	0.2694805860519409	0.7459781169891357	1.169804573059082	0.712922215461731	0.30400070548057556	0.6230800747871399	1.280861496925354	0.0	0.0	0.0	0.35308465361595154	0.0	0.0	1.3174365758895874	0.38396990299224854	0.0	0.0	0.47990626096725464	1.3005802631378174	0.43335843086242676	0.0	1.2624202966690063	0.3688924312591553	0.2481260895729065	0.0	0.0	0.0	0.5143156051635742
1.2478671073913574	0.47483572363853455	0.0	0.8526519536972046	0.0	0.0	2.5179693698883057	0.0	0.670878529548645	0.0	0.0	0.0	0.3884319067001343	0.0	0.0	0.8018427491188049	0.32085031270980835	0.4983912408351898	0.6707459092140198	0.12698976695537567	0.5780320763587952	0.3789081871509552	0.0	0.5030328035354614	1.372823715209961	0.3614054322242737	0.0	0.0	0.0	0.37594136595726013	0.0	0.6680443286895752	0.0	0.0	0.0	0.8556726574897766	0.228329136967659	0.7243794798851013	1.1902824640274048	0.7024877071380615	0.3039102256298065	0.6264429092407227	1.3277558088302612	0.0	0.0	0.0	0.3898019790649414	0.0	0.0	1.3539831638336182	0.35459181666374207	0.0	0.0	0.44590333104133606	1.3265258073806763	0.4848940670490265	0.0	1.2729905843734741	0.4142860770225525	0.28868383169174194	0.0	0.0	0.0	0.5320748090744019
1.1935439109802246	0.4708866775035858	0.0	0.8312761783599854	0.0	0.0	2.536970615386963	0.0	0.6680694818496704	0.0	0.0	0.0	0.37266960740089417	0.0	0.0	0.7989670038223267	0.3292907774448395	0.4774976968765259	0.6692233681678772	0.1296941488981247	0.5196452140808105	0.37325412034988403	0.0	0.4973593056201935	1.372337818145752	0.30659934878349304	0.0	0.0	0.0	0.37726306915283203	0.0	0.6740992665290833	0.0	0.0	0.0	0.8741137981414795	0.21904489398002625	0.6815152764320374	1.1711292266845703	0.6964766979217529	0.3152269721031189	0.6251240372657776	1.2964894771575928	0.0	0.0	0.0	0.3507124185562134	0.0	0.0	1.357077956199646	0.399063378572464	0.0	0.0	0.427583247423172	1.376052737236023	0.4812411963939667	0.0	1.2951308488845825	0.4001066982746124	0.25844746828079224	0.0	0.0	0.0	0.5214183330535889
1.205539345741272	0.4505227506160736	0.0	0.8250969052314758	0.0	0.0	2.4846179485321045	0.0	0.6698048710823059	0.0	0.0	0.0	0.3905736804008484	0.0	0.0	0.769926905632019	0.3208073377609253	0.501754879951477	0.699481189250946	0.1293574571609497	0.5287957191467285	0.3724849224090576	0.0	0.49238836765289307	1.3629398345947266	0.317923367023468	0.0	0.0	0.0	0.37121737003326416	0.0	0.6902815699577332	0.0	0.0	0.0	0.8722882270812988	0.22331014275550842	0.7120203375816345	1.177749752998352	0.7123403549194336	0.2666376829147339	0.6439833641052246	1.3017863035202026	0.0	0.0	0.0	0.37160882353782654	0.0	0.0	1.3445881605148315	0.4071981608867645	0.0	0.0	0.4211861193180084	1.3205472230911255	0.45947206020355225	0.0	1.2813507318496704	0.39812418818473816	0.31753671169281006	0.0	0.0	0.0	0.5597618222236633
1.2352192401885986	0.4523933231830597	0.0	0.8706110119819641	0.0	0.0	2.461327314376831	0.0	0.6856057047843933	0.0	0.0	0.0	0.3771214485168457	0.0	0.0	0.7818032503128052	0.32672110199928284	0.49223941564559937	0.6981176137924194	0.12236304581165314	0.5582067966461182	0.3742085099220276	0.0	0.5040404200553894	1.4128516912460327	0.30787646770477295	0.0	0.0	0.0	0.38547763228416443	0.0	0.6843932271003723	0.0	0.0	0.0	0.8453729152679443	0.21363039314746857	0.6828150749206543	1.1927776336669922	0.7159063816070557	0.2818818688392639	0.6265184879302979	1.298052430152893	0.0	0.0	0.0	0.3535229563713074	0.0	0.0	1.3335578441619873	0.3887779116630554	0.0	0.0	0.4108944535255432	1.3500051498413086	0.45584791898727417	0.0	1.2948453426361084	0.39133113622665405	0.30882397294044495	0.0	0.0	0.0	0.5125083327293396
1.2371811866760254	0.45379793643951416	0.0	0.862637460231781	0.0	0.0	2.4961979389190674	0.0	0.6697085499763489	0.0	0.0	0.0	0.3855768144130707	0.0	0.0	0.8233433365821838	0.298520028591156	0.46935492753982544	0.709566056728363	0.11659223586320877	0.5718982219696045	0.3893963098526001	0.0	0.4918891191482544	1.4061663150787354	0.30277714133262634	0.0	0.0	0.0	0.37951549887657166	0.0	0.659480094909668	0.0	0.0	0.0	0.8659729957580566	0.23523111641407013	0.7309845089912415	1.1771141290664673	0.6998908519744873	0.24804116785526276	0.6419105529785156	1.3032132387161255	0.0	0.0	0.0	0.34287548065185547	0.0	0.0	1.3724409341812134	0.3917854130268097	0.0	0.0	0.46039432287216187	1.3585021495819092	0.454152375459671	0.0	1.3081748485565186	0.40138646960258484	0.29935595393180847	0.0	0.0	0.0	0.5059566497802734
1.2587110996246338	0.4595046937465668	0.0	0.8494201302528381	0.0	0.0	2.46897554397583	0.0	0.6860511302947998	0.0	0.0	0.0	0.41690191626548767	0.0	0.0	0.808817982673645	0.3415743112564087	0.45705023407936096	0.6634726524353027	0.11283020675182343	0.5508139133453369	0.35731223225593567	0.0	0.5189078450202942	1.358718991279602	0.3532671630382538	0.0	0.0	0.0	0.3802972733974457	0.0	0.6600977182388306	0.0	0.0	0.0	0.9069517850875854	0.2568417489528656	0.6903774738311768	1.1698890924453735	0.6958000659942627	0.2729411721229553	0.681813657283783	1.2859981060028076	0.0	0.0	0.0	0.35422614216804504	0.0	0.0	1.3335480690002441	0.3814752995967865	0.0	0.0	0.44520246982574463	1.3341659307479858	0.4359353184700012	0.0	1.2776602506637573	0.36682406067848206	0.27628374099731445	0.0	0.0	0.0	0.4935442805290222
1.2203251123428345	0.4567832350730896	0.0	0.8473737835884094	0.0	0.0	2.511866331100464	0.0	0.6675475239753723	0.0	0.0	0.0	0.4356652498245239	0.0	0.0	0.8718588352203369	0.31967246532440186	0.4518652856349945	0.6621468663215637	0.11575767397880554	0.6016218066215515	0.3711766004562378	0.0	0.5254191160202026	1.3909633159637451	0.29482629895210266	0.0	0.0	0.0	0.3589446246623993	0.0	0.6456094980239868	0.0	0.0	0.0	0.856618344783783	0.22897130250930786	0.7150648236274719	1.1670299768447876	0.6959704756736755	0.24876485764980316	0.6198986172676086	1.2943717241287231	0.0	0.0	0.0	0.36476588249206543	0.0	0.0	1.4625595808029175	0.3492812514305115	0.0	0.0	0.4191330075263977	1.3321983814239502	0.4418735206127167	0.0	1.3199424743652344	0.4722557067871094	0.2807292640209198	0.0	0.0	0.0	0.49576902389526367
1.227518081665039	0.4834657907485962	0.0	0.9710137844085693	0.0	0.0	2.473151683807373	0.0	0.6708941459655762	0.0	0.0	0.0	0.3932417333126068	0.0	0.0	0.769894003868103	0.3092899024486542	0.5129954814910889	0.686125636100769	0.12042931467294693	0.5378267168998718	0.3659525513648987	0.0	0.621940016746521	1.3886847496032715	0.38886162638664246	0.0	0.0	0.0	0.38949745893478394	0.0	0.6650809049606323	0.0	0.0	0.0	0.8444560766220093	0.2720375657081604	0.7863302230834961	1.1731557846069336	0.7030670642852783	0.3070002496242523	0.6953566074371338	1.2902883291244507	0.0	0.0	0.0	0.35213279724121094	0.0	0.0	1.3769721984863281	0.35757318139076233	0.0	0.0	0.5191560387611389	1.3290430307388306	0.4451358914375305	0.0	1.2802724838256836	0.42317211627960205	0.2740571200847626	0.0	0.0	0.0	0.4957998991012573
1.2227894067764282	0.45420724153518677	0.0	0.8482124209403992	0.0	0.0	2.4526925086975098	0.0	0.6878290772438049	0.0	0.0	0.0	0.37986189126968384	0.0	0.0	0.8003968000411987	0.3100548982620239	0.4790725111961365	0.745951771736145	0.11377506703138351	0.5600640773773193	0.36753854155540466	0.0	0.4863542914390564	1.3827874660491943	0.30169445276260376	0.0	0.0	0.0	0.37239283323287964	0.0	0.6774157881736755	0.0	0.0	0.0	0.8482298851013184	0.23070028424263	0.6864230036735535	1.1872656345367432	0.7219499349594116	0.26296451687812805	0.6265825629234314	1.3051587343215942	0.0	0.0	0.0	0.38830581307411194	0.0	0.0	1.355208396911621	0.4874721169471741	0.0	0.0	0.4385942816734314	1.318049430847168	0.46124956011772156	0.0	1.2997612953186035	0.385164737701416	0.27384236454963684	0.0	0.0	0.0	0.5000019073486328
1.2117347717285156	0.4561428129673004	0.0	0.8442323803901672	0.0	0.0	2.484299659729004	0.0	0.6837828159332275	0.0	0.0	0.0	0.38129737973213196	0.0	0.0	0.7704629302024841	0.3780607581138611	0.4675852358341217	0.6790757775306702	0.13311371207237244	0.5498965382575989	0.35928213596343994	0.0	0.4788569509983063	1.3891868591308594	0.2993975579738617	0.0	0.0	0.0	0.40806710720062256	0.0	0.6754854321479797	0.0	0.0	0.0	0.8518821001052856	0.2232045829296112	0.7486333847045898	1.1769202947616577	0.71230149269104	0.26605555415153503	0.6195829510688782	1.2883535623550415	0.0	0.0	0.0	0.35010844469070435	0.0	0.0	1.3406745195388794	0.3780953288078308	0.0	0.0	0.4278715252876282	1.3410793542861938	0.44523459672927856	0.0	1.2890318632125854	0.3815189003944397	0.2722264528274536	0.0	0.0	0.0	0.49997496604919434
1.2118151187896729	0.4316350519657135	0.0	0.831801176071167	0.0	0.0	2.488522529602051	0.0	0.6488593816757202	0.0	0.0	0.0	0.37302282452583313	0.0	0.0	0.7746464014053345	0.31052687764167786	0.4588335156440735	0.6589334607124329	0.12599574029445648	0.521894633769989	0.36285778880119324	0.0	0.479223370552063	1.3642281293869019	0.2844773828983307	0.0	0.0	0.0	0.37692147493362427	0.0	0.6610723733901978	0.0	0.0	0.0	0.8541208505630493	0.20284344255924225	0.6851094365119934	1.179516315460205	0.6935615539550781	0.2695676386356354	0.6113980412483215	1.2838380336761475	0.0	0.0	0.0	0.34556710720062256	0.0	0.0	1.3225072622299194	0.3666146695613861	0.0	0.0	0.4596593677997589	1.3359907865524292	0.4375722110271454	0.0	1.2736730575561523	0.3807363510131836	0.25489771366119385	0.0	0.0	0.0	0.4910755157470703
1.2373428344726562	0.4632531702518463	0.0	0.8207338452339172	0.0	0.0	2.510138988494873	0.0	0.648724377155304	0.0	0.0	0.0	0.3648201525211334	0.0	0.0	0.7624332904815674	0.315879225730896	0.4723055362701416	0.6823748350143433	0.14400817453861237	0.52180415391922	0.39734113216400146	0.0	0.4827914237976074	1.3824410438537598	0.3110611140727997	0.0	0.0	0.0	0.3962552547454834	0.0	0.66450434923172	0.0	0.0	0.0	0.865903913974762	0.20313137769699097	0.7117338180541992	1.1836777925491333	0.727809488773346	0.28589099645614624	0.6331908702850342	1.3365540504455566	0.0	0.0	0.0	0.3539312481880188	0.0	0.0	1.3186272382736206	0.387489914894104	0.0	0.0	0.4628158509731293	1.3463952541351318	0.497908353805542	0.0	1.276737928390503	0.3865061402320862	0.296554833650589	0.0	0.0	0.0	0.503360390663147
1.240308403968811	0.468670129776001	0.0	0.8109884858131409	0.0	0.0	2.5511419773101807	0.0	0.6631314158439636	0.0	0.0	0.0	0.4349918067455292	0.0	0.0	0.8045616745948792	0.32853811979293823	0.5078578591346741	0.7173815369606018	0.1192975714802742	0.5580483675003052	0.401932030916214	0.0	0.522223174571991	1.413136601448059	0.3094007670879364	0.0	0.0	0.0	0.4304902255535126	0.0	0.6570900082588196	0.0	0.0	0.0	0.9130175709724426	0.23756574094295502	0.6932669281959534	1.1741485595703125	0.7500356435775757	0.28711363673210144	0.6586592793464661	1.290814995765686	0.0	0.0	0.0	0.3551505208015442	0.0	0.0	1.384736180305481	0.42153221368789673	0.0	0.0	0.44428980350494385	1.3420164585113525	0.4557096064090729	0.0	1.3133444786071777	0.40595370531082153	0.2943066656589508	0.0	0.0	0.0	0.5562905669212341
1.2209713459014893	0.4601949453353882	0.0	0.8153470158576965	0.0	0.0	2.471330165863037	0.0	0.6587191224098206	0.0	0.0	0.0	0.37644264101982117	0.0	0.0	0.7516557574272156	0.33287516236305237	0.49778860807418823	0.6729130744934082	0.12425438314676285	0.5226038098335266	0.38373494148254395	0.0	0.4781729578971863	1.385151743888855	0.2977498471736908	0.0	0.0	0.0	0.3938622772693634	0.0	0.6817121505737305	0.0	0.0	0.0	0.8903955221176147	0.2183489352464676	0.6794291734695435	1.1794557571411133	0.7472976446151733	0.2567481994628906	0.6256922483444214	1.329912781715393	0.0	0.0	0.0	0.348087877035141	0.0	0.0	1.3077698945999146	0.4858282804489136	0.0	0.0	0.46174222230911255	1.3288332223892212	0.467624694108963	0.0	1.2978451251983643	0.3604011535644531	0.2888795733451843	0.0	0.0	0.0	0.5282760858535767
1.211753249168396	0.45068976283073425	0.0	0.8115604519844055	0.0	0.0	2.5158185958862305	0.0	0.6540801525115967	0.0	0.0	0.0	0.3882600665092468	0.0	0.0	0.753038763999939	0.354878306388855	0.4707534611225128	0.6832125782966614	0.11840483546257019	0.5234739184379578	0.34873586893081665	0.0	0.4680098295211792	1.3769268989562988	0.2855028510093689	0.0	0.0	0.0	0.37377405166625977	0.0	0.6688730120658875	0.0	0.0	0.0	0.8647034764289856	0.19711832702159882	0.6945802569389343	1.1670820713043213	0.708244264125824	0.2692870497703552	0.6218588352203369	1.2975424528121948	0.0	0.0	0.0	0.355993390083313	0.0	0.0	1.3449485301971436	0.36788395047187805	0.0	0.0	0.41445404291152954	1.3311247825622559	0.4481724202632904	0.0	1.2988190650939941	0.3842379152774811	0.2831893563270569	0.0	0.0	0.0	0.5261386036872864
1.2696665525436401	0.47206825017929077	0.0	0.8599976301193237	0.0	0.0	2.5297658443450928	0.0	0.6719692945480347	0.0	0.0	0.0	0.384731650352478	0.0	0.0	0.764755368232727	0.36412498354911804	0.5230587124824524	0.7084110975265503	0.11526639759540558	0.5490269660949707	0.4163537621498108	0.0	0.5118408203125	1.4020442962646484	0.3471527397632599	0.0	0.0	0.0	0.3737519681453705	0.0	0.7304415702819824	0.0	0.0	0.0	0.9151735305786133	0.37003374099731445	0.7193649411201477	1.1864444017410278	0.693876326084137	0.2956167757511139	0.6579539179801941	1.3080904483795166	0.0	0.0	0.0	0.36159777641296387	0.0	0.0	1.37531578540802	0.4139362573623657	0.0	0.0	0.42050617933273315	1.3207037448883057	0.4702529311180115	0.0	1.2818504571914673	0.4407080113887787	0.31207120418548584	0.0	0.0	0.0	0.4906422197818756
1.262638807296753	0.4720085859298706	0.0	0.88844233751297	0.0	0.0	2.584975481033325	0.0	0.6734081506729126	0.0	0.0	0.0	0.39856523275375366	0.0	0.0	0.7696241140365601	0.3608283996582031	0.5194603800773621	0.6978170871734619	0.14025039970874786	0.5342742800712585	0.3978153467178345	0.0	0.49343979358673096	1.3881856203079224	0.37352514266967773	0.0	0.0	0.0	0.3872167468070984	0.0	0.6957333087921143	0.0	0.0	0.0	0.9003897309303284	0.25510483980178833	0.7465470433235168	1.1808581352233887	0.7186095714569092	0.33079031109809875	0.6661731600761414	1.2910258769989014	0.0	0.0	0.0	0.3773808479309082	0.0	0.0	1.3658185005187988	0.5090870261192322	0.0	0.0	0.456531286239624	1.3106080293655396	0.439510315656662	0.0	1.2623436450958252	0.41127949953079224	0.26149460673332214	0.0	0.0	0.0	0.5137567520141602
1.2155269384384155	0.492019921541214	0.0	0.8244584202766418	0.0	0.0	2.598339796066284	0.0	0.6725046038627625	0.0	0.0	0.0	0.3992727994918823	0.0	0.0	0.7733376622200012	0.33246326446533203	0.47350892424583435	0.6697851419448853	0.1336061805486679	0.5197298526763916	0.36691269278526306	0.0	0.502514123916626	1.3906656503677368	0.3222084939479828	0.0	0.0	0.0	0.3648006021976471	0.0	0.6507916450500488	0.0	0.0	0.0	0.86494380235672	0.21747857332229614	0.7248556017875671	1.1808987855911255	0.698750913143158	0.28069233894348145	0.6436459422111511	1.3165392875671387	0.0	0.0	0.0	0.37267330288887024	0.0	0.0	1.3285613059997559	0.39988452196121216	0.0	0.0	0.46225693821907043	1.346222162246704	0.4466012716293335	0.0	1.2926996946334839	0.43107324838638306	0.2749435007572174	0.0	0.0	0.0	0.5807042121887207
1.2347095012664795	0.467469722032547	0.0	0.860304594039917	0.0	0.0	2.4402499198913574	0.0	0.6653479933738708	0.0	0.0	0.0	0.37359142303466797	0.0	0.0	0.7729288935661316	0.35937929153442383	0.49459242820739746	0.678909420967102	0.1284782737493515	0.5794157385826111	0.3961358964443207	0.0	0.48963120579719543	1.3943794965744019	0.311467707157135	0.0	0.0	0.0	0.4036119282245636	0.0	0.6531639695167542	0.0	0.0	0.0	0.8712628483772278	0.23584644496440887	0.7217491269111633	1.184086799621582	0.7220649719238281	0.250273734331131	0.645799994468689	1.3110623359680176	0.0	0.0	0.0	0.38290292024612427	0.0	0.0	1.3408218622207642	0.3897981643676758	0.0	0.0	0.4329417645931244	1.3663653135299683	0.46521660685539246	0.0	1.3272663354873657	0.38916319608688354	0.27821871638298035	0.0	0.0	0.0	0.5014382004737854
1.325966715812683	0.4757770895957947	0.0	0.9121218919754028	0.0	0.0	2.4811999797821045	0.0	0.7068048715591431	0.0	0.0	0.0	0.43653252720832825	0.0	0.0	0.8783928751945496	0.3744035065174103	0.45676708221435547	0.6894002556800842	0.13905929028987885	0.5720418691635132	0.36882534623146057	0.0	0.4956798255443573	1.4154335260391235	0.3407045602798462	0.0	0.0	0.0	0.3854292333126068	0.0	0.6584864854812622	0.0	0.0	0.0	0.8525725603103638	0.3020060956478119	0.6947563886642456	1.18769109249115	0.7079164981842041	0.26701822876930237	0.6315592527389526	1.3011751174926758	0.0	0.0	0.0	0.3834628462791443	0.0	0.0	1.46995210647583	0.4022441506385803	0.0	0.0	0.41298192739486694	1.3341645002365112	0.47152695059776306	0.0	1.298540472984314	0.4773954451084137	0.3222418427467346	0.0	0.0	0.0	0.5202499032020569
1.2403740882873535	0.4699972867965698	0.0	0.8073439598083496	0.0	0.0	2.5004611015319824	0.0	0.6793963313102722	0.0	0.0	0.0	0.3757125437259674	0.0	0.0	0.7527590990066528	0.3206306993961334	0.47459959983825684	0.6727100610733032	0.13516725599765778	0.5275279879570007	0.3511294722557068	0.0	0.49612846970558167	1.3831814527511597	0.29260843992233276	0.0	0.0	0.0	0.3695896863937378	0.0	0.6569685935974121	0.0	0.0	0.0	0.855046808719635	0.22326821088790894	0.7071110010147095	1.164816975593567	0.7122052907943726	0.2746366262435913	0.6065260767936707	1.3093514442443848	0.0	0.0	0.0	0.3661102056503296	0.0	0.0	1.3389818668365479	0.38989272713661194	0.0	0.0	0.4482424855232239	1.3472323417663574	0.45098018646240234	0.0	1.2756543159484863	0.3711036145687103	0.24947300553321838	0.0	0.0	0.0	0.5178988575935364
1.2222697734832764	0.4887291193008423	0.0	0.8466528058052063	0.0	0.0	2.5713040828704834	0.0	0.6706994771957397	0.0	0.0	0.0	0.43285730481147766	0.0	0.0	0.7974312901496887	0.33398374915122986	0.49415355920791626	0.7060768604278564	0.1395089328289032	0.5907043814659119	0.37555789947509766	0.0	0.4982118308544159	1.3793306350708008	0.29879745841026306	0.0	0.0	0.0	0.3824175000190735	0.0	0.6727794408798218	0.0	0.0	0.0	0.8885312676429749	0.21886663138866425	0.7209747433662415	1.2058762311935425	0.7102813124656677	0.2752310037612915	0.6212916374206543	1.323203444480896	0.0	0.0	0.0	0.38273924589157104	0.0	0.0	1.362701416015625	0.4818267524242401	0.0	0.0	0.41708889603614807	1.3294168710708618	0.45967209339141846	0.0	1.3275700807571411	0.39051127433776855	0.33052530884742737	0.0	0.0	0.0	0.5914914011955261
1.2453536987304688	0.4721706509590149	0.0	0.860187828540802	0.0	0.0	2.53838849067688	0.0	0.6685969829559326	0.0	0.0	0.0	0.37949228286743164	0.0	0.0	0.7742042541503906	0.31044822931289673	0.4821063280105591	0.6910516023635864	0.12297505885362625	0.5298998951911926	0.3731088638305664	0.0	0.5045649409294128	1.4070689678192139	0.316181480884552	0.0	0.0	0.0	0.387469619512558	0.0	0.6651201844215393	0.0	0.0	0.0	0.8792381882667542	0.20021969079971313	0.7080206871032715	1.2030136585235596	0.7091799974441528	0.28366759419441223	0.6330146789550781	1.3344507217407227	0.0	0.0	0.0	0.3788823187351227	0.0	0.0	1.3483235836029053	0.3953469693660736	0.0	0.0	0.43882983922958374	1.3271015882492065	0.4450385570526123	0.0	1.2861820459365845	0.3900657296180725	0.27262985706329346	0.0	0.0	0.0	0.5114911794662476
1.1993215084075928	0.4773702621459961	0.0	0.820171594619751	0.0	0.0	2.5396132469177246	0.0	0.6824869513511658	0.0	0.0	0.0	0.39297303557395935	0.0	0.0	0.740025520324707	0.3080841302871704	0.5100717544555664	0.6785838603973389	0.12004785984754562	0.5213959217071533	0.36670780181884766	0.0	0.5289536118507385	1.4023120403289795	0.3549611568450928	0.0	0.0	0.0	0.37984341382980347	0.0	0.6622903943061829	0.0	0.0	0.0	0.8707085847854614	0.391788125038147	0.706397533416748	1.1910873651504517	0.6940015554428101	0.3141469359397888	0.6436066031455994	1.3318747282028198	0.0	0.0	0.0	0.34715399146080017	0.0	0.0	1.3548768758773804	0.40735235810279846	0.0	0.0	0.44494128227233887	1.3315134048461914	0.4502890408039093	0.0	1.316422939300537	0.40010008215904236	0.25247904658317566	0.0	0.0	0.0	0.4915318787097931
1.215746521949768	0.4706771671772003	0.0	0.8767185211181641	0.0	0.0	2.568014144897461	0.0	0.6627947092056274	0.0	0.0	0.0	0.3793819546699524	0.0	0.0	0.7563713788986206	0.32024452090263367	0.5361201167106628	0.6949166655540466	0.12363302707672119	0.522174060344696	0.3553747534751892	0.0	0.482907772064209	1.3730180263519287	0.33915799856185913	0.0	0.0	0.0	0.3671715557575226	0.0	0.6591753959655762	0.0	0.0	0.0	0.8487409353256226	0.2147258222103119	0.6927120089530945	1.1743462085723877	0.6969256401062012	0.30780014395713806	0.6342442035675049	1.2913752794265747	0.0	0.0	0.0	0.348065584897995	0.0	0.0	1.3473846912384033	0.37193596363067627	0.0	0.0	0.40617260336875916	1.3205677270889282	0.44495201110839844	0.0	1.275075912475586	0.42166414856910706	0.26732832193374634	0.0	0.0	0.0	0.48959431052207947
1.240737795829773	0.4579540193080902	0.0	0.8267713189125061	0.0	0.0	2.5860233306884766	0.0	0.6672796010971069	0.0	0.0	0.0	0.4206984341144562	0.0	0.0	0.7874033451080322	0.34840676188468933	0.5067093968391418	0.7145459055900574	0.10557673871517181	0.5849056243896484	0.38450393080711365	0.0	0.4882282018661499	1.3685952425003052	0.31334927678108215	0.0	0.0	0.0	0.37469935417175293	0.0	0.7017649412155151	0.0	0.0	0.0	0.8597180247306824	0.39853692054748535	0.6925846934318542	1.1914942264556885	0.7014907002449036	0.2784861624240875	0.6223129630088806	1.3066250085830688	0.0	0.0	0.0	0.3536575138568878	0.0	0.0	1.3450223207473755	0.3825116753578186	0.0	0.0	0.40987342596054077	1.338786244392395	0.4595821797847748	0.0	1.3299640417099	0.40238890051841736	0.3266686499118805	0.0	0.0	0.0	0.5371333360671997
1.2295911312103271	0.5110610127449036	0.0	0.8333616852760315	0.0	0.0	2.531386613845825	0.0	0.6580056548118591	0.0	0.0	0.0	0.39142903685569763	0.0	0.0	0.780936062335968	0.3471683859825134	0.4692893624305725	0.6711549162864685	0.1271733194589615	0.5316611528396606	0.39079806208610535	0.0	0.4923764765262604	1.3956118822097778	0.2894867956638336	0.0	0.0	0.0	0.3662204146385193	0.0	0.6594821214675903	0.0	0.0	0.0	0.8742395043373108	0.21477025747299194	0.721648633480072	1.1715134382247925	0.6974185705184937	0.28635063767433167	0.6284450888633728	1.287721037864685	0.0	0.0	0.0	0.41274410486221313	0.0	0.0	1.3428786993026733	0.36994799971580505	0.0	0.0	0.4723234474658966	1.3291980028152466	0.4365532100200653	0.0	1.327483892440796	0.3731019198894501	0.28526759147644043	0.0	0.0	0.0	0.5142947435379028
1.2384161949157715	0.42947104573249817	0.0	0.8515806794166565	0.0	0.0	2.491734027862549	0.0	0.6731602549552917	0.0	0.0	0.0	0.3850289285182953	0.0	0.0	0.7587748765945435	0.36629441380500793	0.5010130405426025	0.6937474608421326	0.11423369497060776	0.5437972545623779	0.3872218728065491	0.0	0.48569706082344055	1.4091044664382935	0.33086320757865906	0.0	0.0	0.0	0.4237976670265198	0.0	0.687014639377594	0.0	0.0	0.0	0.8527951240539551	0.22332169115543365	0.6944034099578857	1.1692137718200684	0.7088550925254822	0.26449742913246155	0.6453999876976013	1.2980588674545288	0.0	0.0	0.0	0.3445364534854889	0.0	0.0	1.357778549194336	0.3616529107093811	0.0	0.0	0.4474748969078064	1.341901183128357	0.44930094480514526	0.0	1.2804151773452759	0.3857002556324005	0.26887908577919006	0.0	0.0	0.0	0.5133335590362549
1.209893822669983	0.44621291756629944	0.0	0.927145779132843	0.0	0.0	2.51737642288208	0.0	0.6856244802474976	0.0	0.0	0.0	0.3844795525074005	0.0	0.0	0.7779062390327454	0.35084864497184753	0.4685725271701813	0.6766090393066406	0.15620623528957367	0.5739938020706177	0.3607899248600006	0.0	0.625577449798584	1.368813395500183	0.29437366127967834	0.0	0.0	0.0	0.3703514039516449	0.0	0.656214714050293	0.0	0.0	0.0	0.8665854930877686	0.41376394033432007	0.8012838363647461	1.1798043251037598	0.7002331018447876	0.25618410110473633	0.6770102977752686	1.2885910272598267	0.0	0.0	0.0	0.3453919589519501	0.0	0.0	1.3292855024337769	0.3710918128490448	0.0	0.0	0.4646089971065521	1.3511271476745605	0.43643343448638916	0.0	1.3110214471817017	0.3701779842376709	0.2745409309864044	0.0	0.0	0.0	0.5013145208358765
1.2081385850906372	0.4654325246810913	0.0	0.8401581048965454	0.0	0.0	2.513633966445923	0.0	0.6626880168914795	0.0	0.0	0.0	0.3919876515865326	0.0	0.0	0.7499011158943176	0.3331701159477234	0.4744054973125458	0.6802482008934021	0.1198999285697937	0.5305647253990173	0.3541865050792694	0.0	0.4807611405849457	1.360219120979309	0.2820371091365814	0.0	0.0	0.0	0.3892291486263275	0.0	0.6627798080444336	0.0	0.0	0.0	0.8511831164360046	0.21567921340465546	0.722298800945282	1.1956510543823242	0.7069629430770874	0.2834990620613098	0.6283109188079834	1.286104679107666	0.0	0.0	0.0	0.35923895239830017	0.0	0.0	1.3256957530975342	0.48392465710639954	0.0	0.0	0.4227396249771118	1.3354511260986328	0.451774537563324	0.0	1.2989397048950195	0.3873015344142914	0.2749929428100586	0.0	0.0	0.0	0.5429877042770386
1.253465175628662	0.4573546350002289	0.0	0.8516899943351746	0.0	0.0	2.5256998538970947	0.0	0.6542204022407532	0.0	0.0	0.0	0.38664084672927856	0.0	0.0	0.7794913053512573	0.31851208209991455	0.5226570963859558	0.6927407383918762	0.11946693062782288	0.5630862712860107	0.37308359146118164	0.0	0.4918663203716278	1.373612880706787	0.36225220561027527	0.0	0.0	0.0	0.4077213406562805	0.0	0.6825124621391296	0.0	0.0	0.0	0.8498069643974304	0.23286400735378265	0.7469572424888611	1.1912728548049927	0.7074946761131287	0.28015580773353577	0.687076210975647	1.3230255842208862	0.0	0.0	0.0	0.37713319063186646	0.0	0.0	1.3446708917617798	0.35958433151245117	0.0	0.0	0.44494447112083435	1.3301934003829956	0.45905983448028564	0.0	1.300510048866272	0.41813480854034424	0.2841343283653259	0.0	0.0	0.0	0.5791721940040588
1.230736255645752	0.45042818784713745	0.0	0.8254074454307556	0.0	0.0	2.4981088638305664	0.0	0.6803634166717529	0.0	0.0	0.0	0.4070553481578827	0.0	0.0	0.7506342530250549	0.3090914487838745	0.5141770839691162	0.7175963521003723	0.10552334040403366	0.5674720406532288	0.37810519337654114	0.0	0.4702078700065613	1.41206955909729	0.31301751732826233	0.0	0.0	0.0	0.37566328048706055	0.0	0.709821343421936	0.0	0.0	0.0	0.8513542413711548	0.3781193494796753	0.6874237060546875	1.1982166767120361	0.7100154757499695	0.26387447118759155	0.6120705008506775	1.273610234260559	0.0	0.0	0.0	0.3458220958709717	0.0	0.0	1.3452264070510864	0.4089277982711792	0.0	0.0	0.4442886710166931	1.3396177291870117	0.4527815282344818	0.0	1.295112133026123	0.42300140857696533	0.32009419798851013	0.0	0.0	0.0	0.5233504772186279
1.2316292524337769	0.4400770664215088	0.0	0.9433634877204895	0.0	0.0	2.561065196990967	0.0	0.701334536075592	0.0	0.0	0.0	0.4727097749710083	0.0	0.0	0.8287060260772705	0.3519110083580017	0.46164754033088684	0.6795074939727783	0.10514242202043533	0.628675103187561	0.3523707091808319	0.0	0.585470974445343	1.3993180990219116	0.30681654810905457	0.0	0.0	0.0	0.4072378873825073	0.0	0.6632562279701233	0.0	0.0	0.0	0.8602088689804077	0.37879371643066406	0.7269718647003174	1.1771750450134277	0.6972464323043823	0.23263682425022125	0.6369755268096924	1.3161488771438599	0.0	0.0	0.0	0.3804573118686676	0.0	0.0	1.5014203786849976	0.37664350867271423	0.0	0.0	0.4273311197757721	1.341512680053711	0.4616736173629761	0.0	1.2893468141555786	0.4843476712703705	0.3245752155780792	0.0	0.0	0.0	0.516139030456543
1.2280491590499878	0.46780627965927124	0.0	0.8510279059410095	0.0	0.0	2.468895196914673	0.0	0.6953395009040833	0.0	0.0	0.0	0.37627893686294556	0.0	0.0	0.7742788195610046	0.3635315001010895	0.502454400062561	0.6677216291427612	0.11883629858493805	0.5557911992073059	0.39185631275177	0.0	0.48194512724876404	1.3772075176239014	0.3474642038345337	0.0	0.0	0.0	0.3688007593154907	0.0	0.6614999175071716	0.0	0.0	0.0	0.8525916337966919	0.21245251595973969	0.7101240754127502	1.158764362335205	0.7467082142829895	0.3064578175544739	0.6209147572517395	1.3527660369873047	0.0	0.0	0.0	0.3624477684497833	0.0	0.0	1.338095784187317	0.475815087556839	0.0	0.0	0.4321437180042267	1.3583166599273682	0.4709112048149109	0.0	1.2806994915008545	0.4074392020702362	0.2777564823627472	0.0	0.0	0.0	0.5173029899597168
1.1990667581558228	0.441906601190567	0.0	0.8079754114151001	0.0	0.0	2.530773401260376	0.0	0.6544321775436401	0.0	0.0	0.0	0.35924118757247925	0.0	0.0	0.7730730175971985	0.30900442600250244	0.45048385858535767	0.669044554233551	0.13440454006195068	0.5165041089057922	0.3566362261772156	0.0	0.46604493260383606	1.3734290599822998	0.28810396790504456	0.0	0.0	0.0	0.38472238183021545	0.0	0.6572625041007996	0.0	0.0	0.0	0.8278299570083618	0.19690543413162231	0.6809192895889282	1.16120183467865	0.7221319675445557	0.24502931535243988	0.6152116060256958	1.284693956375122	0.0	0.0	0.0	0.345228374004364	0.0	0.0	1.339487075805664	0.3572838604450226	0.0	0.0	0.4111541211605072	1.3022046089172363	0.4469200670719147	0.0	1.2940864562988281	0.368354856967926	0.25514936447143555	0.0	0.0	0.0	0.5004425644874573
1.2692899703979492	0.4404662847518921	0.0	1.122818946838379	0.0	0.0	2.49343204498291	0.0	0.774338960647583	0.0	0.0	0.0	0.44780233502388	0.0	0.0	0.8573881387710571	0.347107470035553	0.48721379041671753	0.6833518147468567	0.13478727638721466	0.6603585481643677	0.3496556878089905	0.0	0.6735889911651611	1.3925215005874634	0.32131797075271606	0.0	0.0	0.0	0.3855403959751129	0.0	0.6812039017677307	0.0	0.0	0.0	0.8446208238601685	0.38854941725730896	0.7920319437980652	1.1757546663284302	0.7025788426399231	0.25382736325263977	0.6477643847465515	1.2728325128555298	0.0	0.0	0.0	0.3897084593772888	0.0	0.0	1.4707238674163818	0.36029118299484253	0.0	0.0	0.49628886580467224	1.3429007530212402	0.4654242992401123	0.0	1.2573418617248535	0.4264881908893585	0.3525295853614807	0.0	0.0	0.0	0.5325720310211182
1.1908563375473022	0.45012837648391724	0.0	0.8174964189529419	0.0	0.0	2.505361318588257	0.0	0.6628966927528381	0.0	0.0	0.0	0.3955540060997009	0.0	0.0	0.7655113935470581	0.3438393473625183	0.4491923451423645	0.6871198415756226	0.11778096854686737	0.5464094281196594	0.36462849378585815	0.0	0.49458152055740356	1.3803826570510864	0.3029464781284332	0.0	0.0	0.0	0.3745831549167633	0.0	0.6547067165374756	0.0	0.0	0.0	0.8676413297653198	0.20617856085300446	0.6857525706291199	1.1735278367996216	0.69283527135849	0.27593672275543213	0.63165283203125	1.272786021232605	0.0	0.0	0.0	0.3488738238811493	0.0	0.0	1.350928783416748	0.3726620078086853	0.0	0.0	0.42566221952438354	1.325710654258728	0.43943625688552856	0.0	1.3043596744537354	0.3984062075614929	0.2764040231704712	0.0	0.0	0.0	0.5482037663459778
1.2225078344345093	0.46169430017471313	0.0	0.8006293177604675	0.0	0.0	2.468792676925659	0.0	0.7049452066421509	0.0	0.0	0.0	0.36854609847068787	0.0	0.0	0.7410059571266174	0.3233400583267212	0.46115928888320923	0.6876304745674133	0.10974858701229095	0.5079774856567383	0.3627963662147522	0.0	0.47455981373786926	1.4043954610824585	0.3553030490875244	0.0	0.0	0.0	0.37525418400764465	0.0	0.6701956987380981	0.0	0.0	0.0	0.8788155913352966	0.2035500854253769	0.6931291222572327	1.1594918966293335	0.7016934156417847	0.3183664381504059	0.6245185732841492	1.3548468351364136	0.0	0.0	0.0	0.35041487216949463	0.0	0.0	1.353479266166687	0.3562214970588684	0.0	0.0	0.4490806758403778	1.3618212938308716	0.4289938509464264	0.0	1.274095892906189	0.3555409908294678	0.25113633275032043	0.0	0.0	0.0	0.5087222456932068
1.2497395277023315	0.4496789872646332	0.0	0.8390724658966064	0.0	0.0	2.529764413833618	0.0	0.6610442399978638	0.0	0.0	0.0	0.37175503373146057	0.0	0.0	0.7592710852622986	0.3069135248661041	0.4691223204135895	0.6881110072135925	0.12954293191432953	0.5338602662086487	0.35104531049728394	0.0	0.4769026041030884	1.3704499006271362	0.34108278155326843	0.0	0.0	0.0	0.3638412356376648	0.0	0.669022798538208	0.0	0.0	0.0	0.8686535954475403	0.20258323848247528	0.6993398666381836	1.1730282306671143	0.6925870776176453	0.3110494315624237	0.6199184060096741	1.372412085533142	0.0	0.0	0.0	0.3335629105567932	0.0	0.0	1.335883617401123	0.4954426884651184	0.0	0.0	0.410595566034317	1.3804707527160645	0.44544824957847595	0.0	1.3036686182022095	0.37080520391464233	0.2665534019470215	0.0	0.0	0.0	0.4905528128147125
1.2142198085784912	0.46798938512802124	0.0	0.8453052639961243	0.0	0.0	2.5019643306732178	0.0	0.6783538460731506	0.0	0.0	0.0	0.39018428325653076	0.0	0.0	0.7913967370986938	0.3361305296421051	0.50054931640625	0.7006328105926514	0.13371941447257996	0.5407853126525879	0.3710722327232361	0.0	0.49761834740638733	1.3749125003814697	0.3730050027370453	0.0	0.0	0.0	0.4070245921611786	0.0	0.6762819290161133	0.0	0.0	0.0	0.8521314859390259	0.22334371507167816	0.7162275910377502	1.165168046951294	0.7173134684562683	0.31101885437965393	0.6168391108512878	1.2895514965057373	0.0	0.0	0.0	0.34646740555763245	0.0	0.0	1.355398416519165	0.46559497714042664	0.0	0.0	0.43634799122810364	1.3193585872650146	0.47542858123779297	0.0	1.2882905006408691	0.42805254459381104	0.28657466173171997	0.0	0.0	0.0	0.5121161341667175
1.2357274293899536	0.4438174068927765	0.0	0.8216595649719238	0.0	0.0	2.5435147285461426	0.0	0.6487413048744202	0.0	0.0	0.0	0.37115636467933655	0.0	0.0	0.80689537525177	0.3016568422317505	0.47009947896003723	0.6934908032417297	0.10294419527053833	0.5351584553718567	0.37564313411712646	0.0	0.49670419096946716	1.383018970489502	0.30213549733161926	0.0	0.0	0.0	0.3774569034576416	0.0	0.6605178713798523	0.0	0.0	0.0	0.8632498979568481	0.21532730758190155	0.6951674222946167	1.167715311050415	0.700767993927002	0.26403674483299255	0.6097017526626587	1.3150625228881836	0.0	0.0	0.0	0.360241174697876	0.0	0.0	1.3686307668685913	0.3889440596103668	0.0	0.0	0.47527846693992615	1.3480050563812256	0.4486883580684662	0.0	1.3123819828033447	0.4046638011932373	0.2635902762413025	0.0	0.0	0.0	0.49517568945884705
1.2297461032867432	0.47324255108833313	0.0	0.9367645382881165	0.0	0.0	2.4878294467926025	0.0	0.6507680416107178	0.0	0.0	0.0	0.37659651041030884	0.0	0.0	0.7620132565498352	0.32439449429512024	0.5146684646606445	0.6886277198791504	0.15381832420825958	0.5244694948196411	0.3667796552181244	0.0	0.6052144765853882	1.3874937295913696	0.3549288213253021	0.0	0.0	0.0	0.39639896154403687	0.0	0.6667702794075012	0.0	0.0	0.0	0.8617414236068726	0.39252975583076477	0.7207821011543274	1.1865873336791992	0.7053925395011902	0.3116934299468994	0.6413494944572449	1.2828705310821533	0.0	0.0	0.0	0.3977583348751068	0.0	0.0	1.3451520204544067	0.4001767635345459	0.0	0.0	0.5235036015510559	1.3268613815307617	0.45788511633872986	0.0	1.302923560142517	0.4094931185245514	0.2717335522174835	0.0	0.0	0.0	0.5085455179214478
1.21615469455719	0.469862163066864	0.0	0.8442615866661072	0.0	0.0	2.4605696201324463	0.0	0.6669365167617798	0.0	0.0	0.0	0.3777546286582947	0.0	0.0	0.7783375978469849	0.33610302209854126	0.4718020260334015	0.6911419630050659	0.11847694963216782	0.5532563924789429	0.37635260820388794	0.0	0.49074679613113403	1.386780023574829	0.32020238041877747	0.0	0.0	0.0	0.35705339908599854	0.0	0.6586554050445557	0.0	0.0	0.0	0.8523560166358948	0.22103293240070343	0.6814344525337219	1.1858643293380737	0.7447207570075989	0.26309511065483093	0.6474443078041077	1.2951892614364624	0.0	0.0	0.0	0.3560367226600647	0.0	0.0	1.3855681419372559	0.37399452924728394	0.0	0.0	0.41446325182914734	1.3377448320388794	0.4540562629699707	0.0	1.2885183095932007	0.373868465423584	0.2554972767829895	0.0	0.0	0.0	0.524638295173645
1.2155486345291138	0.4550718069076538	0.0	0.8659394979476929	0.0	0.0	2.516781806945801	0.0	0.6668022274971008	0.0	0.0	0.0	0.3842591643333435	0.0	0.0	0.7962960600852966	0.34049707651138306	0.567281186580658	0.7392939329147339	0.1398290991783142	0.5557532906532288	0.36968114972114563	0.0	0.4995206296443939	1.3921740055084229	0.32701221108436584	0.0	0.0	0.0	0.39672425389289856	0.0	0.6599754095077515	0.0	0.0	0.0	0.8651760816574097	0.23175770044326782	0.7041640281677246	1.1813377141952515	0.7059234380722046	0.2919793426990509	0.6675704121589661	1.3289793729782104	0.0	0.0	0.0	0.35516124963760376	0.0	0.0	1.3630194664001465	0.38406068086624146	0.0	0.0	0.4753384292125702	1.3499027490615845	0.4648560583591461	0.0	1.2557408809661865	0.41073665022850037	0.27535152435302734	0.0	0.0	0.0	0.5238233804702759
1.261163592338562	0.46059852838516235	0.0	0.917538046836853	0.0	0.0	2.5032949447631836	0.0	0.697753369808197	0.0	0.0	0.0	0.42331597208976746	0.0	0.0	0.8090081810951233	0.3122652769088745	0.4750715494155884	0.6806417107582092	0.11131250858306885	0.5876901745796204	0.3821354806423187	0.0	0.5238046050071716	1.4228967428207397	0.3020889461040497	0.0	0.0	0.0	0.36826184391975403	0.0	0.6478216648101807	0.0	0.0	0.0	0.8607789874076843	0.264202743768692	0.6987745761871338	1.1868211030960083	0.6967816948890686	0.26266422867774963	0.6453447341918945	1.2894399166107178	0.0	0.0	0.0	0.41321954131126404	0.0	0.0	1.5114184617996216	0.3927505910396576	0.0	0.0	0.4232600927352905	1.3438785076141357	0.46351930499076843	0.0	1.303688645362854	0.5096772313117981	0.3323240578174591	0.0	0.0	0.0	0.5730760097503662
1.266836404800415	0.4788076877593994	0.0	0.840106189250946	0.0	0.0	2.593966245651245	0.0	0.6829433441162109	0.0	0.0	0.0	0.38702088594436646	0.0	0.0	0.7775663733482361	0.3277769982814789	0.48548755049705505	0.6798762679100037	0.1186695396900177	0.5453187227249146	0.37946805357933044	0.0	0.48717689514160156	1.3997901678085327	0.3061579465866089	0.0	0.0	0.0	0.36817702651023865	0.0	0.6637464165687561	0.0	0.0	0.0	0.8649477362632751	0.21177564561367035	0.7068234086036682	1.1875306367874146	0.716273844242096	0.27573731541633606	0.6313151121139526	1.315409779548645	0.0	0.0	0.0	0.3517960011959076	0.0	0.0	1.3474574089050293	0.372880220413208	0.0	0.0	0.4327474534511566	1.3659484386444092	0.44652053713798523	0.0	1.323811650276184	0.4095051884651184	0.2833298146724701	0.0	0.0	0.0	0.5794207453727722
1.2788841724395752	0.43107715249061584	0.0	0.955730676651001	0.0	0.0	2.518392562866211	0.0	0.6760125756263733	0.0	0.0	0.0	0.4134479761123657	0.0	0.0	0.8021806478500366	0.3377170264720917	0.45888373255729675	0.7023306488990784	0.14592015743255615	0.585235059261322	0.37222543358802795	0.0	0.596977174282074	1.4109537601470947	0.3212387263774872	0.0	0.0	0.0	0.40876656770706177	0.0	0.6473920345306396	0.0	0.0	0.0	0.8599706888198853	0.25956201553344727	0.7748567461967468	1.1991264820098877	0.7286413908004761	0.29499351978302	0.6425923705101013	1.290709376335144	0.0	0.0	0.0	0.33854940533638	0.0	0.0	1.4857938289642334	0.36634722352027893	0.0	0.0	0.5054773092269897	1.3434127569198608	0.4466618597507477	0.0	1.294211983680725	0.4678354859352112	0.27785423398017883	0.0	0.0	0.0	0.48742178082466125
1.2185784578323364	0.48485976457595825	0.0	0.8245246410369873	0.0	0.0	2.4641408920288086	0.0	0.6886962056159973	0.0	0.0	0.0	0.3921279311180115	0.0	0.0	0.7796527147293091	0.3225674033164978	0.4716011881828308	0.6797006726264954	0.11515405029058456	0.5411697030067444	0.3689497411251068	0.0	0.4800693690776825	1.3887532949447632	0.3141145706176758	0.0	0.0	0.0	0.3942573368549347	0.0	0.6683472394943237	0.0	0.0	0.0	0.8664863109588623	0.22084388136863708	0.6853269338607788	1.1851916313171387	0.7156060934066772	0.2684398889541626	0.618825376033783	1.2795753479003906	0.0	0.0	0.0	0.36120176315307617	0.0	0.0	1.3346617221832275	0.3594660758972168	0.0	0.0	0.4595499038696289	1.3360694646835327	0.46599483489990234	0.0	1.286953330039978	0.3824020028114319	0.29923495650291443	0.0	0.0	0.0	0.5219582915306091
1.2296169996261597	0.46625587344169617	0.0	0.8654584884643555	0.0	0.0	2.475787401199341	0.0	0.646710991859436	0.0	0.0	0.0	0.3698880076408386	0.0	0.0	0.7751954197883606	0.3438393175601959	0.5069428086280823	0.6710472106933594	0.10508998483419418	0.5512948036193848	0.35833922028541565	0.0	0.478423148393631	1.3589773178100586	0.3718114495277405	0.0	0.0	0.0	0.38090890645980835	0.0	0.6525665521621704	0.0	0.0	0.0	0.8469119071960449	0.1974550038576126	0.6788552403450012	1.1591700315475464	0.6911235451698303	0.2842840254306793	0.6230572462081909	1.283555030822754	0.0	0.0	0.0	0.36015674471855164	0.0	0.0	1.3273248672485352	0.3667283058166504	0.0	0.0	0.4649142920970917	1.3195116519927979	0.443570613861084	0.0	1.2752941846847534	0.40977418422698975	0.2790939211845398	0.0	0.0	0.0	0.4987458884716034
1.1921603679656982	0.44779372215270996	0.0	0.8402705192565918	0.0	0.0	2.4816367626190186	0.0	0.6609876751899719	0.0	0.0	0.0	0.3721344470977783	0.0	0.0	0.7644394040107727	0.32388362288475037	0.4795333743095398	0.6906566023826599	0.13867124915122986	0.542305588722229	0.3491586446762085	0.0	0.4962359070777893	1.3927044868469238	0.306958943605423	0.0	0.0	0.0	0.3699432909488678	0.0	0.666495144367218	0.0	0.0	0.0	0.8515194058418274	0.2174576371908188	0.6999521255493164	1.1846954822540283	0.7160604596138	0.27154919505119324	0.6346358060836792	1.3280478715896606	0.0	0.0	0.0	0.36621806025505066	0.0	0.0	1.3579912185668945	0.3740413188934326	0.0	0.0	0.4205738306045532	1.3284807205200195	0.4436587989330292	0.0	1.2952594757080078	0.3828750252723694	0.27756690979003906	0.0	0.0	0.0	0.53582763671875
1.2222423553466797	0.4646174907684326	0.0	0.9167671799659729	0.0	0.0	2.4893815517425537	0.0	0.6957542896270752	0.0	0.0	0.0	0.43427443504333496	0.0	0.0	0.8376942873001099	0.3484707176685333	0.5274943709373474	0.7081605195999146	0.1174033060669899	0.6033104658126831	0.36819738149642944	0.0	0.5285744667053223	1.3806004524230957	0.40181416273117065	0.0	0.0	0.0	0.37527987360954285	0.0	0.6733475923538208	0.0	0.0	0.0	0.8828321695327759	0.3608776926994324	0.7318323850631714	1.1851307153701782	0.7138140201568604	0.3197106122970581	0.6317986845970154	1.3187254667282104	0.0	0.0	0.0	0.36430981755256653	0.0	0.0	1.4199934005737305	0.4865565001964569	0.0	0.0	0.42368248105049133	1.3449723720550537	0.46402716636657715	0.0	1.297215461730957	0.4517533779144287	0.2711103558540344	0.0	0.0	0.0	0.510236382484436
1.2233144044876099	0.4806850254535675	0.0	0.967225968837738	0.0	0.0	2.4935154914855957	0.0	0.670401930809021	0.0	0.0	0.0	0.38628047704696655	0.0	0.0	0.7858530879020691	0.3172115385532379	0.4698556065559387	0.6730638742446899	0.1428060531616211	0.5364833474159241	0.3529548645019531	0.0	0.5832601189613342	1.4295581579208374	0.3010983467102051	0.0	0.0	0.0	0.385488361120224	0.0	0.6614091992378235	0.0	0.0	0.0	0.8320263624191284	0.2854559123516083	0.7681841850280762	1.1815263032913208	0.7303647398948669	0.25049859285354614	0.6416818499565125	1.2775894403457642	0.0	0.0	0.0	0.3604232668876648	0.0	0.0	1.3857605457305908	0.47821494936943054	0.0	0.0	0.48630109429359436	1.3478528261184692	0.4469979405403137	0.0	1.3112778663635254	0.4099799692630768	0.255470871925354	0.0	0.0	0.0	0.4888244867324829
1.2220665216445923	0.4759930968284607	0.0	0.8292821049690247	0.0	0.0	2.4989545345306396	0.0	0.6657629013061523	0.0	0.0	0.0	0.3866261839866638	0.0	0.0	0.7479091286659241	0.32031115889549255	0.5149016976356506	0.6866047382354736	0.12767229974269867	0.5427250862121582	0.36929750442504883	0.0	0.5385165214538574	1.3908123970031738	0.33195018768310547	0.0	0.0	0.0	0.3848322927951813	0.0	0.666986346244812	0.0	0.0	0.0	0.8919722437858582	0.26091617345809937	0.749238133430481	1.1869478225708008	0.6968937516212463	0.2936449944972992	0.6580548882484436	1.3227463960647583	0.0	0.0	0.0	0.3540774881839752	0.0	0.0	1.3449679613113403	0.4169100224971771	0.0	0.0	0.45324334502220154	1.3809572458267212	0.4457119107246399	0.0	1.303942322731018	0.3693239390850067	0.2829284965991974	0.0	0.0	0.0	0.52117919921875
1.2371124029159546	0.44752052426338196	0.0	0.8821738362312317	0.0	0.0	2.476775646209717	0.0	0.6899546384811401	0.0	0.0	0.0	0.40324458479881287	0.0	0.0	0.7897399663925171	0.31991395354270935	0.4723398685455322	0.6962459087371826	0.12547209858894348	0.5632938146591187	0.37059286236763	0.0	0.49456730484962463	1.4256383180618286	0.3115375339984894	0.0	0.0	0.0	0.3880101144313812	0.0	0.6647789478302002	0.0	0.0	0.0	0.851288914680481	0.231720432639122	0.6779217720031738	1.2040953636169434	0.7125335335731506	0.28610968589782715	0.6329664587974548	1.3493411540985107	0.0	0.0	0.0	0.3513321578502655	0.0	0.0	1.3714370727539062	0.368459552526474	0.0	0.0	0.43582597374916077	1.3542348146438599	0.4446663558483124	0.0	1.3222295045852661	0.3829277455806732	0.26929938793182373	0.0	0.0	0.0	0.5144618153572083
1.270837426185608	0.44363269209861755	0.0	0.9710565209388733	0.0	0.0	2.5277905464172363	0.0	0.7485542893409729	0.0	0.0	0.0	0.44477343559265137	0.0	0.0	0.8299640417098999	0.3439866304397583	0.4623549282550812	0.686569094657898	0.14080211520195007	0.6221775412559509	0.35646510124206543	0.0	0.5876829028129578	1.4332705736160278	0.33724141120910645	0.0	0.0	0.0	0.37128251791000366	0.0	0.6550982594490051	0.0	0.0	0.0	0.8776737451553345	0.27706342935562134	0.766452431678772	1.216112494468689	0.7313928604125977	0.2518540620803833	0.6531726121902466	1.3427879810333252	0.0	0.0	0.0	0.3873988091945648	0.0	0.0	1.4666169881820679	0.36333927512168884	0.0	0.0	0.4887293875217438	1.3781559467315674	0.45379990339279175	0.0	1.3035365343093872	0.46566343307495117	0.30992797017097473	0.0	0.0	0.0	0.52560955286026
1.2287709712982178	0.4737379848957062	0.0	0.8524622321128845	0.0	0.0	2.5027060508728027	0.0	0.6841211915016174	0.0	0.0	0.0	0.4089135229587555	0.0	0.0	0.7990252375602722	0.3069983720779419	0.4948694109916687	0.7052662968635559	0.10021073371171951	0.539918065071106	0.38074684143066406	0.0	0.48720958828926086	1.3776614665985107	0.3045922517776489	0.0	0.0	0.0	0.40886321663856506	0.0	0.7131895422935486	0.0	0.0	0.0	0.8517940044403076	0.2501160502433777	0.7145240306854248	1.1757264137268066	0.7357295751571655	0.24498623609542847	0.6536771059036255	1.2962112426757812	0.0	0.0	0.0	0.3658251166343689	0.0	0.0	1.361025094985962	0.3753691017627716	0.0	0.0	0.4440065622329712	1.3169742822647095	0.48985856771469116	0.0	1.292731761932373	0.39795273542404175	0.3009234368801117	0.0	0.0	0.0	0.49947306513786316
1.2433806657791138	0.43559396266937256	0.0	0.8343017101287842	0.0	0.0	2.46614933013916	0.0	0.6646143198013306	0.0	0.0	0.0	0.37317797541618347	0.0	0.0	0.7528846859931946	0.31504586338996887	0.4752870500087738	0.6722452044487	0.11351652443408966	0.5320814847946167	0.36509355902671814	0.0	0.49417030811309814	1.3897199630737305	0.2995789349079132	0.0	0.0	0.0	0.371773362159729	0.0	0.6617076396942139	0.0	0.0	0.0	0.8495454788208008	0.23365865647792816	0.6967039704322815	1.193456768989563	0.6976232528686523	0.2581648528575897	0.630305826663971	1.3009260892868042	0.0	0.0	0.0	0.3685964047908783	0.0	0.0	1.3790240287780762	0.36443179845809937	0.0	0.0	0.4214347004890442	1.3528631925582886	0.45826131105422974	0.0	1.2932239770889282	0.3831042945384979	0.25919345021247864	0.0	0.0	0.0	0.495649516582489
1.216348648071289	0.43900707364082336	0.0	0.8138173818588257	0.0	0.0	2.4791667461395264	0.0	0.6607834696769714	0.0	0.0	0.0	0.3848797678947449	0.0	0.0	0.7468113303184509	0.3199181854724884	0.48587796092033386	0.6682266592979431	0.11729107052087784	0.5303550958633423	0.3824523687362671	0.0	0.5005879998207092	1.4089548587799072	0.3046762943267822	0.0	0.0	0.0	0.41832607984542847	0.0	0.6809855103492737	0.0	0.0	0.0	0.9001795053482056	0.22799159586429596	0.69585120677948	1.1621074676513672	0.7143738269805908	0.2743898630142212	0.6298409700393677	1.2814643383026123	0.0	0.0	0.0	0.34690597653388977	0.0	0.0	1.3679111003875732	0.39239194989204407	0.0	0.0	0.476868212223053	1.3283517360687256	0.4299544095993042	0.0	1.2835854291915894	0.3874756097793579	0.27355217933654785	0.0	0.0	0.0	0.502667248249054
1.2217061519622803	0.4620640277862549	0.0	0.9670397639274597	0.0	0.0	2.51021146774292	0.0	0.6768909692764282	0.0	0.0	0.0	0.44729721546173096	0.0	0.0	0.8286431431770325	0.3210524320602417	0.495951384305954	0.6676723957061768	0.1188683807849884	0.5560112595558167	0.36074379086494446	0.0	0.4801718294620514	1.376306176185608	0.357866108417511	0.0	0.0	0.0	0.4039915204048157	0.0	0.6755737662315369	0.0	0.0	0.0	0.8414320349693298	0.21012943983078003	0.7242856621742249	1.1652270555496216	0.6970765590667725	0.2931153178215027	0.6243478059768677	1.2747390270233154	0.0	0.0	0.0	0.36292433738708496	0.0	0.0	1.4883418083190918	0.37436696887016296	0.0	0.0	0.43571344017982483	1.325935959815979	0.43634289503097534	0.0	1.2905011177062988	0.5099384188652039	0.25889936089515686	0.0	0.0	0.0	0.49662649631500244
1.2472110986709595	0.5374588966369629	0.0	0.8519653677940369	0.0	0.0	2.592853546142578	0.0	0.6424716114997864	0.0	0.0	0.0	0.4330078065395355	0.0	0.0	0.7827200293540955	0.3511333465576172	0.5086129307746887	0.6968197226524353	0.14799915254116058	0.5702049136161804	0.36577939987182617	0.0	0.4674108922481537	1.4022318124771118	0.32609638571739197	0.0	0.0	0.0	0.37632492184638977	0.0	0.657835841178894	0.0	0.0	0.0	0.8763776421546936	0.38398003578186035	0.6828923225402832	1.1549320220947266	0.7678096890449524	0.33746910095214844	0.6326761841773987	1.2940410375595093	0.0	0.0	0.0	0.3721355199813843	0.0	0.0	1.3733634948730469	0.4055534303188324	0.0	0.0	0.40402719378471375	1.3257942199707031	0.45888176560401917	0.0	1.2835588455200195	0.44828352332115173	0.27190685272216797	0.0	0.0	0.0	0.4959932565689087
1.2744816541671753	0.4364517629146576	0.0	0.8660293221473694	0.0	0.0	2.466867685317993	0.0	0.7359330654144287	0.0	0.0	0.0	0.43961644172668457	0.0	0.0	0.8460521101951599	0.3266790509223938	0.4840989112854004	0.6831551194190979	0.10568881034851074	0.5325520634651184	0.3512471318244934	0.0	0.5357988476753235	1.4209402799606323	0.31661492586135864	0.0	0.0	0.0	0.3566502332687378	0.0	0.6484070420265198	0.0	0.0	0.0	0.8542232513427734	0.1973617523908615	0.7041245102882385	1.1637111902236938	0.7139847874641418	0.2483108788728714	0.6258450150489807	1.2935750484466553	0.0	0.0	0.0	0.3851730525493622	0.0	0.0	1.4732718467712402	0.3840768039226532	0.0	0.0	0.41356027126312256	1.3442829847335815	0.487641841173172	0.0	1.3021423816680908	0.44611310958862305	0.3043910562992096	0.0	0.0	0.0	0.5236005783081055
1.2390391826629639	0.4542791545391083	0.0	0.8538933992385864	0.0	0.0	2.509674310684204	0.0	0.6547338366508484	0.0	0.0	0.0	0.35005608201026917	0.0	0.0	0.7505914568901062	0.3134731352329254	0.5036002993583679	0.6656028032302856	0.11028298735618591	0.5102279782295227	0.3800862729549408	0.0	0.49246811866760254	1.3829383850097656	0.3430269658565521	0.0	0.0	0.0	0.3834517300128937	0.0	0.6660640239715576	0.0	0.0	0.0	0.8476788401603699	0.3849499225616455	0.6992853879928589	1.1779310703277588	0.6949297785758972	0.2910694181919098	0.6285189390182495	1.2981622219085693	0.0	0.0	0.0	0.34706827998161316	0.0	0.0	1.335602045059204	0.35910943150520325	0.0	0.0	0.43226855993270874	1.3177558183670044	0.4586005210876465	0.0	1.2864617109298706	0.3980812132358551	0.24751617014408112	0.0	0.0	0.0	0.5040411353111267
1.243536114692688	0.46535977721214294	0.0	0.974640429019928	0.0	0.0	2.5304739475250244	0.0	0.694307267665863	0.0	0.0	0.0	0.38316506147384644	0.0	0.0	0.8062698245048523	0.33405014872550964	0.47315001487731934	0.6829311847686768	0.1461125761270523	0.604131281375885	0.3631439805030823	0.0	0.595007061958313	1.389403223991394	0.30466172099113464	0.0	0.0	0.0	0.3676263391971588	0.0	0.6556202173233032	0.0	0.0	0.0	0.8590130805969238	0.30065441131591797	0.7883931398391724	1.1987663507461548	0.7184361219406128	0.26557087898254395	0.6765559911727905	1.289292335510254	0.0	0.0	0.0	0.3764263689517975	0.0	0.0	1.357657790184021	0.41112250089645386	0.0	0.0	0.49927908182144165	1.3368093967437744	0.46405255794525146	0.0	1.3552547693252563	0.40807849168777466	0.2770482301712036	0.0	0.0	0.0	0.536801278591156
1.2184669971466064	0.45421451330184937	0.0	0.9725129008293152	0.0	0.0	2.553755760192871	0.0	0.6966109871864319	0.0	0.0	0.0	0.44621291756629944	0.0	0.0	0.833092212677002	0.34652069211006165	0.5129404067993164	0.6842771172523499	0.09940018504858017	0.5981626510620117	0.3537704348564148	0.0	0.6396700143814087	1.3904682397842407	0.392839252948761	0.0	0.0	0.0	0.4121180474758148	0.0	0.6518034338951111	0.0	0.0	0.0	0.8629776239395142	0.306946337223053	0.7898722887039185	1.184658408164978	0.7136890888214111	0.3091830313205719	0.682780385017395	1.3831130266189575	0.0	0.0	0.0	0.3845583200454712	0.0	0.0	1.46174955368042	0.35705119371414185	0.0	0.0	0.4663049280643463	1.3230890035629272	0.49001744389533997	0.0	1.266250729560852	0.46806231141090393	0.28824976086616516	0.0	0.0	0.0	0.5564213991165161
1.2461992502212524	0.4367775619029999	0.0	0.8147881627082825	0.0	0.0	2.537489414215088	0.0	0.6879790425300598	0.0	0.0	0.0	0.37491655349731445	0.0	0.0	0.7664908766746521	0.32058557868003845	0.4616180956363678	0.6851561069488525	0.11752665042877197	0.5276769995689392	0.3640821576118469	0.0	0.5077918171882629	1.3763420581817627	0.3297199606895447	0.0	0.0	0.0	0.3892316520214081	0.0	0.6536081433296204	0.0	0.0	0.0	0.8598594665527344	0.2284858077764511	0.7075173854827881	1.159618854522705	0.7103469371795654	0.29425594210624695	0.6345229148864746	1.301442265510559	0.0	0.0	0.0	0.3549920320510864	0.0	0.0	1.3698447942733765	0.4001502990722656	0.0	0.0	0.44129425287246704	1.3864655494689941	0.4480517506599426	0.0	1.288089394569397	0.37374937534332275	0.2540147006511688	0.0	0.0	0.0	0.5303564667701721
1.2473680973052979	0.4395160973072052	0.0	0.9287775754928589	0.0	0.0	2.480950355529785	0.0	0.755163848400116	0.0	0.0	0.0	0.3932093679904938	0.0	0.0	0.8114210963249207	0.3265330493450165	0.4856419563293457	0.705463707447052	0.12040781229734421	0.5421091914176941	0.3853089511394501	0.0	0.49762266874313354	1.4093875885009766	0.3267647922039032	0.0	0.0	0.0	0.399555504322052	0.0	0.6514193415641785	0.0	0.0	0.0	0.8673392534255981	0.23567770421504974	0.7109177112579346	1.1794565916061401	0.7223275303840637	0.2594989538192749	0.6248797178268433	1.3220014572143555	0.0	0.0	0.0	0.3800643980503082	0.0	0.0	1.4468743801116943	0.46951794624328613	0.0	0.0	0.4328494668006897	1.3742890357971191	0.46009236574172974	0.0	1.2976306676864624	0.4376665949821472	0.2671966254711151	0.0	0.0	0.0	0.5194008350372314
1.2281025648117065	0.43726417422294617	0.0	0.8345709443092346	0.0	0.0	2.460561513900757	0.0	0.6770774126052856	0.0	0.0	0.0	0.3791757822036743	0.0	0.0	0.7571476101875305	0.32882577180862427	0.4578123390674591	0.6562197804450989	0.1046394631266594	0.5469664931297302	0.3783862292766571	0.0	0.476915180683136	1.3724044561386108	0.2998102903366089	0.0	0.0	0.0	0.3740690052509308	0.0	0.6548528075218201	0.0	0.0	0.0	0.8404882550239563	0.21397234499454498	0.6817948818206787	1.1621184349060059	0.6933435201644897	0.2716107964515686	0.6086918115615845	1.2934215068817139	0.0	0.0	0.0	0.345223069190979	0.0	0.0	1.331703782081604	0.35258063673973083	0.0	0.0	0.4182700216770172	1.3212236166000366	0.4283541142940521	0.0	1.2692660093307495	0.35903406143188477	0.2547721266746521	0.0	0.0	0.0	0.5010859966278076
1.2012455463409424	0.4519001245498657	0.0	0.8166270852088928	0.0	0.0	2.513176202774048	0.0	0.6793127655982971	0.0	0.0	0.0	0.37576398253440857	0.0	0.0	0.7586767077445984	0.31380531191825867	0.5347168445587158	0.6701822876930237	0.1365952342748642	0.5306524634361267	0.4069194793701172	0.0	0.4803689122200012	1.378818154335022	0.3060624301433563	0.0	0.0	0.0	0.37133675813674927	0.0	0.6802036762237549	0.0	0.0	0.0	0.8572703003883362	0.20985151827335358	0.7238982319831848	1.1606311798095703	0.7053206562995911	0.30042219161987305	0.6525939106941223	1.310065507888794	0.0	0.0	0.0	0.359127402305603	0.0	0.0	1.3546671867370605	0.3979068398475647	0.0	0.0	0.4724058210849762	1.3172096014022827	0.48975497484207153	0.0	1.2676225900650024	0.4181096851825714	0.29433971643447876	0.0	0.0	0.0	0.5124868750572205
1.2355469465255737	0.45114266872406006	0.0	0.9174946546554565	0.0	0.0	2.517712116241455	0.0	0.7280232310295105	0.0	0.0	0.0	0.4299689531326294	0.0	0.0	0.876854658126831	0.33709952235221863	0.49018698930740356	0.7080436944961548	0.11589876562356949	0.6264641284942627	0.3617590665817261	0.0	0.5288857221603394	1.3690135478973389	0.3238339126110077	0.0	0.0	0.0	0.37304192781448364	0.0	0.713844895362854	0.0	0.0	0.0	0.8571208119392395	0.2763003408908844	0.7417938709259033	1.1792371273040771	0.7188110947608948	0.3062586486339569	0.6880581974983215	1.2984544038772583	0.0	0.0	0.0	0.37118208408355713	0.0	0.0	1.4635002613067627	0.4234485924243927	0.0	0.0	0.4114954471588135	1.3467164039611816	0.4607122242450714	0.0	1.2927507162094116	0.46090632677078247	0.3051207959651947	0.0	0.0	0.0	0.5119591951370239
1.2301311492919922	0.4606075882911682	0.0	0.942452609539032	0.0	0.0	2.5067288875579834	0.0	0.6692748665809631	0.0	0.0	0.0	0.36625877022743225	0.0	0.0	0.7874813675880432	0.30501776933670044	0.4895835816860199	0.6970809102058411	0.1362774670124054	0.5365319848060608	0.3897387981414795	0.0	0.6005615592002869	1.408857822418213	0.3015543222427368	0.0	0.0	0.0	0.39943042397499084	0.0	0.6645069122314453	0.0	0.0	0.0	0.8720048666000366	0.2914561927318573	0.7474982142448425	1.1601375341415405	0.7338855266571045	0.25617465376853943	0.6473146080970764	1.2714219093322754	0.0	0.0	0.0	0.36410900950431824	0.0	0.0	1.3656086921691895	0.38535603880882263	0.0	0.0	0.4940057098865509	1.339303970336914	0.46857792139053345	0.0	1.2872823476791382	0.3943132758140564	0.317826509475708	0.0	0.0	0.0	0.48942244052886963
1.243716835975647	0.444906085729599	0.0	0.8257936835289001	0.0	0.0	2.4828691482543945	0.0	0.6635258197784424	0.0	0.0	0.0	0.38446271419525146	0.0	0.0	0.7597261667251587	0.3637251853942871	0.49780502915382385	0.6947796940803528	0.11259956657886505	0.5412684679031372	0.3746776580810547	0.0	0.4814525246620178	1.392006754875183	0.3028741478919983	0.0	0.0	0.0	0.4124066233634949	0.0	0.6677300930023193	0.0	0.0	0.0	0.8461966514587402	0.2486150860786438	0.692922055721283	1.1811851263046265	0.7198511958122253	0.2948867380619049	0.6624038219451904	1.3187872171401978	0.0	0.0	0.0	0.35182976722717285	0.0	0.0	1.3814443349838257	0.3760471045970917	0.0	0.0	0.44178903102874756	1.3385251760482788	0.4493134021759033	0.0	1.2917178869247437	0.3792455494403839	0.30400726199150085	0.0	0.0	0.0	0.5186286568641663
1.2445069551467896	0.4486374258995056	0.0	0.8306806087493896	0.0	0.0	2.454066514968872	0.0	0.6601281762123108	0.0	0.0	0.0	0.3966093957424164	0.0	0.0	0.7654692530632019	0.3278771936893463	0.4758734107017517	0.6840711832046509	0.11394163966178894	0.5172646045684814	0.4223938286304474	0.0	0.5502515435218811	1.363050103187561	0.29655376076698303	0.0	0.0	0.0	0.36130884289741516	0.0	0.6559783220291138	0.0	0.0	0.0	0.8725528120994568	0.22586601972579956	0.7182169556617737	1.1727689504623413	0.709417998790741	0.29331833124160767	0.6642872095108032	1.3021268844604492	0.0	0.0	0.0	0.35380950570106506	0.0	0.0	1.3201543092727661	0.48514991998672485	0.0	0.0	0.41126295924186707	1.3163180351257324	0.438123881816864	0.0	1.2861781120300293	0.38493064045906067	0.2656261622905731	0.0	0.0	0.0	0.5106711983680725
1.2569286823272705	0.4679521918296814	0.0	0.9524461030960083	0.0	0.0	2.513859272003174	0.0	0.6700916290283203	0.0	0.0	0.0	0.4183552861213684	0.0	0.0	0.8311383128166199	0.32930099964141846	0.51450514793396	0.6819076538085938	0.12291554361581802	0.5732629299163818	0.3420372009277344	0.0	0.5375294089317322	1.3787729740142822	0.37097394466400146	0.0	0.0	0.0	0.362155556678772	0.0	0.7029795050621033	0.0	0.0	0.0	0.8248764276504517	0.22916200757026672	0.6991173624992371	1.1759909391403198	0.6967116594314575	0.26852038502693176	0.6076708436012268	1.2899169921875	0.0	0.0	0.0	0.3498997986316681	0.0	0.0	1.4919090270996094	0.35954853892326355	0.0	0.0	0.43755653500556946	1.3414703607559204	0.4434220492839813	0.0	1.285683512687683	0.5306555032730103	0.2866695523262024	0.0	0.0	0.0	0.4925147593021393
1.2533578872680664	0.4474903345108032	0.0	0.9988263249397278	0.0	0.0	2.510861396789551	0.0	0.7071784734725952	0.0	0.0	0.0	0.4282030761241913	0.0	0.0	0.7682284712791443	0.35066932439804077	0.5224566459655762	0.6852902770042419	0.11023194342851639	0.6020995378494263	0.36492952704429626	0.0	0.6040488481521606	1.4081248044967651	0.3715459704399109	0.0	0.0	0.0	0.3799019753932953	0.0	0.6580261588096619	0.0	0.0	0.0	0.8443123698234558	0.2767302095890045	0.7339748740196228	1.176412582397461	0.6983420848846436	0.3003162443637848	0.621349573135376	1.3301178216934204	0.0	0.0	0.0	0.3769649565219879	0.0	0.0	1.4403990507125854	0.36036357283592224	0.0	0.0	0.4131656587123871	1.3440388441085815	0.46019986271858215	0.0	1.2869890928268433	0.4527164399623871	0.2744183838367462	0.0	0.0	0.0	0.4978581666946411
1.2150719165802002	0.4568054974079132	0.0	0.9176494479179382	0.0	0.0	2.5211167335510254	0.0	0.7075724601745605	0.0	0.0	0.0	0.40136638283729553	0.0	0.0	0.8428361415863037	0.3657363951206207	0.446662962436676	0.6633341312408447	0.10064546018838882	0.6034054160118103	0.37153345346450806	0.0	0.5524882078170776	1.393764853477478	0.32802319526672363	0.0	0.0	0.0	0.39318734407424927	0.0	0.6448785662651062	0.0	0.0	0.0	0.9034201502799988	0.2248767763376236	0.7250520586967468	1.17682945728302	0.6999150514602661	0.30257824063301086	0.6315905451774597	1.2827918529510498	0.0	0.0	0.0	0.3771958649158478	0.0	0.0	1.5010085105895996	0.40175729990005493	0.0	0.0	0.43214350938796997	1.3695296049118042	0.4887888729572296	0.0	1.2978575229644775	0.46396878361701965	0.2907238006591797	0.0	0.0	0.0	0.527092695236206
1.207939863204956	0.44454145431518555	0.0	0.8496246337890625	0.0	0.0	2.448641538619995	0.0	0.6670349836349487	0.0	0.0	0.0	0.3973775804042816	0.0	0.0	0.7756212949752808	0.32167184352874756	0.4695884585380554	0.6895392537117004	0.13105309009552002	0.5326460599899292	0.36312833428382874	0.0	0.4720962941646576	1.3744983673095703	0.31200459599494934	0.0	0.0	0.0	0.38069620728492737	0.0	0.6632853150367737	0.0	0.0	0.0	0.8390086889266968	0.2561993896961212	0.6894019842147827	1.1766161918640137	0.7129723429679871	0.26522260904312134	0.6253736615180969	1.3191308975219727	0.0	0.0	0.0	0.3509373962879181	0.0	0.0	1.3280181884765625	0.36461353302001953	0.0	0.0	0.4421592354774475	1.3092378377914429	0.4345231056213379	0.0	1.2727192640304565	0.374261736869812	0.25707483291625977	0.0	0.0	0.0	0.5254285931587219
1.2073132991790771	0.45987915992736816	0.0	0.8767223954200745	0.0	0.0	2.574009656906128	0.0	0.677939236164093	0.0	0.0	0.0	0.36265692114830017	0.0	0.0	0.7703433632850647	0.30676499009132385	0.4971534311771393	0.6868248581886292	0.13039593398571014	0.5353972315788269	0.3713873624801636	0.0	0.4865456223487854	1.4098045825958252	0.3565240800380707	0.0	0.0	0.0	0.36498966813087463	0.0	0.6724817156791687	0.0	0.0	0.0	0.850338339805603	0.22487154603004456	0.730744481086731	1.1729927062988281	0.7317389249801636	0.3198555111885071	0.6405421495437622	1.3015011548995972	0.0	0.0	0.0	0.39925727248191833	0.0	0.0	1.4075210094451904	0.4017523229122162	0.0	0.0	0.4593331515789032	1.3431346416473389	0.45797255635261536	0.0	1.2781023979187012	0.43869414925575256	0.2566402554512024	0.0	0.0	0.0	0.5347729921340942
1.247769832611084	0.4782278537750244	0.0	0.8975678086280823	0.0	0.0	2.515578508377075	0.0	0.6939055323600769	0.0	0.0	0.0	0.4390072524547577	0.0	0.0	0.8328762650489807	0.33802101016044617	0.45478203892707825	0.6998509764671326	0.15865260362625122	0.6128798723220825	0.3511873185634613	0.0	0.5316041111946106	1.3819717168807983	0.30502840876579285	0.0	0.0	0.0	0.3946531414985657	0.0	0.6600099802017212	0.0	0.0	0.0	0.8657765984535217	0.2512696385383606	0.7503308057785034	1.1965093612670898	0.7226183414459229	0.27191275358200073	0.6291088461875916	1.2973911762237549	0.0	0.0	0.0	0.4007613956928253	0.0	0.0	1.438572883605957	0.48628348112106323	0.0	0.0	0.42040878534317017	1.3288151025772095	0.44921785593032837	0.0	1.339986801147461	0.474112331867218	0.32048478722572327	0.0	0.0	0.0	0.5546241998672485
1.2226539850234985	0.47053372859954834	0.0	0.867107093334198	0.0	0.0	2.5217747688293457	0.0	0.6516543626785278	0.0	0.0	0.0	0.36982956528663635	0.0	0.0	0.7648975253105164	0.29974716901779175	0.4546815752983093	0.6562889814376831	0.1164683848619461	0.5425581932067871	0.3575476109981537	0.0	0.4815187454223633	1.3769234418869019	0.3087812066078186	0.0	0.0	0.0	0.374918133020401	0.0	0.6736140847206116	0.0	0.0	0.0	0.836956262588501	0.22439904510974884	0.6812925934791565	1.1883453130722046	0.6916553378105164	0.2702179253101349	0.6400128602981567	1.3305696249008179	0.0	0.0	0.0	0.35945701599121094	0.0	0.0	1.3556371927261353	0.3593710958957672	0.0	0.0	0.4122142493724823	1.3412559032440186	0.4595700800418854	0.0	1.2661430835723877	0.39024558663368225	0.2506764829158783	0.0	0.0	0.0	0.4922366440296173
1.21135413646698	0.4604218304157257	0.0	0.8550926446914673	0.0	0.0	2.5177676677703857	0.0	0.6835848093032837	0.0	0.0	0.0	0.39593687653541565	0.0	0.0	0.8148670792579651	0.3401721715927124	0.4996129870414734	0.6927390694618225	0.13367930054664612	0.5486689805984497	0.38170304894447327	0.0	0.47957977652549744	1.3930333852767944	0.34758320450782776	0.0	0.0	0.0	0.38470616936683655	0.0	0.6806915998458862	0.0	0.0	0.0	0.8831944465637207	0.22009727358818054	0.7327388525009155	1.1814311742782593	0.7226998805999756	0.3245687782764435	0.6362399458885193	1.3059531450271606	0.0	0.0	0.0	0.40290090441703796	0.0	0.0	1.3603185415267944	0.36786022782325745	0.0	0.0	0.42941805720329285	1.3353338241577148	0.4772884249687195	0.0	1.2976387739181519	0.40569227933883667	0.28717735409736633	0.0	0.0	0.0	0.5157514214515686
1.2106282711029053	0.47059136629104614	0.0	0.818480372428894	0.0	0.0	2.505319118499756	0.0	0.6847790479660034	0.0	0.0	0.0	0.3906081020832062	0.0	0.0	0.7680609822273254	0.3755664825439453	0.4763711988925934	0.6855721473693848	0.1189969852566719	0.5267964601516724	0.3704323470592499	0.0	0.48165759444236755	1.395796298980713	0.3172649145126343	0.0	0.0	0.0	0.3881698250770569	0.0	0.6797888278961182	0.0	0.0	0.0	0.8566059470176697	0.34670987725257874	0.705844521522522	1.187835454940796	0.7084030508995056	0.2704716920852661	0.6313825249671936	1.334686040878296	0.0	0.0	0.0	0.352044939994812	0.0	0.0	1.3451398611068726	0.367835134267807	0.0	0.0	0.4687693119049072	1.339198350906372	0.45173946022987366	0.0	1.3023611307144165	0.36272695660591125	0.2820780575275421	0.0	0.0	0.0	0.530575692653656
1.2264337539672852	0.4309789836406708	0.0	0.8370423913002014	0.0	0.0	2.533067464828491	0.0	0.6810806393623352	0.0	0.0	0.0	0.37743479013442993	0.0	0.0	0.8261231780052185	0.3284604549407959	0.5004334449768066	0.7025700807571411	0.12362989038228989	0.5253483653068542	0.36961060762405396	0.0	0.5229989886283875	1.371336817741394	0.3035314977169037	0.0	0.0	0.0	0.3681379556655884	0.0	0.6486290693283081	0.0	0.0	0.0	0.8410008549690247	0.19681847095489502	0.6905841827392578	1.1696126461029053	0.6941771507263184	0.259472519159317	0.6390209794044495	1.283988118171692	0.0	0.0	0.0	0.3517061769962311	0.0	0.0	1.3611797094345093	0.372209370136261	0.0	0.0	0.4859464168548584	1.3230130672454834	0.45556187629699707	0.0	1.303714632987976	0.3827338218688965	0.25678524374961853	0.0	0.0	0.0	0.5171111226081848
1.2334774732589722	0.4667431116104126	0.0	0.8149365186691284	0.0	0.0	2.5468928813934326	0.0	0.6543210744857788	0.0	0.0	0.0	0.36293286085128784	0.0	0.0	0.7468934059143066	0.31428781151771545	0.4713599681854248	0.6618241667747498	0.0975063368678093	0.520605206489563	0.3543778359889984	0.0	0.467703253030777	1.3915749788284302	0.3379520773887634	0.0	0.0	0.0	0.38723212480545044	0.0	0.6563787460327148	0.0	0.0	0.0	0.8481422066688538	0.19345860183238983	0.6934309601783752	1.1906180381774902	0.7091236114501953	0.25724974274635315	0.6136287450790405	1.359968900680542	0.0	0.0	0.0	0.3503415584564209	0.0	0.0	1.3393937349319458	0.352010041475296	0.0	0.0	0.46983134746551514	1.3436048030853271	0.5300948619842529	0.0	1.3033132553100586	0.377276211977005	0.26001062989234924	0.0	0.0	0.0	0.5124216675758362
1.2230364084243774	0.44704335927963257	0.0	0.8371612429618835	0.0	0.0	2.4647881984710693	0.0	0.6711912155151367	0.0	0.0	0.0	0.37564942240715027	0.0	0.0	0.7509871125221252	0.3250844478607178	0.46005135774612427	0.6802619099617004	0.1382512003183365	0.5325137376785278	0.3493063747882843	0.0	0.48668766021728516	1.3937346935272217	0.2930141091346741	0.0	0.0	0.0	0.376219779253006	0.0	0.667288064956665	0.0	0.0	0.0	0.85109943151474	0.19871780276298523	0.700955331325531	1.1589384078979492	0.7154790759086609	0.2840636372566223	0.636554479598999	1.3447597026824951	0.0	0.0	0.0	0.36909857392311096	0.0	0.0	1.3339213132858276	0.39124858379364014	0.0	0.0	0.44622373580932617	1.3446601629257202	0.45118457078933716	0.0	1.2782467603683472	0.37666475772857666	0.25435152649879456	0.0	0.0	0.0	0.49643921852111816
1.2068995237350464	0.4702000319957733	0.0	0.8309914469718933	0.0	0.0	2.483081102371216	0.0	0.6593399047851562	0.0	0.0	0.0	0.397475004196167	0.0	0.0	0.7650632858276367	0.31213685870170593	0.4688299894332886	0.6706864833831787	0.13801099359989166	0.5318917632102966	0.35057470202445984	0.0	0.4873325824737549	1.3793708086013794	0.3048627972602844	0.0	0.0	0.0	0.3771621882915497	0.0	0.6725290417671204	0.0	0.0	0.0	0.8778910040855408	0.19497963786125183	0.7245226502418518	1.204609990119934	0.7038201093673706	0.26284149289131165	0.6276225447654724	1.3112393617630005	0.0	0.0	0.0	0.3448837995529175	0.0	0.0	1.3355088233947754	0.46666306257247925	0.0	0.0	0.42849841713905334	1.335876226425171	0.44149720668792725	0.0	1.3000526428222656	0.4082633852958679	0.2700415849685669	0.0	0.0	0.0	0.5385057926177979
1.2412376403808594	0.4423479735851288	0.0	0.9102444052696228	0.0	0.0	2.4450812339782715	0.0	0.7180948853492737	0.0	0.0	0.0	0.4419739544391632	0.0	0.0	0.8341960906982422	0.33210572600364685	0.4502517282962799	0.6633869409561157	0.13410231471061707	0.6254510283470154	0.3867279291152954	0.0	0.5389735102653503	1.398276925086975	0.2935485541820526	0.0	0.0	0.0	0.3640482723712921	0.0	0.6517326235771179	0.0	0.0	0.0	0.8331826329231262	0.23761391639709473	0.6920332908630371	1.1733862161636353	0.7060337066650391	0.28431081771850586	0.6128584146499634	1.27544367313385	0.0	0.0	0.0	0.4248335659503937	0.0	0.0	1.4420496225357056	0.4611607491970062	0.0	0.0	0.4148252308368683	1.3056108951568604	0.44763004779815674	0.0	1.2584812641143799	0.450462281703949	0.3010939657688141	0.0	0.0	0.0	0.5198690891265869
1.3029403686523438	0.46121111512184143	0.0	1.1047627925872803	0.0	0.0	2.4416403770446777	0.0	0.7006093859672546	0.0	0.0	0.0	0.4278508126735687	0.0	0.0	0.8284180760383606	0.33173641562461853	0.4601329565048218	0.6594961285591125	0.11041168123483658	0.6194192171096802	0.3647294342517853	0.0	0.6746742129325867	1.3660266399383545	0.2906036972999573	0.0	0.0	0.0	0.36449065804481506	0.0	0.6532425880432129	0.0	0.0	0.0	0.8689079880714417	0.3895105719566345	0.7790916562080383	1.1643790006637573	0.7132666707038879	0.2250697910785675	0.6334308981895447	1.2735549211502075	0.0	0.0	0.0	0.40985360741615295	0.0	0.0	1.4511165618896484	0.36068838834762573	0.0	0.0	0.444855272769928	1.3616816997528076	0.4527739882469177	0.0	1.3038100004196167	0.4592779278755188	0.2874052822589874	0.0	0.0	0.0	0.49024498462677
1.2140445709228516	0.4722513258457184	0.0	0.8498575091362	0.0	0.0	2.495593309402466	0.0	0.671979546546936	0.0	0.0	0.0	0.38850951194763184	0.0	0.0	0.772602379322052	0.31772685050964355	0.5441469550132751	0.7157418727874756	0.10922963172197342	0.538383424282074	0.3784235417842865	0.0	0.5023692846298218	1.383075475692749	0.3824361562728882	0.0	0.0	0.0	0.37089216709136963	0.0	0.7197815775871277	0.0	0.0	0.0	0.8687659502029419	0.3689478039741516	0.7161949872970581	1.1731047630310059	0.7196193337440491	0.32998862862586975	0.6514305472373962	1.3350275754928589	0.0	0.0	0.0	0.3577529191970825	0.0	0.0	1.3616100549697876	0.4003332853317261	0.0	0.0	0.4389018714427948	1.3286406993865967	0.45822855830192566	0.0	1.2857519388198853	0.4394533038139343	0.3172452449798584	0.0	0.0	0.0	0.5002183318138123
1.2903547286987305	0.45983484387397766	0.0	0.8553250432014465	0.0	0.0	2.53004789352417	0.0	0.6557456851005554	0.0	0.0	0.0	0.4542918801307678	0.0	0.0	0.7888358235359192	0.3338095247745514	0.4943173825740814	0.7199791073799133	0.12805625796318054	0.5949024558067322	0.37174052000045776	0.0	0.4802069365978241	1.3887425661087036	0.3153998851776123	0.0	0.0	0.0	0.3722831606864929	0.0	0.6970384120941162	0.0	0.0	0.0	0.8956964612007141	0.21945121884346008	0.7398602366447449	1.1758263111114502	0.7506174445152283	0.2670975923538208	0.7153398394584656	1.325026512145996	0.0	0.0	0.0	0.3636278808116913	0.0	0.0	1.3433493375778198	0.3790515959262848	0.0	0.0	0.40164241194725037	1.341666340827942	0.4620420038700104	0.0	1.287745714187622	0.3917972445487976	0.32008659839630127	0.0	0.0	0.0	0.5685495734214783
1.2152200937271118	0.4480966329574585	0.0	0.8377874493598938	0.0	0.0	2.4663217067718506	0.0	0.682122528553009	0.0	0.0	0.0	0.39403632283210754	0.0	0.0	0.7606146931648254	0.31516334414482117	0.47258883714675903	0.6934550404548645	0.12793312966823578	0.5509655475616455	0.35786035656929016	0.0	0.4895080327987671	1.3666473627090454	0.3058947026729584	0.0	0.0	0.0	0.37555280327796936	0.0	0.6534953713417053	0.0	0.0	0.0	0.833909809589386	0.24149733781814575	0.703267514705658	1.1720558404922485	0.7138738632202148	0.2647240459918976	0.6225183010101318	1.311145544052124	0.0	0.0	0.0	0.3510354459285736	0.0	0.0	1.3567914962768555	0.3802541494369507	0.0	0.0	0.42663076519966125	1.323923110961914	0.4369421899318695	0.0	1.302785873413086	0.38153308629989624	0.2518486976623535	0.0	0.0	0.0	0.4942750930786133
1.214772343635559	0.4592077434062958	0.0	0.8062893152236938	0.0	0.0	2.467637777328491	0.0	0.676815390586853	0.0	0.0	0.0	0.37207499146461487	0.0	0.0	0.7397604584693909	0.3694261610507965	0.4565792679786682	0.6881389021873474	0.12769216299057007	0.5166513919830322	0.37212181091308594	0.0	0.4835749864578247	1.3953324556350708	0.30642738938331604	0.0	0.0	0.0	0.3628068268299103	0.0	0.665530800819397	0.0	0.0	0.0	0.8437436819076538	0.20656682550907135	0.7184967994689941	1.166728138923645	0.730224072933197	0.2559768855571747	0.6342386603355408	1.2720314264297485	0.0	0.0	0.0	0.37458890676498413	0.0	0.0	1.3573553562164307	0.40000686049461365	0.0	0.0	0.4102861285209656	1.3215657472610474	0.4319741725921631	0.0	1.320361852645874	0.37615859508514404	0.25244101881980896	0.0	0.0	0.0	0.5080522894859314
1.2080410718917847	0.4361492395401001	0.0	0.8346490263938904	0.0	0.0	2.5027573108673096	0.0	0.6640664935112	0.0	0.0	0.0	0.3695392906665802	0.0	0.0	0.769619882106781	0.35704219341278076	0.47381627559661865	0.6857802867889404	0.13553011417388916	0.528878927230835	0.355459988117218	0.0	0.5037924647331238	1.4220267534255981	0.3191038966178894	0.0	0.0	0.0	0.37985485792160034	0.0	0.6822103261947632	0.0	0.0	0.0	0.8581303954124451	0.21399295330047607	0.7013342380523682	1.2134816646575928	0.7231137752532959	0.2995242178440094	0.621486485004425	1.3163686990737915	0.0	0.0	0.0	0.3609205186367035	0.0	0.0	1.3468197584152222	0.3897854685783386	0.0	0.0	0.4269298017024994	1.3277760744094849	0.4589524567127228	0.0	1.2788786888122559	0.3758431375026703	0.26126301288604736	0.0	0.0	0.0	0.5145726799964905
1.2553893327713013	0.45859140157699585	0.0	0.8369420170783997	0.0	0.0	2.501347303390503	0.0	0.7127141952514648	0.0	0.0	0.0	0.3790432810783386	0.0	0.0	0.7609466314315796	0.33533379435539246	0.4743693172931671	0.7265069484710693	0.1028565764427185	0.5315449237823486	0.35538724064826965	0.0	0.5021658539772034	1.3885881900787354	0.3422641456127167	0.0	0.0	0.0	0.382005512714386	0.0	0.698329746723175	0.0	0.0	0.0	0.8497568368911743	0.22329483926296234	0.7170617580413818	1.1669025421142578	0.7150384783744812	0.3320297598838806	0.6562314033508301	1.331810474395752	0.0	0.0	0.0	0.39190584421157837	0.0	0.0	1.3303639888763428	0.41897258162498474	0.0	0.0	0.5128030180931091	1.3596947193145752	0.4936274290084839	0.0	1.2780635356903076	0.41729164123535156	0.3236329257488251	0.0	0.0	0.0	0.5045522451400757
1.2467526197433472	0.46170586347579956	0.0	0.8439987897872925	0.0	0.0	2.5299792289733887	0.0	0.6718169450759888	0.0	0.0	0.0	0.38059505820274353	0.0	0.0	0.7776802778244019	0.3354704976081848	0.4774489402770996	0.6784818768501282	0.12223577499389648	0.5337740778923035	0.3740459084510803	0.0	0.4883594512939453	1.3732753992080688	0.3258168697357178	0.0	0.0	0.0	0.3735099136829376	0.0	0.6626167893409729	0.0	0.0	0.0	0.8317331671714783	0.20501862466335297	0.699903130531311	1.162689447402954	0.7121264338493347	0.2596989572048187	0.6553791165351868	1.350602149963379	0.0	0.0	0.0	0.3540155589580536	0.0	0.0	1.329715609550476	0.37082013487815857	0.0	0.0	0.44836336374282837	1.3186224699020386	0.44678276777267456	0.0	1.3172080516815186	0.393280029296875	0.2535841166973114	0.0	0.0	0.0	0.5094937086105347
1.2099742889404297	0.4903937876224518	0.0	0.8361265063285828	0.0	0.0	2.5055582523345947	0.0	0.6628398895263672	0.0	0.0	0.0	0.39265176653862	0.0	0.0	0.7784011363983154	0.3299795091152191	0.49073678255081177	0.7025343775749207	0.12995590269565582	0.5455458760261536	0.3802466094493866	0.0	0.5174663662910461	1.370661735534668	0.36742839217185974	0.0	0.0	0.0	0.40910613536834717	0.0	0.6823439002037048	0.0	0.0	0.0	0.8488134145736694	0.20236407220363617	0.7220099568367004	1.1793646812438965	0.7168132066726685	0.34100770950317383	0.6647505164146423	1.3531523942947388	0.0	0.0	0.0	0.3851851224899292	0.0	0.0	1.3219223022460938	0.3764084577560425	0.0	0.0	0.44622722268104553	1.3117269277572632	0.47346609830856323	0.0	1.2946993112564087	0.4464859068393707	0.2799522280693054	0.0	0.0	0.0	0.4889250099658966
1.2021020650863647	0.479052871465683	0.0	0.8945170640945435	0.0	0.0	2.476412057876587	0.0	0.6902015805244446	0.0	0.0	0.0	0.40067240595817566	0.0	0.0	0.7574900388717651	0.3609906733036041	0.49872711300849915	0.6694157719612122	0.11955028772354126	0.5440601110458374	0.3666325509548187	0.0	0.5073174834251404	1.4353573322296143	0.35020968317985535	0.0	0.0	0.0	0.4137830138206482	0.0	0.7054093480110168	0.0	0.0	0.0	0.8629695773124695	0.42568865418434143	0.7056095600128174	1.1665229797363281	0.7103551030158997	0.30722516775131226	0.6104133725166321	1.3521064519882202	0.0	0.0	0.0	0.36430594325065613	0.0	0.0	1.3843669891357422	0.46406909823417664	0.0	0.0	0.45890477299690247	1.3552831411361694	0.4755416512489319	0.0	1.3650239706039429	0.4107511639595032	0.26324936747550964	0.0	0.0	0.0	0.5191267132759094
1.243823766708374	0.4613954424858093	0.0	0.8695508241653442	0.0	0.0	2.549752712249756	0.0	0.6948865652084351	0.0	0.0	0.0	0.3970186412334442	0.0	0.0	0.773120641708374	0.3290576636791229	0.4838277995586395	0.6685187220573425	0.11579885333776474	0.5555497407913208	0.3508796691894531	0.0	0.4915286600589752	1.4004497528076172	0.32437780499458313	0.0	0.0	0.0	0.4034131169319153	0.0	0.6531462669372559	0.0	0.0	0.0	0.8847458958625793	0.39874979853630066	0.7100902199745178	1.215364694595337	0.7227266430854797	0.2919301390647888	0.6212932467460632	1.3103848695755005	0.0	0.0	0.0	0.36577486991882324	0.0	0.0	1.3786715269088745	0.3693639039993286	0.0	0.0	0.4234289228916168	1.3531618118286133	0.4578843414783478	0.0	1.2815083265304565	0.3739250898361206	0.29844000935554504	0.0	0.0	0.0	0.5482144355773926
1.221177339553833	0.4604836404323578	0.0	0.8178542256355286	0.0	0.0	2.641134738922119	0.0	0.6855424642562866	0.0	0.0	0.0	0.406284898519516	0.0	0.0	0.7871186137199402	0.327810674905777	0.4760909974575043	0.6681599617004395	0.14145983755588531	0.5809773802757263	0.37076014280319214	0.0	0.5045754313468933	1.3805932998657227	0.3145769536495209	0.0	0.0	0.0	0.3958803415298462	0.0	0.6730544567108154	0.0	0.0	0.0	0.8979435563087463	0.23986956477165222	0.7054630517959595	1.180314302444458	0.7165573835372925	0.263285756111145	0.6743250489234924	1.3027690649032593	0.0	0.0	0.0	0.3669438064098358	0.0	0.0	1.3715136051177979	0.40486326813697815	0.0	0.0	0.4316980540752411	1.3246827125549316	0.4486771523952484	0.0	1.2621994018554688	0.3714952766895294	0.28484782576560974	0.0	0.0	0.0	0.5166998505592346
1.211077094078064	0.4638754427433014	0.0	0.8076837062835693	0.0	0.0	2.473112106323242	0.0	0.6523030996322632	0.0	0.0	0.0	0.36788567900657654	0.0	0.0	0.7848964929580688	0.31509801745414734	0.45581841468811035	0.6664299368858337	0.11122072488069534	0.5153204798698425	0.3725956380367279	0.0	0.47351232171058655	1.3487086296081543	0.29461798071861267	0.0	0.0	0.0	0.38712167739868164	0.0	0.6657592058181763	0.0	0.0	0.0	0.8277091383934021	0.19757966697216034	0.6979964971542358	1.1916831731796265	0.6961138844490051	0.29466304183006287	0.6138699054718018	1.3242968320846558	0.0	0.0	0.0	0.3399357497692108	0.0	0.0	1.3159440755844116	0.365407794713974	0.0	0.0	0.42323487997055054	1.3138033151626587	0.4630206227302551	0.0	1.2847847938537598	0.375263512134552	0.26043057441711426	0.0	0.0	0.0	0.5075770020484924
1.2051851749420166	0.4547179341316223	0.0	0.9201041460037231	0.0	0.0	2.44181752204895	0.0	0.6872917413711548	0.0	0.0	0.0	0.48822471499443054	0.0	0.0	0.8659098148345947	0.3553963303565979	0.47176939249038696	0.6745155453681946	0.1027432531118393	0.6435983180999756	0.3849262595176697	0.0	0.5127288103103638	1.3759979009628296	0.29999876022338867	0.0	0.0	0.0	0.39307016134262085	0.0	0.6496528387069702	0.0	0.0	0.0	0.8631001710891724	0.22657819092273712	0.6870841979980469	1.1809276342391968	0.6961677670478821	0.25352761149406433	0.6123133897781372	1.259521484375	0.0	0.0	0.0	0.35109344124794006	0.0	0.0	1.382300853729248	0.5069569945335388	0.0	0.0	0.3981431722640991	1.3212220668792725	0.4476071894168854	0.0	1.301184892654419	0.5114664435386658	0.3383405804634094	0.0	0.0	0.0	0.5685093402862549
1.242688536643982	0.481366366147995	0.0	0.8538675904273987	0.0	0.0	2.5404536724090576	0.0	0.6917981505393982	0.0	0.0	0.0	0.3756074905395508	0.0	0.0	0.804060697555542	0.34944817423820496	0.47693297266960144	0.6865605711936951	0.1237378790974617	0.5277534127235413	0.3716808259487152	0.0	0.49444013833999634	1.3626062870025635	0.3158499002456665	0.0	0.0	0.0	0.4093801975250244	0.0	0.6999167799949646	0.0	0.0	0.0	0.8721591234207153	0.21416090428829193	0.6803225874900818	1.2050162553787231	0.7307115197181702	0.3042530119419098	0.6448432207107544	1.349246621131897	0.0	0.0	0.0	0.3320028483867645	0.0	0.0	1.3427293300628662	0.357270747423172	0.0	0.0	0.49918612837791443	1.3298300504684448	0.48477795720100403	0.0	1.2989095449447632	0.389225572347641	0.28715142607688904	0.0	0.0	0.0	0.5077803134918213
1.2037087678909302	0.4753987193107605	0.0	0.8069347739219666	0.0	0.0	2.548503875732422	0.0	0.6496796607971191	0.0	0.0	0.0	0.37547600269317627	0.0	0.0	0.7896654009819031	0.3175182342529297	0.4799719750881195	0.6693575978279114	0.13821941614151	0.52011638879776	0.36870643496513367	0.0	0.49235570430755615	1.3775616884231567	0.2985100746154785	0.0	0.0	0.0	0.4144621193408966	0.0	0.669722855091095	0.0	0.0	0.0	0.8543282747268677	0.20529234409332275	0.7341852188110352	1.1814907789230347	0.7003117799758911	0.27124205231666565	0.6148917078971863	1.2835720777511597	0.0	0.0	0.0	0.34341245889663696	0.0	0.0	1.3341419696807861	0.3687994182109833	0.0	0.0	0.43728190660476685	1.3347777128219604	0.45011278986930847	0.0	1.3151253461837769	0.3981218636035919	0.268963485956192	0.0	0.0	0.0	0.49560993909835815
1.2298530340194702	0.4690488576889038	0.0	0.8399956226348877	0.0	0.0	2.4616713523864746	0.0	0.6785270571708679	0.0	0.0	0.0	0.40797120332717896	0.0	0.0	0.7741203308105469	0.33616241812705994	0.4687211811542511	0.6838284134864807	0.11479144543409348	0.5580921769142151	0.371098130941391	0.0	0.5075120329856873	1.3944733142852783	0.3356568515300751	0.0	0.0	0.0	0.3995048999786377	0.0	0.659235954284668	0.0	0.0	0.0	0.8821504712104797	0.21146726608276367	0.6931191682815552	1.187972903251648	0.7120731472969055	0.2923250198364258	0.6279381513595581	1.3483744859695435	0.0	0.0	0.0	0.3522534966468811	0.0	0.0	1.3782836198806763	0.3989592492580414	0.0	0.0	0.4285729229450226	1.335375428199768	0.4747449457645416	0.0	1.29591965675354	0.4095419645309448	0.28699791431427	0.0	0.0	0.0	0.5501576066017151
1.2444804906845093	0.4613059461116791	0.0	0.8598612546920776	0.0	0.0	2.4926841259002686	0.0	0.68293297290802	0.0	0.0	0.0	0.3947995603084564	0.0	0.0	0.7974870800971985	0.30777615308761597	0.4595729410648346	0.6989991664886475	0.143632709980011	0.530639111995697	0.3699930012226105	0.0	0.5011575818061829	1.3912549018859863	0.3056093752384186	0.0	0.0	0.0	0.3981151878833771	0.0	0.6668523550033569	0.0	0.0	0.0	0.8345517516136169	0.21192406117916107	0.6925381422042847	1.1726871728897095	0.7162709832191467	0.25780200958251953	0.6587162017822266	1.333516001701355	0.0	0.0	0.0	0.3667297661304474	0.0	0.0	1.3461620807647705	0.39205867052078247	0.0	0.0	0.4530123174190521	1.319587230682373	0.44587934017181396	0.0	1.330082893371582	0.36666807532310486	0.25866416096687317	0.0	0.0	0.0	0.492694228887558
1.2207669019699097	0.495629221200943	0.0	0.895240306854248	0.0	0.0	2.504300355911255	0.0	0.6562955379486084	0.0	0.0	0.0	0.37418457865715027	0.0	0.0	0.7938469052314758	0.34054580330848694	0.5199952125549316	0.6866946816444397	0.13951143622398376	0.5525457859039307	0.3681929409503937	0.0	0.4930468201637268	1.40697181224823	0.3302994966506958	0.0	0.0	0.0	0.3717428147792816	0.0	0.678524374961853	0.0	0.0	0.0	0.8578200340270996	0.3854023516178131	0.6952519416809082	1.1700098514556885	0.7191926836967468	0.32925713062286377	0.6312447786331177	1.2853487730026245	0.0	0.0	0.0	0.36449316143989563	0.0	0.0	1.3741440773010254	0.3798850178718567	0.0	0.0	0.45523083209991455	1.350616693496704	0.4559802711009979	0.0	1.3136632442474365	0.44289273023605347	0.2881602346897125	0.0	0.0	0.0	0.5372644662857056
1.242833137512207	0.42210108041763306	0.0	0.9018743634223938	0.0	0.0	2.4603543281555176	0.0	0.7051284313201904	0.0	0.0	0.0	0.3989972174167633	0.0	0.0	0.8358379602432251	0.34251436591148376	0.47976699471473694	0.6727591753005981	0.12623591721057892	0.60207200050354	0.3542516231536865	0.0	0.5089966654777527	1.4297521114349365	0.303616464138031	0.0	0.0	0.0	0.3709769546985626	0.0	0.64306640625	0.0	0.0	0.0	0.8809728026390076	0.2079133540391922	0.7204904556274414	1.1778647899627686	0.7084450721740723	0.24620632827281952	0.6257210373878479	1.2722580432891846	0.0	0.0	0.0	0.4021852910518646	0.0	0.0	1.451062560081482	0.3522903621196747	0.0	0.0	0.403006911277771	1.3377715349197388	0.43264129757881165	0.0	1.294293999671936	0.46199625730514526	0.28132593631744385	0.0	0.0	0.0	0.5050156116485596
1.2660242319107056	0.4575559198856354	0.0	0.9534707069396973	0.0	0.0	2.491393804550171	0.0	0.6895794868469238	0.0	0.0	0.0	0.3706757128238678	0.0	0.0	0.7789742350578308	0.33817267417907715	0.4951518476009369	0.6772369742393494	0.12614338099956512	0.5343099236488342	0.3802837133407593	0.0	0.5767233371734619	1.3856525421142578	0.3432188928127289	0.0	0.0	0.0	0.3789520263671875	0.0	0.6582776308059692	0.0	0.0	0.0	0.854769229888916	0.28709676861763	0.7390514016151428	1.1740845441818237	0.7171273231506348	0.28535571694374084	0.634868323802948	1.3028022050857544	0.0	0.0	0.0	0.4161403775215149	0.0	0.0	1.337651252746582	0.5148162245750427	0.0	0.0	0.49373185634613037	1.3388376235961914	0.455891877412796	0.0	1.2935386896133423	0.43915143609046936	0.26346105337142944	0.0	0.0	0.0	0.5204343795776367
1.2485947608947754	0.45575669407844543	0.0	0.95268315076828	0.0	0.0	2.4954769611358643	0.0	0.714135468006134	0.0	0.0	0.0	0.4304024875164032	0.0	0.0	0.8313292860984802	0.31560245156288147	0.45735642313957214	0.6790448427200317	0.12964633107185364	0.5603136420249939	0.3750970661640167	0.0	0.5741220116615295	1.376227855682373	0.3099324107170105	0.0	0.0	0.0	0.36462727189064026	0.0	0.6505138278007507	0.0	0.0	0.0	0.8393552899360657	0.26326996088027954	0.7645477652549744	1.1579281091690063	0.6965039968490601	0.2612650990486145	0.6481959223747253	1.280371904373169	0.0	0.0	0.0	0.3717827796936035	0.0	0.0	1.4525507688522339	0.3999615013599396	0.0	0.0	0.4790121614933014	1.3222416639328003	0.4541895091533661	0.0	1.3063305616378784	0.44800060987472534	0.2795981466770172	0.0	0.0	0.0	0.5164734125137329
1.229152798652649	0.45256704092025757	0.0	0.8334898352622986	0.0	0.0	2.5082716941833496	0.0	0.7032631039619446	0.0	0.0	0.0	0.37116387486457825	0.0	0.0	0.7718082666397095	0.3340640664100647	0.5083896517753601	0.6753419637680054	0.11178535968065262	0.5047067403793335	0.3909086287021637	0.0	0.4852469861507416	1.3985357284545898	0.32040125131607056	0.0	0.0	0.0	0.41514700651168823	0.0	0.6610537171363831	0.0	0.0	0.0	0.8409665822982788	0.19936329126358032	0.714349091053009	1.1719872951507568	0.6927170753479004	0.31230834126472473	0.6401837468147278	1.3404250144958496	0.0	0.0	0.0	0.3336014151573181	0.0	0.0	1.3345601558685303	0.3684098720550537	0.0	0.0	0.42733779549598694	1.3292036056518555	0.5137546062469482	0.0	1.2811585664749146	0.37505751848220825	0.27272969484329224	0.0	0.0	0.0	0.49091702699661255
1.2330938577651978	0.44159793853759766	0.0	0.8508794903755188	0.0	0.0	2.534388542175293	0.0	0.6965310573577881	0.0	0.0	0.0	0.3782711625099182	0.0	0.0	0.755922794342041	0.3989798426628113	0.4735897183418274	0.6814642548561096	0.11449471116065979	0.5560416579246521	0.3780750036239624	0.0	0.4964626729488373	1.394286036491394	0.316351056098938	0.0	0.0	0.0	0.36848965287208557	0.0	0.6947795748710632	0.0	0.0	0.0	0.8630375266075134	0.2483207732439041	0.702167272567749	1.183267593383789	0.6945778727531433	0.3265681266784668	0.6303240060806274	1.3198846578598022	0.0	0.0	0.0	0.3844486474990845	0.0	0.0	1.359804630279541	0.35261601209640503	0.0	0.0	0.43348461389541626	1.3654825687408447	0.496756911277771	0.0	1.2913579940795898	0.38365432620048523	0.32924264669418335	0.0	0.0	0.0	0.5201656222343445
1.2143886089324951	0.447140634059906	0.0	0.8308894634246826	0.0	0.0	2.4860525131225586	0.0	0.6998425722122192	0.0	0.0	0.0	0.3686228096485138	0.0	0.0	0.7473493218421936	0.3530689477920532	0.5167298316955566	0.7065383791923523	0.13558803498744965	0.5243763327598572	0.42023205757141113	0.0	0.48269835114479065	1.4126139879226685	0.33832845091819763	0.0	0.0	0.0	0.4375094473361969	0.0	0.6587807536125183	0.0	0.0	0.0	0.8949471116065979	0.22281263768672943	0.7390056848526001	1.173858642578125	0.7103796005249023	0.30699601769447327	0.6378462314605713	1.350360631942749	0.0	0.0	0.0	0.34850358963012695	0.0	0.0	1.3660659790039062	0.45029667019844055	0.0	0.0	0.4763096868991852	1.3542684316635132	0.48160600662231445	0.0	1.306499719619751	0.37791991233825684	0.2938954830169678	0.0	0.0	0.0	0.5010339617729187
1.2370004653930664	0.467411071062088	0.0	0.8722196221351624	0.0	0.0	2.4871535301208496	0.0	0.6852157711982727	0.0	0.0	0.0	0.3763486444950104	0.0	0.0	0.7662702202796936	0.33660659193992615	0.4812490940093994	0.6974376440048218	0.13968585431575775	0.542275071144104	0.37792494893074036	0.0	0.49952131509780884	1.416808009147644	0.31568285822868347	0.0	0.0	0.0	0.38383662700653076	0.0	0.6607227921485901	0.0	0.0	0.0	0.8833755850791931	0.22321459650993347	0.7154399752616882	1.177624225616455	0.7150487303733826	0.30132895708084106	0.6264676451683044	1.347090721130371	0.0	0.0	0.0	0.403043270111084	0.0	0.0	1.3815701007843018	0.374636709690094	0.0	0.0	0.4366822838783264	1.3790206909179688	0.4601362645626068	0.0	1.345790147781372	0.39162731170654297	0.3035092055797577	0.0	0.0	0.0	0.49884769320487976
1.2796940803527832	0.5058282017707825	0.0	1.0930005311965942	0.0	0.0	2.6078975200653076	0.0	0.7342738509178162	0.0	0.0	0.0	0.43394935131073	0.0	0.0	0.8536325693130493	0.3523174226284027	0.4448007047176361	0.6915188431739807	0.13364161550998688	0.645182728767395	0.3833198845386505	0.0	0.6754196882247925	1.3703538179397583	0.40539154410362244	0.0	0.0	0.0	0.3805619776248932	0.0	0.664503812789917	0.0	0.0	0.0	0.850616455078125	0.35712823271751404	0.7768723964691162	1.1763012409210205	0.7302333116531372	0.301626980304718	0.6384274959564209	1.2803897857666016	0.0	0.0	0.0	0.39419296383857727	0.0	0.0	1.479178547859192	0.3676137328147888	0.0	0.0	0.5054739117622375	1.343617558479309	0.4327425956726074	0.0	1.2872267961502075	0.4090317487716675	0.3455083966255188	0.0	0.0	0.0	0.5067635774612427
1.2454828023910522	0.4587559700012207	0.0	0.8547667860984802	0.0	0.0	2.48281192779541	0.0	0.7058463096618652	0.0	0.0	0.0	0.3769826292991638	0.0	0.0	0.7579377889633179	0.32545310258865356	0.48139962553977966	0.678699791431427	0.10988425463438034	0.5419272780418396	0.3825845420360565	0.0	0.488463819026947	1.3860400915145874	0.29207101464271545	0.0	0.0	0.0	0.37913191318511963	0.0	0.6655356287956238	0.0	0.0	0.0	0.8767920136451721	0.221482053399086	0.71729576587677	1.177711009979248	0.7090312838554382	0.2918546497821808	0.6161067485809326	1.3049798011779785	0.0	0.0	0.0	0.35622936487197876	0.0	0.0	1.3390594720840454	0.36031144857406616	0.0	0.0	0.46092233061790466	1.3201795816421509	0.4390924572944641	0.0	1.3213346004486084	0.38652899861335754	0.2680797576904297	0.0	0.0	0.0	0.5090610980987549
1.222385287284851	0.4621725380420685	0.0	0.8646974563598633	0.0	0.0	2.467390298843384	0.0	0.6940941214561462	0.0	0.0	0.0	0.39417558908462524	0.0	0.0	0.7836437225341797	0.3400898873806	0.4947202801704407	0.7177330851554871	0.12737543880939484	0.5446551442146301	0.36532559990882874	0.0	0.49852457642555237	1.3975318670272827	0.3185650706291199	0.0	0.0	0.0	0.42892199754714966	0.0	0.70514976978302	0.0	0.0	0.0	0.8931319117546082	0.380096971988678	0.7137027978897095	1.1824963092803955	0.7234885096549988	0.2585607171058655	0.6543120741844177	1.30906081199646	0.0	0.0	0.0	0.36818328499794006	0.0	0.0	1.3526077270507812	0.42023468017578125	0.0	0.0	0.44262051582336426	1.349212884902954	0.4621783196926117	0.0	1.283644437789917	0.3986365795135498	0.30751439929008484	0.0	0.0	0.0	0.5590715408325195
1.2485264539718628	0.4416715204715729	0.0	0.8312262296676636	0.0	0.0	2.533151626586914	0.0	0.6602311134338379	0.0	0.0	0.0	0.3749377429485321	0.0	0.0	0.7671177387237549	0.3460492491722107	0.4814382493495941	0.7015050649642944	0.12241961807012558	0.5333743095397949	0.3737218976020813	0.0	0.48823562264442444	1.3666596412658691	0.308704137802124	0.0	0.0	0.0	0.3803406059741974	0.0	0.7103580236434937	0.0	0.0	0.0	0.8726287484169006	0.2364722639322281	0.7044191360473633	1.1734845638275146	0.7198312878608704	0.25404834747314453	0.6316130757331848	1.3253604173660278	0.0	0.0	0.0	0.35837265849113464	0.0	0.0	1.3545697927474976	0.3864416182041168	0.0	0.0	0.43065914511680603	1.3620706796646118	0.45562368631362915	0.0	1.315252423286438	0.38902464509010315	0.3220728635787964	0.0	0.0	0.0	0.4979454278945923
1.217343807220459	0.4607217013835907	0.0	0.8435792326927185	0.0	0.0	2.5241658687591553	0.0	0.7019677758216858	0.0	0.0	0.0	0.3620205223560333	0.0	0.0	0.7504869699478149	0.3308323323726654	0.4962908923625946	0.6882975101470947	0.11341763287782669	0.5324747562408447	0.3926554024219513	0.0	0.49737122654914856	1.3771570920944214	0.35751426219940186	0.0	0.0	0.0	0.3877240717411041	0.0	0.6663678288459778	0.0	0.0	0.0	0.8577136397361755	0.39263716340065	0.7072510123252869	1.161551594734192	0.7004703283309937	0.3148537278175354	0.6149924397468567	1.3192495107650757	0.0	0.0	0.0	0.33578258752822876	0.0	0.0	1.3379716873168945	0.49439844489097595	0.0	0.0	0.4353383779525757	1.3437412977218628	0.4570121169090271	0.0	1.2674998044967651	0.39350706338882446	0.26207447052001953	0.0	0.0	0.0	0.48171350359916687
1.2156023979187012	0.46289101243019104	0.0	0.8244691491127014	0.0	0.0	2.4926400184631348	0.0	0.66378253698349	0.0	0.0	0.0	0.37741783261299133	0.0	0.0	0.7567071318626404	0.31700599193573	0.449200302362442	0.6960887908935547	0.1318703144788742	0.5288118124008179	0.35685619711875916	0.0	0.484428733587265	1.3936182260513306	0.29221251606941223	0.0	0.0	0.0	0.3634627163410187	0.0	0.6585500836372375	0.0	0.0	0.0	0.8725252151489258	0.2138756811618805	0.7174702286720276	1.160180687904358	0.7227011322975159	0.2577129900455475	0.6209108233451843	1.2931689023971558	0.0	0.0	0.0	0.35369616746902466	0.0	0.0	1.3674991130828857	0.37022507190704346	0.0	0.0	0.41794827580451965	1.3372734785079956	0.4538986384868622	0.0	1.3221368789672852	0.3858368694782257	0.2581676244735718	0.0	0.0	0.0	0.5273060202598572
1.240470290184021	0.4492315649986267	0.0	0.8225783109664917	0.0	0.0	2.5178020000457764	0.0	0.6491360664367676	0.0	0.0	0.0	0.3817119598388672	0.0	0.0	0.7578447461128235	0.3328281044960022	0.4761355221271515	0.6825970411300659	0.1259724497795105	0.5203938484191895	0.3622720241546631	0.0	0.49654969573020935	1.3778178691864014	0.2850646674633026	0.0	0.0	0.0	0.38997140526771545	0.0	0.6774466633796692	0.0	0.0	0.0	0.847480058670044	0.21145500242710114	0.6814186573028564	1.1724969148635864	0.7139883637428284	0.2914367616176605	0.6520359516143799	1.2898385524749756	0.0	0.0	0.0	0.3381996750831604	0.0	0.0	1.3451240062713623	0.4732256531715393	0.0	0.0	0.4217969477176666	1.3154219388961792	0.43797263503074646	0.0	1.2730768918991089	0.3768934905529022	0.2739494740962982	0.0	0.0	0.0	0.5052721500396729
1.2752810716629028	0.44471582770347595	0.0	0.858003556728363	0.0	0.0	2.4460642337799072	0.0	0.6992404460906982	0.0	0.0	0.0	0.3766402304172516	0.0	0.0	0.7738633155822754	0.32347142696380615	0.47767987847328186	0.6740473508834839	0.14362932741641998	0.5495128631591797	0.3688526749610901	0.0	0.488463819026947	1.4066390991210938	0.3155433237552643	0.0	0.0	0.0	0.37565338611602783	0.0	0.6720808148384094	0.0	0.0	0.0	0.8486397862434387	0.22084462642669678	0.6911575198173523	1.1861248016357422	0.6992461681365967	0.27363690733909607	0.6683494448661804	1.3033111095428467	0.0	0.0	0.0	0.3598162531852722	0.0	0.0	1.3568568229675293	0.3972606956958771	0.0	0.0	0.42906081676483154	1.3495453596115112	0.4612452983856201	0.0	1.3413078784942627	0.39298033714294434	0.26559221744537354	0.0	0.0	0.0	0.523122251033783
1.2177958488464355	0.45590290427207947	0.0	0.8423916697502136	0.0	0.0	2.5003042221069336	0.0	0.6709098815917969	0.0	0.0	0.0	0.39217033982276917	0.0	0.0	0.7624959349632263	0.3273259103298187	0.4547426700592041	0.6928159594535828	0.14743316173553467	0.5273221135139465	0.3787917494773865	0.0	0.5862457752227783	1.386906623840332	0.3102119266986847	0.0	0.0	0.0	0.39761513471603394	0.0	0.6558001637458801	0.0	0.0	0.0	0.9566146731376648	0.2948935329914093	0.7592486143112183	1.1850014925003052	0.6968744993209839	0.3047933876514435	0.6606251001358032	1.3653523921966553	0.0	0.0	0.0	0.35433247685432434	0.0	0.0	1.3850911855697632	0.36884263157844543	0.0	0.0	0.4835008978843689	1.3368635177612305	0.4415830671787262	0.0	1.3173296451568604	0.36322373151779175	0.28432416915893555	0.0	0.0	0.0	0.5035529136657715
1.2459478378295898	0.48288366198539734	0.0	0.8427075743675232	0.0	0.0	2.5102131366729736	0.0	0.65814608335495	0.0	0.0	0.0	0.41225019097328186	0.0	0.0	0.7884289026260376	0.3500305712223053	0.46742376685142517	0.6945018768310547	0.1251405030488968	0.5518169403076172	0.3870887756347656	0.0	0.5263949036598206	1.3825006484985352	0.31606197357177734	0.0	0.0	0.0	0.37330275774002075	0.0	0.6481869220733643	0.0	0.0	0.0	0.9137587547302246	0.22112531960010529	0.6768298149108887	1.1634032726287842	0.7380216121673584	0.2572929561138153	0.658115565776825	1.2889562845230103	0.0	0.0	0.0	0.36945265531539917	0.0	0.0	1.392101526260376	0.41656753420829773	0.0	0.0	0.4221954643726349	1.3113881349563599	0.4363173544406891	0.0	1.2837896347045898	0.3757123053073883	0.2891755700111389	0.0	0.0	0.0	0.5197756886482239
1.2144744396209717	0.4460412859916687	0.0	0.9626897573471069	0.0	0.0	2.475491523742676	0.0	0.6732100248336792	0.0	0.0	0.0	0.38345715403556824	0.0	0.0	0.7556034326553345	0.3357482850551605	0.45468220114707947	0.6696397662162781	0.1167713850736618	0.5382371544837952	0.37125861644744873	0.0	0.5882340669631958	1.3606250286102295	0.2898169457912445	0.0	0.0	0.0	0.43039512634277344	0.0	0.641086220741272	0.0	0.0	0.0	0.846507728099823	0.3023553192615509	0.7422129511833191	1.1707870960235596	0.7076613903045654	0.24905429780483246	0.6421253085136414	1.2902835607528687	0.0	0.0	0.0	0.3539928197860718	0.0	0.0	1.3204333782196045	0.3764028251171112	0.0	0.0	0.5028758645057678	1.3237732648849487	0.43516668677330017	0.0	1.2921477556228638	0.4090704023838043	0.2638184428215027	0.0	0.0	0.0	0.5371729731559753
