0.13952530920505524	0.0	0.0	1.095597743988037	0.0	0.4074816107749939	1.033629059791565	0.04771116375923157	4.671252727508545	0.34016475081443787	1.3491730690002441	2.0041043758392334	2.537087917327881	0.44969847798347473	0.048771828413009644	0.7929107546806335	0.11405836790800095	0.0	0.28212815523147583	0.12727726995944977	0.0	0.3870337903499603	0.9778881072998047	1.000454068183899	0.0	0.5309067368507385	1.270646333694458	0.0	0.0	1.7804721593856812	0.45329907536506653	0.28724026679992676	0.5414278507232666	0.1524447649717331	2.1802382469177246	0.09161102771759033	1.7487564086914062	1.7638956308364868	1.9350967407226562	1.5377418994903564	0.0	1.3859031200408936	0.3037274479866028	1.6519591808319092	0.0	0.0	0.5633077025413513	0.0	2.995650291442871	2.7333154678344727	1.5274900197982788	0.23620888590812683	0.4289811849594116	1.0035243034362793	1.1224161386489868	1.3544820547103882	1.115975260734558	0.024632509797811508	0.09223764389753342	0.12387222796678543	0.01986105926334858	1.2118542194366455	0.09353000670671463	0.4049851894378662
0.9206674695014954	0.09903017431497574	0.0	2.4001307487487793	0.0	1.967527151107788	1.241942286491394	0.0	3.7126123905181885	0.07848693430423737	2.732229471206665	1.6295627355575562	2.2459871768951416	2.989471912384033	0.5306310057640076	0.08552480489015579	0.6924004554748535	0.26599279046058655	0.09650615602731705	0.12378600984811783	1.5724924802780151	0.43929150700569153	0.0	0.19944781064987183	0.4655781090259552	1.3145205974578857	0.5124069452285767	0.0	0.0	0.35705119371414185	0.0	0.0	0.1852295845746994	0.6429917216300964	2.0368311405181885	1.3906251192092896	0.834252655506134	1.986511468887329	3.176117181777954	1.5309348106384277	0.0	1.4881103038787842	1.7128984928131104	0.2815224826335907	0.0	0.0	1.6310549974441528	0.0	1.8137887716293335	1.414534568786621	0.8176596164703369	1.9416536092758179	0.0	0.7560394406318665	0.7987743020057678	0.45182111859321594	1.4435020685195923	0.0	0.0	0.2942908704280853	0.0	1.8132928609848022	0.0	0.921667754650116
0.0	0.28996333479881287	2.957664966583252	1.5442613363265991	2.4670774936676025	1.2521617412567139	0.632452666759491	1.8025668859481812	0.0	0.9942690134048462	1.211071252822876	0.05441243574023247	0.0	2.41757869720459	0.18769803643226624	0.33113059401512146	0.0	0.0	2.3224868774414062	0.012952878139913082	1.843700885772705	1.6383346319198608	0.41804254055023193	0.17732316255569458	2.1491761207580566	2.0802643299102783	0.0	1.763722538948059	0.14069359004497528	3.4933886528015137	1.7652857303619385	0.0	1.1992359161376953	0.16254134476184845	0.0	0.8601798415184021	0.0	0.7155689597129822	0.5023195147514343	0.8748529553413391	3.183015823364258	0.6665653586387634	0.7887357473373413	0.0	1.780969500541687	0.0	0.0	2.678142547607422	1.6977555751800537	2.339590549468994	0.0	1.6436083316802979	0.3051096796989441	0.0	2.352205991744995	0.0	0.16380074620246887	0.03411167860031128	0.0	0.7900493741035461	0.9788103103637695	3.2247045040130615	0.6902593970298767	0.0
0.0	0.005629953928291798	0.0	1.7151490449905396	0.0	0.0	2.1901493072509766	0.3038009703159332	4.259383201599121	0.16812725365161896	0.34027165174484253	1.4508001804351807	2.8507776260375977	0.0	0.0	0.7948489785194397	0.0	0.39835014939308167	0.0	0.05229002237319946	0.0	0.46973007917404175	0.0	1.6999331712722778	0.0	0.4580591917037964	0.36998817324638367	0.0	0.0	1.646657109260559	0.0	0.331159383058548	0.35620221495628357	0.32868456840515137	2.2495648860931396	0.14456842839717865	2.2769174575805664	2.1036829948425293	2.1109275817871094	1.4271026849746704	0.10604669153690338	1.685309648513794	0.15706707537174225	1.2235350608825684	0.0	0.0	0.7825667262077332	0.0	2.5147504806518555	3.2627367973327637	1.2056597471237183	0.0	0.3695179522037506	1.4492396116256714	1.7547962665557861	0.9291189312934875	0.8952301144599915	0.0	0.03036509081721306	0.1433713585138321	0.0	0.6752644777297974	0.0	0.47602322697639465
0.2870193421840668	0.1692577600479126	2.485236406326294	0.8463415503501892	2.7836556434631348	2.727018117904663	0.5684433579444885	1.391015648841858	0.790050208568573	0.0	1.2595149278640747	0.4019468128681183	0.04642172530293465	3.7674508094787598	0.0	0.0	1.2709205150604248	0.0	1.4859834909439087	0.0	1.8052496910095215	0.7539690732955933	1.251271367073059	0.2428750991821289	0.8277689218521118	0.3688388168811798	1.9159495830535889	0.0	0.7277546525001526	0.22069013118743896	1.5902165174484253	0.0	0.8839335441589355	0.0	0.0	0.5134722590446472	0.0	0.06276941299438477	2.027344226837158	0.0618099682033062	0.690254271030426	0.4345141351222992	2.053661823272705	0.35250991582870483	1.7632120847702026	0.47948992252349854	0.5775008201599121	1.9158893823623657	0.1787380576133728	0.0	0.24780181050300598	2.548085927963257	1.5214205980300903	0.0	0.0	1.6635829210281372	1.1469264030456543	0.39068254828453064	0.9565573930740356	0.0	0.6971324682235718	4.040473937988281	1.306661605834961	0.5356640815734863
0.0	0.0	0.5171850919723511	0.7097729444503784	0.0	1.050067663192749	1.2389367818832397	0.0	3.078113317489624	0.0	0.86222904920578	0.9574499130249023	2.7268102169036865	0.21360382437705994	0.0	0.0	1.4715697765350342	0.0	0.2029961198568344	0.38724184036254883	1.5638772249221802	0.17105869948863983	0.0	0.0	0.66898512840271	1.227724552154541	0.9282122850418091	0.0	0.0	0.4324983060359955	0.0	0.0	0.16219548881053925	0.0	1.8500581979751587	0.05525446683168411	0.5715559720993042	2.2031495571136475	2.3876283168792725	0.9509738683700562	0.0	1.712050437927246	1.4332740306854248	1.2198565006256104	0.0	0.5436151027679443	1.6447244882583618	0.0	1.9894754886627197	1.4173060655593872	0.0	1.2175129652023315	0.31564849615097046	1.2481998205184937	1.6127634048461914	1.7528818845748901	0.8427276611328125	0.0	0.025262726470828056	0.0	0.0	2.3611838817596436	0.0	1.1391019821166992
0.0	0.0	1.1634490489959717	1.5736515522003174	0.6049274206161499	1.0405089855194092	0.33868247270584106	0.5483585000038147	3.8680219650268555	0.4885299801826477	1.4983829259872437	0.9431112408638	2.8548364639282227	1.8758916854858398	0.0	0.37160930037498474	1.6869888305664062	0.11266937851905823	0.0	0.6381015181541443	0.9663598537445068	0.7822834849357605	0.0	0.45835253596305847	0.6076757311820984	1.568588376045227	2.517354965209961	0.02806045114994049	0.0	1.420212745666504	0.4573908746242523	0.0	0.6155834794044495	0.4353218972682953	2.245347738265991	0.16774192452430725	0.17810383439064026	1.4963160753250122	2.949983835220337	1.316795825958252	0.02187778241932392	1.7278550863265991	1.1633833646774292	1.6188242435455322	0.34980422258377075	0.0	1.047461986541748	0.007170388009399176	2.6252007484436035	2.226323127746582	0.4440997838973999	1.5242071151733398	1.1052532196044922	0.5647094249725342	0.01787198893725872	2.1644248962402344	1.3239668607711792	0.25189638137817383	0.0	0.0	0.0	3.0790438652038574	0.7998218536376953	0.5166451930999756
0.0	0.0	0.0	0.7909323573112488	0.0	1.1149924993515015	1.7855682373046875	0.5701401829719543	4.357033729553223	0.3826534152030945	0.8521143198013306	1.8809460401535034	2.711130380630493	0.0	0.0	0.6358846426010132	0.574053168296814	0.0	0.0	0.4838036000728607	0.0	0.28702667355537415	0.0	2.018977403640747	0.0	0.8040038347244263	1.5083614587783813	0.18390171229839325	0.0	1.0810493230819702	0.5456907749176025	0.33926182985305786	1.2029308080673218	0.4977385103702545	2.511047840118408	0.36285778880119324	1.5262585878372192	1.4618643522262573	3.020007610321045	1.0093255043029785	0.06619635224342346	1.9108893871307373	1.126042366027832	1.9195269346237183	0.7982885241508484	0.0	0.6867257952690125	0.0	2.9659152030944824	3.1011860370635986	1.4121936559677124	0.47421181201934814	0.8244052529335022	0.49713194370269775	0.7658409476280212	1.3790562152862549	1.1088303327560425	1.000124216079712	0.63856041431427	0.22944921255111694	0.0	1.700605869293213	0.32861462235450745	0.8169771432876587
0.0	0.13017503917217255	0.0	0.7808458209037781	0.0	0.0	1.369757890701294	0.3336390554904938	4.566660404205322	0.319798082113266	0.48783454298973083	1.7373360395431519	2.4457876682281494	0.0	0.0	0.9311723113059998	0.0	0.0	0.0	0.013653108850121498	0.0	0.3571723401546478	0.8155297040939331	0.6472249031066895	0.0	0.4788690209388733	0.3381446897983551	0.0	0.0	1.51496160030365	0.17044483125209808	0.36718660593032837	0.3745766878128052	0.4411129951477051	2.3411481380462646	0.2757827639579773	2.200523614883423	2.0448386669158936	2.3755125999450684	1.393797755241394	0.0	1.346100091934204	0.3938691318035126	1.395086646080017	0.0	0.0	0.9644736647605896	0.0	2.7101175785064697	3.077355146408081	1.0989724397659302	0.0	0.0	1.3110660314559937	2.0357673168182373	0.966289222240448	1.0300675630569458	0.0	0.2982991933822632	0.0	0.0	0.7649843692779541	0.0	0.4781738817691803
0.7104001641273499	0.0	0.20256124436855316	1.6445306539535522	0.0	1.3584290742874146	0.037402957677841187	0.38207727670669556	3.994903802871704	0.0	2.55780291557312	1.932674765586853	1.612099051475525	2.8475427627563477	0.7781885266304016	0.6880825161933899	1.0502287149429321	0.0	0.0	0.17300190031528473	0.7266180515289307	0.67894047498703	0.0	1.0519026517868042	0.45722606778144836	1.2826471328735352	1.4311697483062744	0.5004859566688538	0.0	1.6433862447738647	0.8604683876037598	0.0	0.8983803391456604	0.0	1.6933302879333496	0.0	0.5065971612930298	1.7820217609405518	1.863156795501709	1.4803357124328613	0.0	0.7551470398902893	0.8978090286254883	0.6517151594161987	0.0	0.0	0.2595304250717163	0.0	3.050818920135498	2.6633081436157227	0.6182098984718323	1.7518653869628906	0.7743097543716431	0.923378050327301	0.44228342175483704	1.0794342756271362	1.0868600606918335	0.0	0.0	0.5539380311965942	0.0	3.306394100189209	0.3970113694667816	0.3767419755458832
1.007839322090149	0.0	2.6616404056549072	0.4605783224105835	3.0409445762634277	2.0426979064941406	1.945243000984192	0.8640996813774109	0.0	0.3675249516963959	0.0	0.0	0.0	3.0554299354553223	0.1254248470067978	0.0	1.7292197942733765	0.0	1.74188232421875	0.0	0.8858168125152588	0.5336388349533081	1.4959079027175903	0.12862370908260345	0.12786376476287842	0.22719891369342804	1.6410658359527588	0.0	1.2381278276443481	0.37637555599212646	0.0	0.7970884442329407	0.560116171836853	0.2934887409210205	0.0	0.7234067916870117	0.0	0.0	0.015670062974095345	0.2074194848537445	1.2470039129257202	0.0	1.054506778717041	0.8458707332611084	2.896571636199951	1.2532860040664673	0.0	1.548667550086975	0.0	0.0	0.5676615834236145	2.0669288635253906	1.9768115282058716	0.0	0.0	2.4042325019836426	0.29393085837364197	0.01274358294904232	2.6930105686187744	0.0	1.2945655584335327	1.925819754600525	0.8595647811889648	0.7182096242904663
0.30135267972946167	0.5295652747154236	3.4101052284240723	0.9864832758903503	2.9497885704040527	1.3325732946395874	0.48403456807136536	1.9411591291427612	0.005961513612419367	1.107710361480713	0.31729739904403687	0.3746870756149292	0.0	1.603832721710205	0.22221772372722626	0.5376939177513123	0.27353280782699585	0.0	2.64640212059021	0.0	1.1456270217895508	1.8961058855056763	0.41313719749450684	0.07664716243743896	2.4947640895843506	2.1759488582611084	0.5733414888381958	1.675042748451233	0.1565624475479126	3.5230629444122314	1.9801926612854004	0.33127713203430176	1.895125150680542	0.3737207055091858	0.0	0.11426102370023727	0.0	0.9624430537223816	0.44642406702041626	0.3985384702682495	3.3523597717285156	0.0	0.8470706939697266	0.0	1.9525325298309326	0.0	0.0	1.9562466144561768	1.7022476196289062	1.5929828882217407	0.025002220645546913	1.7495783567428589	0.6173306107521057	0.3136974275112152	2.2183003425598145	0.0	0.2112472802400589	0.11763311177492142	0.7522977590560913	0.0	1.2430123090744019	3.305053949356079	1.184853196144104	0.47241514921188354
1.0933717489242554	0.0	0.0	2.2137413024902344	0.0	1.7143489122390747	1.709170937538147	0.26644933223724365	4.03973913192749	0.0	2.9011929035186768	1.9067168235778809	3.0647759437561035	3.4999725818634033	0.8409969210624695	0.44232290983200073	0.9440560340881348	0.38012441992759705	0.0	0.1668020784854889	1.0420591831207275	0.5582068562507629	0.0	0.9414914846420288	0.09466336667537689	1.4422452449798584	1.3834000825881958	0.2269398421049118	0.0	0.8752617239952087	0.015072218142449856	0.0	0.0	0.3000355660915375	2.2359490394592285	0.7952144145965576	0.891998291015625	1.7658989429473877	2.8028485774993896	1.3336527347564697	0.0	1.2146555185317993	1.2274621725082397	0.715187132358551	0.054051414132118225	0.0	1.2758173942565918	0.0	2.015017032623291	1.440140724182129	1.0440750122070312	2.0408451557159424	0.655829668045044	0.8272498846054077	0.985199511051178	0.941419780254364	1.6462045907974243	0.0	0.08288897573947906	0.48206979036331177	0.0	2.08251953125	0.0	0.7204709649085999
0.0	0.10352636873722076	1.9769471883773804	2.004091501235962	1.4781365394592285	1.5885930061340332	1.4447970390319824	0.8057485222816467	1.5376440286636353	0.0	2.42720890045166	0.43821609020233154	1.3096380233764648	3.707571506500244	0.0	0.13385143876075745	1.5640400648117065	0.0	0.0	0.14903555810451508	1.8179067373275757	1.4277739524841309	0.0	0.13183198869228363	1.581556797027588	2.002983570098877	1.3845359086990356	0.9205204248428345	0.0	1.0658124685287476	0.4791337251663208	0.0	0.9547974467277527	0.34501883387565613	0.8081681728363037	1.0719830989837646	0.0	1.2336490154266357	2.895473003387451	0.5920858383178711	2.2714712619781494	0.9134454131126404	2.2680106163024902	0.09820546209812164	0.7003843784332275	0.0	1.4816207885742188	1.8355169296264648	1.439436435699463	0.8907527923583984	0.0	2.456859588623047	0.5932929515838623	0.0	0.9136807322502136	0.27779462933540344	1.1677407026290894	0.0	0.4466795027256012	0.4336060881614685	0.0	4.380982875823975	0.669126033782959	0.7291318774223328
0.1176292821764946	0.4418301582336426	3.3067896366119385	1.6573807001113892	2.8468730449676514	1.3842989206314087	0.0	1.81217622756958	0.0	0.8482166528701782	0.8897580504417419	0.2420419603586197	0.0	2.3641111850738525	0.35963186621665955	0.22100026905536652	0.0	0.0	2.1280486583709717	0.0	1.4816025495529175	2.1788198947906494	0.4299769997596741	0.0	2.6338493824005127	2.4155802726745605	0.19349412620067596	1.544355034828186	0.19793632626533508	3.627141237258911	1.7254581451416016	0.1613510251045227	1.362261414527893	0.23171159625053406	0.0	0.6063946485519409	0.0	0.6650984287261963	0.43305695056915283	0.5167016983032227	2.691985845565796	0.0	1.0898786783218384	0.0	1.9135162830352783	0.0	0.0	2.2423300743103027	1.870324969291687	0.6889585256576538	0.16367118060588837	1.8135874271392822	0.43295150995254517	0.024866517633199692	1.8602104187011719	0.0	0.23996593058109283	0.20104271173477173	0.057863254100084305	0.2721274495124817	1.1129920482635498	2.739717483520508	0.8064692616462708	0.14460046589374542
0.37783774733543396	0.0	0.0	1.4514551162719727	0.0	1.7573891878128052	1.3450169563293457	0.00674793403595686	4.439229965209961	0.0	2.110722541809082	2.03586745262146	2.570920467376709	1.5960190296173096	0.5399881601333618	0.24908125400543213	0.9509791135787964	0.0	0.0	0.0	0.6645872592926025	0.3788362145423889	0.0	0.19111192226409912	0.0	1.1372590065002441	1.4082744121551514	0.0	0.0	0.7705956101417542	0.0	0.0	0.26981207728385925	0.7598058581352234	2.282019853591919	0.7255033254623413	1.4153929948806763	1.7746446132659912	3.153184175491333	1.223145604133606	0.0	1.35895836353302	1.0473849773406982	0.7775987982749939	0.0	0.0	1.5556069612503052	0.0	2.523516893386841	1.6651936769485474	0.7721349596977234	1.0399104356765747	0.5227729678153992	1.0175195932388306	1.1805009841918945	0.9279022812843323	1.5962618589401245	0.0	0.0	0.0	0.0	2.3452389240264893	0.0	0.7501490116119385
0.4485079348087311	0.144447922706604	2.674431800842285	0.0	3.1760807037353516	1.4181040525436401	1.3318901062011719	0.9422503113746643	0.4645279049873352	1.5025944709777832	0.0	0.5877951979637146	0.09084708988666534	0.0	0.27517151832580566	0.3679538369178772	0.46150851249694824	0.0	2.1725943088531494	0.0	0.27216628193855286	0.6853623390197754	0.8010401725769043	0.18633319437503815	0.0	1.583565592765808	2.2503297328948975	1.118943214416504	0.1221829280257225	0.9524491429328918	1.8287605047225952	0.8815797567367554	2.031904458999634	0.10732238739728928	0.0	0.0	0.0	0.046845924109220505	0.0	0.0	2.4551703929901123	0.0	0.718158483505249	0.6681478023529053	2.113633155822754	1.9155420064926147	0.010223045013844967	1.3807907104492188	0.5099801421165466	1.7282401323318481	0.43788573145866394	0.6155046224594116	1.5615273714065552	0.0	2.1579864025115967	2.0853047370910645	0.11875323206186295	0.39029425382614136	1.8323380947113037	0.0	1.5577806234359741	2.7902615070343018	1.224775791168213	0.11558092385530472
0.752070963382721	0.5873183608055115	0.9776545763015747	1.9515373706817627	0.0	2.1134543418884277	0.7344169616699219	0.19446200132369995	3.030766725540161	0.0	2.7964577674865723	1.2090716361999512	2.313232183456421	2.6893999576568604	0.25550469756126404	0.0	1.0080280303955078	0.7450433969497681	0.0	0.3270895183086395	1.748293399810791	0.6516397595405579	0.0	0.8111138343811035	2.186727285385132	1.691266655921936	1.3339992761611938	0.5069167613983154	0.0	1.0595780611038208	0.0	0.0	0.034196190536022186	0.9350686073303223	1.8481963872909546	0.9726557731628418	0.8257855176925659	1.5460602045059204	4.071442127227783	0.7868407964706421	0.3835179805755615	1.3295639753341675	1.995166301727295	0.4309895634651184	0.0	0.0	1.8757115602493286	0.0806230828166008	1.6835975646972656	1.9575588703155518	0.39506426453590393	2.1285924911499023	0.603708028793335	0.8975940942764282	1.4056804180145264	0.49830350279808044	1.379822850227356	0.0	0.0	0.09536534547805786	0.0	2.9935152530670166	0.0	1.1170616149902344
0.0	0.0	0.2407776564359665	0.5538143515586853	0.0	0.2717522084712982	1.067049503326416	0.0	4.317494869232178	0.416942834854126	0.29576483368873596	1.4399961233139038	2.2734899520874023	0.0	0.0	1.2296185493469238	0.45521286129951477	0.0	0.9074895977973938	0.0	0.0	0.7550659775733948	0.8256734013557434	0.8121756315231323	0.0	0.19135035574436188	0.6859424114227295	0.1818901151418686	0.0	2.069061279296875	0.44972407817840576	0.2752462923526764	0.9790627956390381	0.19545462727546692	1.563813328742981	0.0	2.182055950164795	1.8825032711029053	1.9158000946044922	1.1365543603897095	0.0	1.0258350372314453	0.0	1.6804964542388916	0.0	0.0	0.07564475387334824	0.0	2.4722537994384766	2.98054838180542	0.6875770092010498	0.015770765021443367	1.4154961109161377	1.4817346334457397	2.0904548168182373	1.5396029949188232	0.38389551639556885	0.0	0.3613751232624054	0.0	0.0	1.3460217714309692	0.22890886664390564	0.3287123441696167
0.43959224224090576	0.29400843381881714	3.3382058143615723	1.1366087198257446	3.0454514026641846	1.2025398015975952	0.44167667627334595	1.8587350845336914	0.0	1.2324941158294678	0.19820955395698547	0.13719746470451355	0.0	1.7153340578079224	0.42724186182022095	0.32680603861808777	0.5194838047027588	0.0	2.8962292671203613	0.031329043209552765	1.0233410596847534	1.696932077407837	0.9446382522583008	0.0	2.13104510307312	2.358515501022339	0.19044484198093414	1.8081307411193848	0.34858739376068115	3.507293701171875	1.7416188716888428	0.6250539422035217	1.3823370933532715	0.28269556164741516	0.0	0.3541404902935028	0.02282177098095417	0.5442460775375366	0.0010926976101472974	0.3815738558769226	3.264885425567627	0.0	0.5463660955429077	0.0	2.4601526260375977	0.0	0.0	1.9225813150405884	1.745884656906128	1.5951820611953735	0.0	1.2423866987228394	0.6393894553184509	0.03423403948545456	2.3273661136627197	0.0	0.0	0.0	0.15678776800632477	0.36190974712371826	1.1778457164764404	1.9356690645217896	1.3442027568817139	0.13919159770011902
0.9198418855667114	0.0	2.9122400283813477	0.0	3.263352632522583	1.7949734926223755	2.1113038063049316	0.8682180047035217	0.0	1.2092362642288208	0.0	0.5847193002700806	0.0	0.0	0.6441249251365662	0.2696992754936218	0.0	0.0	2.607487201690674	0.0	0.6190629005432129	0.39915579557418823	1.449462652206421	0.0	0.0	1.1491448879241943	0.17265550792217255	0.7271940112113953	0.4551008939743042	0.5744816064834595	1.3876450061798096	0.9512715339660645	1.3325682878494263	0.12829121947288513	0.0	0.34778550267219543	0.11583755910396576	0.0	0.0	0.0	2.933974027633667	0.0	0.0	0.0	1.9969515800476074	2.010219097137451	0.0	1.9737749099731445	0.0	0.7215008735656738	0.2534588873386383	0.0	1.193861961364746	0.0	2.8511385917663574	0.41990530490875244	0.0	0.034880030900239944	2.8060240745544434	0.0	1.5361557006835938	1.4562841653823853	0.35766512155532837	0.24277861416339874
0.6614352464675903	0.4114496409893036	3.3192689418792725	0.8307172060012817	2.864837169647217	1.067609190940857	1.526153326034546	1.4725408554077148	0.0	1.0813789367675781	0.0	0.4245659112930298	0.0	0.5273355841636658	0.38922610878944397	0.8967123031616211	0.4298912584781647	0.12359732389450073	3.343376636505127	0.0	1.6218864917755127	1.3605246543884277	0.6677228808403015	0.0	2.0079307556152344	2.311505079269409	0.26277703046798706	1.8401621580123901	0.22895295917987823	2.9891467094421387	1.8854726552963257	0.47608333826065063	1.5945745706558228	0.3457135856151581	0.0	0.19868631660938263	0.0	1.3989336490631104	0.4538726806640625	0.36090004444122314	3.9583044052124023	0.9634965062141418	0.6426631808280945	0.0	2.0065269470214844	0.5960656404495239	0.0	2.1947734355926514	1.232653260231018	0.9984866380691528	0.0	0.5116795301437378	0.5806725025177002	0.1260945200920105	2.984771966934204	0.38565751910209656	0.0	0.5493009686470032	1.0418113470077515	0.0	1.2302501201629639	2.942253828048706	1.5182902812957764	0.2285374104976654
0.3041316270828247	0.0	0.7950753569602966	2.0902132987976074	0.0	1.313092589378357	1.7389280796051025	0.487356960773468	4.075151443481445	0.0	2.4218902587890625	1.587990641593933	2.350703001022339	2.8587870597839355	0.0827488824725151	0.4138840436935425	1.2856484651565552	0.0	0.0	0.2347179353237152	0.7445844411849976	1.0990935564041138	0.0	0.40516427159309387	0.4739379584789276	1.610530972480774	0.8332898616790771	0.991197943687439	0.0	1.7702096700668335	0.3716357946395874	0.0	0.5604038238525391	0.6629554033279419	2.6644866466522217	0.5293844938278198	0.9230697751045227	2.0995869636535645	3.125762939453125	1.072698950767517	0.9298276901245117	1.3795803785324097	1.3380733728408813	1.1244412660598755	0.0	0.0	1.7389373779296875	0.0	2.533806085586548	1.8919614553451538	0.6070994734764099	1.6111658811569214	0.8304333090782166	1.0162622928619385	1.7624460458755493	0.6485902667045593	1.4247305393218994	0.0	0.0	0.1782345324754715	0.0	3.2019622325897217	0.13562534749507904	0.5921768546104431
0.0	0.1475612372159958	0.6856363415718079	1.0257693529129028	0.0	0.0	1.7361891269683838	0.2815445065498352	4.478144645690918	0.20820648968219757	0.6971027851104736	1.3336632251739502	2.788357734680176	0.0	0.0	0.6043088436126709	0.23624520003795624	0.12081705778837204	0.28604254126548767	0.1910519301891327	0.0	0.4944188892841339	0.0	0.4591141641139984	0.0	0.6639615893363953	0.6527655124664307	0.2761478126049042	0.0	1.3939698934555054	0.0	0.27013495564460754	0.297191858291626	0.5724114179611206	2.534330368041992	0.4667530357837677	2.1619107723236084	2.298351287841797	2.8928561210632324	1.8342032432556152	0.0	1.4201334714889526	0.9698096513748169	1.2788474559783936	0.0	0.02232617326080799	1.5170764923095703	0.0	2.5963869094848633	2.651406764984131	0.6261132955551147	0.0	0.0	1.4595410823822021	2.047145128250122	1.1282747983932495	1.2912176847457886	0.0	0.11721853166818619	0.0	0.0	0.7812056541442871	0.011302032507956028	0.7593492865562439
0.0	0.0	0.34872931241989136	1.3496649265289307	0.03447764366865158	0.0	1.7633109092712402	0.6518197655677795	3.9980928897857666	0.3406318426132202	0.1396513432264328	1.4606049060821533	2.757568597793579	0.0	0.0	0.9036788940429688	0.31333431601524353	0.19285902380943298	0.0	0.0	0.0	0.42925605177879333	0.0	0.7969526052474976	0.0	0.9680265784263611	0.02445071190595627	0.24427305161952972	0.0	1.7306294441223145	0.0	0.2094864845275879	0.4798680543899536	0.6209202408790588	2.023681163787842	0.44473281502723694	2.040372133255005	2.1993465423583984	2.3627891540527344	1.1709433794021606	0.492961585521698	1.595434308052063	0.43894195556640625	1.2098488807678223	0.0	0.0	1.207243800163269	0.0	2.647291898727417	3.418525218963623	1.1690177917480469	0.0	0.0	1.1259819269180298	2.3325304985046387	0.6860488653182983	0.8478975296020508	0.0	0.061441462486982346	0.0	0.0	0.9327954053878784	0.0	0.6071248650550842
1.0042989253997803	0.19863760471343994	2.685474395751953	0.18679428100585938	3.4528727531433105	1.6723768711090088	2.374730348587036	0.7978490591049194	0.0	1.4278347492218018	0.0	0.49343255162239075	0.0	0.21443487703800201	0.8787734508514404	0.0	0.286205917596817	0.0	2.610515832901001	0.0	1.0202597379684448	0.14429861307144165	1.5537173748016357	0.0	1.1461483240127563	1.169729471206665	0.17249253392219543	0.0033730969298630953	0.6339635848999023	0.0321376770734787	1.1973687410354614	1.0894103050231934	0.9499128460884094	0.4538028836250305	0.0	0.5924558043479919	0.0	0.0	0.0	0.0	2.0140576362609863	0.0	0.0	0.0	2.0132405757904053	2.6051461696624756	0.0	2.1583871841430664	0.0	0.5682631134986877	0.2543587386608124	0.19733160734176636	1.240862488746643	0.0	2.300774097442627	0.5502947568893433	0.19657400250434875	0.10146224498748779	2.259591579437256	0.0	1.5630543231964111	1.0770304203033447	0.0	0.3028969168663025
0.3635927736759186	0.42903974652290344	2.871131420135498	0.5549793839454651	2.7934465408325195	1.885338306427002	1.564710259437561	0.9648627638816833	0.0	0.10122985392808914	0.7979705929756165	0.44349437952041626	0.0	3.325122833251953	0.4275156855583191	0.024953724816441536	1.1828433275222778	0.0	2.215116262435913	0.0	2.7512619495391846	0.4532995820045471	1.4387325048446655	0.0	1.5768144130706787	0.49641892313957214	0.8286015391349792	0.036365579813718796	0.7017959952354431	0.17617382109165192	0.943882942199707	0.04410771280527115	0.5016975402832031	0.20289203524589539	0.0	1.0787934064865112	0.0	0.6093387007713318	1.1399644613265991	0.017528485506772995	1.2153478860855103	0.0	1.8572574853897095	0.0	1.6497619152069092	1.2001867294311523	0.7243754267692566	2.7789764404296875	0.19055110216140747	0.0	0.0	2.5783965587615967	0.8710652589797974	0.0	0.22261837124824524	0.6746523380279541	1.2537410259246826	0.06047642603516579	1.0322825908660889	0.0	1.0439550876617432	3.0285873413085938	0.026019610464572906	0.5098928213119507
0.24861784279346466	0.04015420749783516	0.0	1.7573513984680176	0.0	0.9909290075302124	1.607149600982666	0.0	4.520947456359863	0.20170114934444427	1.415267825126648	1.47536039352417	2.667593479156494	1.3653074502944946	0.0	0.49423038959503174	0.7709442973136902	0.0	0.0	0.11717401444911957	0.0	0.15414287149906158	0.26863592863082886	0.7597841024398804	0.0	0.9069045782089233	1.813919186592102	0.0	0.0	0.5510995388031006	0.0	0.15770602226257324	0.36961039900779724	0.46134325861930847	2.4223849773406982	0.478805810213089	0.9048266410827637	1.4173963069915771	2.907973051071167	1.3882825374603271	0.0	1.661624550819397	1.138988733291626	1.6035345792770386	0.29537224769592285	0.0	0.5882374048233032	0.0	2.742377758026123	2.2447078227996826	1.3207162618637085	1.1258991956710815	1.4055345058441162	0.28155696392059326	0.22972819209098816	1.7486655712127686	1.2602179050445557	0.20732882618904114	0.5565001368522644	0.0	0.11071774363517761	1.2684520483016968	0.006574373226612806	0.6541110277175903
1.2065727710723877	0.08964865654706955	2.1518030166625977	0.0	3.14664363861084	1.6894484758377075	2.3505382537841797	0.3745017647743225	0.015927359461784363	1.1537177562713623	0.0	0.8119003176689148	0.0	0.0	0.7559946179389954	0.0	0.43507155776023865	0.0	2.1636269092559814	0.0	0.23788151144981384	0.0	1.7595380544662476	0.0	0.0	0.23694153130054474	0.9057583212852478	0.0	0.8525794148445129	0.0	1.163393259048462	1.1445896625518799	0.9299291372299194	0.5884610414505005	0.0	0.639532208442688	0.1143505796790123	0.0	0.7953531742095947	0.0	1.4120965003967285	0.09887931495904922	0.16348522901535034	0.09741389751434326	2.136343002319336	3.049377202987671	0.002253734739497304	1.8214448690414429	0.0	0.0	0.4682128131389618	0.0930844098329544	1.1653856039047241	0.0	1.1037583351135254	1.2415926456451416	0.2914358675479889	0.3166391849517822	2.69541335105896	0.0	1.700505018234253	0.6677737832069397	0.6030258536338806	0.9366078972816467
0.0	0.28589585423469543	2.9281997680664062	1.454980731010437	2.5863890647888184	1.2227766513824463	0.7312849760055542	1.547736406326294	0.0	0.7017478942871094	1.195833444595337	0.2145766019821167	0.0	2.839479446411133	0.36533281207084656	0.1310427188873291	0.782059907913208	0.0	2.336272954940796	0.033021390438079834	2.857961416244507	1.9889247417449951	1.1799509525299072	0.18227408826351166	2.7441093921661377	2.780817985534668	0.4675682783126831	1.5843983888626099	0.25310835242271423	2.680001735687256	1.5116297006607056	0.22561228275299072	1.2325613498687744	0.0	0.0	0.5297653079032898	0.0	0.6783167719841003	0.3828173577785492	0.5120323300361633	2.429225206375122	0.0	1.6011621952056885	0.0	1.7284698486328125	0.1307380646467209	0.4365873634815216	2.5505239963531494	1.5073411464691162	0.5247625708580017	0.0	2.1019744873046875	0.5900837779045105	0.17451517283916473	1.8142462968826294	0.09026897698640823	0.3976314961910248	0.0	0.0	0.07161835581064224	0.9823970794677734	3.7947213649749756	0.38112160563468933	0.12286391854286194
1.0352445840835571	0.040808871388435364	0.0070809368044137955	2.070669651031494	0.0	1.2268646955490112	1.047014594078064	0.0	4.228043079376221	0.07697678357362747	2.9456732273101807	1.7269232273101807	2.7196199893951416	3.2335264682769775	0.8753830194473267	0.47188621759414673	0.32391345500946045	0.0	0.0	0.1734214872121811	1.386087417602539	0.6990979909896851	0.0	0.2368311583995819	0.18058012425899506	2.1095235347747803	1.3964260816574097	0.08159786462783813	0.0	1.067074179649353	0.2686920464038849	0.0	0.0	0.4564017951488495	2.0429861545562744	0.6710980534553528	0.9375050067901611	1.8958888053894043	3.0001635551452637	1.219115138053894	0.0	1.3886030912399292	1.2646610736846924	0.817142903804779	0.0	0.0	1.3129369020462036	0.0	2.0582001209259033	0.913850724697113	0.5662492513656616	1.9852036237716675	0.6611317992210388	1.1016886234283447	1.594476342201233	0.5357682704925537	1.3545281887054443	0.0	0.3055435121059418	0.47226008772850037	0.0	2.4328064918518066	0.0	0.7053439617156982
0.3306516706943512	0.29796871542930603	2.7389369010925293	0.80391925573349	2.6307621002197266	2.0061326026916504	1.8099251985549927	1.10120689868927	0.0	0.0	1.1947059631347656	0.36662450432777405	0.06279967725276947	3.8897762298583984	0.10694874078035355	0.0	2.590203046798706	0.0	1.9817339181900024	0.0	2.837632656097412	0.5341633558273315	0.8214266896247864	0.0	1.8874540328979492	0.5820222496986389	1.0063551664352417	0.4775960445404053	0.5400184988975525	0.17468143999576569	1.0941277742385864	0.0	0.6941127181053162	0.0	0.0	0.7491214871406555	0.0	0.0	0.875500500202179	0.1758633404970169	1.740020513534546	0.0	2.3606162071228027	0.0	1.617844820022583	0.8630051016807556	0.5329351425170898	2.97994327545166	0.038208719342947006	0.0	0.0	2.444086790084839	0.7786145210266113	0.0	0.4926120638847351	0.8426186442375183	0.8172819018363953	0.0	0.9685685038566589	0.3777537941932678	0.970740020275116	3.404494524002075	0.8170689344406128	0.21959856152534485
0.017165062949061394	0.6127141714096069	3.229538917541504	1.4320234060287476	2.998047113418579	1.123691439628601	0.698476254940033	1.8798675537109375	0.0	0.7553980350494385	0.7182254195213318	0.09106334298849106	0.0	1.7442975044250488	0.0	0.13402964174747467	0.18301762640476227	0.08109279721975327	2.375929355621338	0.0	1.831112027168274	2.1246373653411865	0.15218235552310944	0.043425023555755615	2.9429144859313965	2.5699989795684814	0.0	1.6491267681121826	0.11170387268066406	3.331122636795044	1.7912861108779907	0.2346799671649933	1.240188717842102	0.036957234144210815	0.0	0.5512499809265137	0.01251195464283228	1.0956953763961792	0.2753271758556366	0.6008685231208801	2.8671658039093018	0.10787072777748108	1.235425591468811	0.0	1.9268155097961426	0.0	0.0	2.3473992347717285	1.5419968366622925	1.308301568031311	0.06343939900398254	1.2643773555755615	0.2868548631668091	0.33780571818351746	2.6288275718688965	0.0	0.056241724640131	0.0	0.2235860377550125	0.3294636607170105	1.0210795402526855	3.3774044513702393	0.9429240226745605	0.02799498848617077
0.9605615139007568	0.0	0.0	1.9797413349151611	0.0	1.9396162033081055	1.578108787536621	0.0	4.083013534545898	0.0	2.700042963027954	1.7726956605911255	2.6920957565307617	2.6219418048858643	0.5677192211151123	0.30907928943634033	0.7582148313522339	0.0	0.0	0.17936649918556213	1.177182674407959	0.41378217935562134	0.0	0.4035584628582001	0.3472176790237427	1.3078255653381348	0.9691738486289978	0.0	0.0	0.47878092527389526	0.0	0.02557573840022087	0.0	0.08274772763252258	2.156273126602173	0.5117339491844177	1.040607213973999	1.6467832326889038	2.6773133277893066	1.1764605045318604	0.0	1.3556560277938843	0.8577788472175598	0.7760859727859497	0.0	0.0	1.1453286409378052	0.0	2.3853559494018555	1.274356722831726	0.8297929763793945	1.92996346950531	0.31472834944725037	0.9521582126617432	0.3923332989215851	0.9457955956459045	1.4515254497528076	0.0	0.5660070180892944	0.37391021847724915	0.0	1.6575746536254883	0.0	0.7292924523353577
1.1847021579742432	0.12110710144042969	0.0	2.459852457046509	0.0	1.7026265859603882	0.7386801838874817	0.0	3.934013605117798	0.0	2.9773828983306885	1.6468361616134644	2.7088842391967773	3.4317119121551514	1.1293388605117798	0.0	0.8224748373031616	0.3215514123439789	0.11086726933717728	0.02944096364080906	1.5376062393188477	0.26117756962776184	0.0	0.0	1.0143812894821167	1.4740113019943237	1.1174029111862183	0.00622321292757988	0.0	0.8209486603736877	0.0	0.0	0.0	0.5628572106361389	2.0026588439941406	1.254563808441162	0.3716575801372528	1.6823656558990479	2.519552707672119	1.091666340827942	0.0	1.0670249462127686	1.3971471786499023	0.30832746624946594	0.0	0.0	1.5842849016189575	0.0	1.5255405902862549	1.7325140237808228	0.46741968393325806	2.170074462890625	0.0	0.7900622487068176	1.0802695751190186	0.5020788908004761	1.7144240140914917	0.0	0.0	0.4149458408355713	0.0	1.7942771911621094	0.0	0.8593114614486694
0.6351087689399719	0.31301355361938477	2.475283145904541	0.0	2.9941749572753906	0.9490922093391418	1.241928219795227	1.2361254692077637	0.7152302265167236	1.5151304006576538	0.0	0.7319517731666565	0.02998451329767704	0.0	0.05656755343079567	0.848800003528595	0.0	0.0	1.7332110404968262	0.0	0.0	1.034339427947998	0.49555784463882446	1.2825398445129395	0.0	2.20768404006958	1.6891491413116455	1.1290388107299805	0.27997416257858276	1.6069599390029907	1.8855807781219482	0.9167177677154541	2.1594078540802	0.7238904237747192	0.0	0.19430558383464813	0.31104952096939087	0.22679804265499115	1.6303467750549316	0.1751789003610611	2.9155871868133545	1.0072319507598877	0.022134047001600266	0.5330365896224976	1.9870201349258423	1.248916506767273	0.0	1.4387470483779907	1.2702840566635132	1.6956989765167236	0.0857902392745018	0.0	1.3544728755950928	0.0	2.68674898147583	0.7505772113800049	0.0	0.91623854637146	1.2278592586517334	0.0	1.5919350385665894	2.2390246391296387	1.686269760131836	0.43994173407554626
0.7048132419586182	0.17101149260997772	2.0487887859344482	0.0	1.9779480695724487	1.6828045845031738	0.0	1.2074670791625977	1.358708143234253	0.3856227993965149	0.0	0.753405749797821	0.23996947705745697	0.3221307396888733	0.19822528958320618	0.592325747013092	0.06607122719287872	0.0	1.9508397579193115	0.15700691938400269	0.0	0.3283784091472626	1.3538228273391724	0.6382490396499634	0.0	0.9051917195320129	2.7321252822875977	0.35155513882637024	0.40976694226264954	1.7933303117752075	2.0544447898864746	1.0500580072402954	1.552015781402588	0.03809734806418419	0.0	0.0	0.0	0.047542277723550797	0.0	0.46915996074676514	1.0969350337982178	0.0	0.625726580619812	1.3330919742584229	2.319216251373291	0.5103657245635986	0.0	0.6204417943954468	1.6063696146011353	0.9116829633712769	0.8081040978431702	1.1583257913589478	1.6912966966629028	0.0	0.05296099931001663	2.559631109237671	0.17092286050319672	1.1671193838119507	1.8913308382034302	0.0	1.6237677335739136	2.6678383350372314	2.0353047847747803	0.3677261471748352
1.2530854940414429	0.09343678504228592	2.407916784286499	0.0	2.9609103202819824	1.2956621646881104	1.5954482555389404	0.5246844291687012	0.7411144971847534	1.0832349061965942	0.0	0.6735695004463196	0.0	0.0	0.9752073287963867	0.04473097622394562	0.0	0.0	2.517261028289795	0.0	0.0	0.0	1.6032980680465698	0.0	0.0	0.7395960092544556	0.4949100911617279	0.0	0.565912663936615	0.0	1.498250961303711	1.467497706413269	1.400378704071045	0.5643787980079651	0.0	0.4130427837371826	0.18169058859348297	0.0	0.13174162805080414	0.0	1.5439449548721313	0.0	0.0	0.0	2.131676197052002	2.3602399826049805	0.0	1.4767746925354004	0.0	0.3244072496891022	0.24561426043510437	0.0	1.0092239379882812	0.0	2.126664400100708	0.9440615177154541	0.22179849445819855	0.23772889375686646	2.096649646759033	0.0	1.6440329551696777	0.6504319310188293	0.4250362515449524	0.5523322820663452
0.17718259990215302	0.20915986597537994	3.063173294067383	1.6382598876953125	3.0951268672943115	1.6442720890045166	0.8268166780471802	1.1612536907196045	0.0	0.6241716146469116	1.2348788976669312	0.14264799654483795	0.0	2.8116798400878906	0.74919593334198	0.09588724374771118	0.4480513334274292	0.36001652479171753	2.8071491718292236	0.04289039596915245	2.5411250591278076	1.816910982131958	0.7735232710838318	0.0	2.503941535949707	1.7354766130447388	0.0	1.2357609272003174	0.3151489198207855	2.567798137664795	0.7913097143173218	0.0	0.6635090112686157	0.0	0.0	1.0640348196029663	0.0	0.4263966679573059	2.3150274753570557	0.48363181948661804	2.602867364883423	0.15586458146572113	1.5114320516586304	0.0	1.4616962671279907	0.4405510127544403	0.45728108286857605	2.7987828254699707	0.9245920777320862	0.26505255699157715	0.0	2.9928667545318604	0.31702080368995667	0.0	1.7960643768310547	0.0	0.4995228350162506	0.0	0.2932027578353882	0.3420277535915375	0.8057736754417419	3.6847057342529297	0.0	0.07836008071899414
0.9051470756530762	0.0	2.8578763008117676	0.159285768866539	3.652086019515991	1.5295755863189697	1.7203924655914307	1.4421629905700684	0.0	1.7560138702392578	0.0	0.2099871039390564	0.0	0.0	0.527005136013031	0.42555439472198486	0.043419551104307175	0.09651820361614227	2.9576406478881836	0.06558486819267273	0.3213914632797241	1.315726637840271	1.187396764755249	1.097928762435913	0.055328693240880966	2.260175943374634	0.0	1.0223242044448853	0.4869723618030548	2.779956579208374	1.8176772594451904	0.9839217662811279	1.2584824562072754	0.7665054202079773	0.17891916632652283	0.749799370765686	0.11305782198905945	0.8268614411354065	0.7585992217063904	0.0	4.1388421058654785	0.6238834857940674	0.0	0.0	2.129814863204956	1.364593267440796	0.0	2.014896869659424	1.1234135627746582	2.0231001377105713	0.0927979052066803	0.6959694623947144	0.6504817605018616	0.0	2.7579877376556396	0.3194105625152588	0.0	0.3340872526168823	1.172719120979309	0.0	1.2831469774246216	0.9996988773345947	1.2128125429153442	0.12781673669815063
0.4004553258419037	0.028149951249361038	3.3543004989624023	0.6629612445831299	3.1409378051757812	1.4506696462631226	1.2827941179275513	1.746769905090332	0.0	0.9954816699028015	0.0	0.4135148525238037	0.0	0.7376561760902405	0.4156748950481415	0.21810129284858704	0.12532147765159607	0.1668141484260559	2.5023844242095947	0.12783895432949066	0.8788509964942932	2.0529301166534424	0.6724098920822144	0.531005322933197	1.5877346992492676	2.2266571521759033	0.0	1.670863389968872	0.3204468786716461	2.8652126789093018	1.7178281545639038	0.6022531986236572	1.3197964429855347	0.3296288847923279	0.0	0.3486328721046448	0.0	1.3803364038467407	0.0	0.16182145476341248	4.204000473022461	0.11067459732294083	1.0373071432113647	0.0	2.1240975856781006	0.2650927007198334	0.0	2.312312364578247	1.278058648109436	1.268174648284912	0.0	1.0367258787155151	0.6520008444786072	0.0	2.4595787525177	0.0	0.0	0.08764390647411346	0.4413021206855774	0.16351087391376495	1.2809964418411255	2.0816335678100586	0.7528707385063171	0.11761054396629333
0.5815967917442322	0.4502156972885132	2.8687539100646973	1.0805010795593262	2.810631513595581	1.8720755577087402	1.0416370630264282	1.318141222000122	0.0	0.07781314849853516	1.0939279794692993	0.7193402647972107	0.0	3.6289620399475098	0.45457351207733154	0.0	1.1529873609542847	0.0029467211570590734	2.196485757827759	0.0	2.7676632404327393	1.332747459411621	1.0767589807510376	0.0	2.2909152507781982	0.9448583126068115	0.8111954927444458	0.628525972366333	0.5993555188179016	0.7315059900283813	1.3920650482177734	0.037595074623823166	0.8288890719413757	0.0565812848508358	0.0	0.9746525287628174	0.0	0.2399977296590805	1.152428388595581	0.24669542908668518	1.7897391319274902	0.0	1.653620958328247	0.0	1.7459079027175903	0.2715965211391449	0.4461286664009094	2.7708771228790283	0.4544827938079834	0.0	0.0	2.649585485458374	0.7886274456977844	0.0	0.1596587598323822	0.3314932584762573	1.070741891860962	0.0	0.665049135684967	0.22881697118282318	1.207450032234192	2.881150484085083	0.38505738973617554	0.6881205439567566
0.49953192472457886	0.038419123739004135	3.275934934616089	0.20326831936836243	3.4300880432128906	1.441743016242981	2.468313455581665	1.4481070041656494	0.0	1.1582587957382202	0.0	0.21736785769462585	0.0	1.121396541595459	0.27320846915245056	0.0	0.8373469114303589	0.07002167403697968	2.9714303016662598	0.03395184874534607	1.2770328521728516	1.479891300201416	0.750795304775238	0.5542241334915161	1.3942564725875854	1.807859182357788	0.023057488724589348	1.4660671949386597	0.38258588314056396	1.9190367460250854	1.6376614570617676	0.4010876417160034	1.396559715270996	0.217350572347641	0.0	0.16497881710529327	0.0	0.7064377665519714	0.48519983887672424	0.05290786921977997	3.8737945556640625	0.3162917196750641	0.9722213745117188	0.0	2.0041868686676025	1.5201877355575562	0.0	2.161674976348877	0.8967016339302063	0.9178943037986755	0.0	1.8830859661102295	0.8151260018348694	0.0	2.9965145587921143	0.00631747068837285	0.0	0.46825525164604187	1.8657548427581787	0.0	1.2436766624450684	2.534993886947632	0.7152636647224426	0.07076002657413483
0.22571337223052979	0.0	0.0	1.3885425329208374	0.0	0.18271362781524658	1.6105574369430542	0.22879908978939056	4.962388038635254	0.37325388193130493	1.4226696491241455	1.9917840957641602	2.6970102787017822	0.3187033534049988	0.0026424883399158716	0.6643050909042358	0.4251663386821747	0.0	0.0	0.16868939995765686	0.0	0.5531689524650574	0.0	0.8496781587600708	0.0	0.7451448440551758	0.5627526044845581	0.0	0.0	1.6293728351593018	0.05922215059399605	0.2876092195510864	0.1966274231672287	0.3541211187839508	2.3327860832214355	0.34411105513572693	1.959351658821106	1.9712423086166382	2.47664213180542	1.2595384120941162	0.0	1.3552029132843018	0.5712170600891113	1.2477234601974487	0.0	0.0	0.8945150971412659	0.0	2.6071062088012695	2.717399835586548	1.3248409032821655	0.012624367140233517	0.117282934486866	1.1309407949447632	1.7712173461914062	0.9979166388511658	1.168077826499939	0.0	0.2796911597251892	0.11025108397006989	0.0	0.9049255847930908	0.0	0.46709370613098145
0.8098310232162476	0.0	0.0	1.8416858911514282	0.0	1.2322062253952026	1.6038622856140137	0.0	4.616393089294434	0.036734070628881454	2.2273921966552734	2.36779522895813	2.633115291595459	1.9568836688995361	0.8794286251068115	0.5857135653495789	0.4327617287635803	0.0330640971660614	0.28379279375076294	0.008533593267202377	0.5777602791786194	0.3801631033420563	0.46554049849510193	1.8373384475708008	0.0	1.1949467658996582	1.0790964365005493	0.0	0.0	0.620739221572876	0.0	0.11209721863269806	0.0	0.43765881657600403	2.160337448120117	0.644676685333252	1.5045053958892822	1.8971564769744873	2.6908152103424072	1.3120712041854858	0.0	1.2293291091918945	0.6525623798370361	0.769418478012085	0.0	0.0	1.0685780048370361	0.0	2.4284706115722656	2.196256637573242	1.1169276237487793	1.3074359893798828	0.0	0.867872953414917	1.1033780574798584	0.7790122032165527	1.5240612030029297	0.0	0.116998590528965	0.46816444396972656	0.0	1.1618670225143433	0.0	0.671675980091095
0.4234558641910553	0.0	0.3860345780849457	2.018738269805908	0.0	1.8324193954467773	2.160065174102783	0.0	3.4713783264160156	0.0	1.7724055051803589	1.6171214580535889	2.8850393295288086	2.1277174949645996	0.15355871617794037	0.4836016297340393	0.7383543252944946	0.21871431171894073	0.0	0.06497684121131897	1.0212286710739136	0.7252960801124573	0.0	0.7860216498374939	0.3741827607154846	1.4777957201004028	0.9997954964637756	0.0	0.0	0.7960506677627563	0.0	0.0	0.0	0.02675083465874195	1.7492079734802246	0.31619054079055786	0.9505490064620972	2.150399923324585	2.661810874938965	0.9740220308303833	0.0	1.2682205438613892	0.9039757251739502	0.8815830945968628	0.0	0.0	1.3825217485427856	0.0	2.415971279144287	2.3388497829437256	0.7858343720436096	2.126328229904175	0.5900266766548157	1.1881107091903687	1.648950219154358	1.2771692276000977	1.1727927923202515	0.0	0.0	0.1925020068883896	0.0	1.6643424034118652	0.0	0.45864877104759216
0.6324289441108704	0.0	3.1615278720855713	0.5320795774459839	3.238539457321167	1.5734843015670776	1.2393838167190552	1.6161446571350098	0.23984293639659882	1.1684160232543945	0.0	0.1798781454563141	0.0	0.47096487879753113	0.43889474868774414	0.38593989610671997	0.47771668434143066	0.04086622595787048	2.9495742321014404	0.0	0.793941080570221	2.115126848220825	0.7580426931381226	1.013577938079834	1.2379471063613892	2.8315269947052	0.9001420736312866	1.8452231884002686	0.3577938675880432	2.6314127445220947	1.8253153562545776	0.5584312677383423	1.7553277015686035	0.559977114200592	0.7549690008163452	0.3270069360733032	0.0	1.1189850568771362	0.05202466994524002	0.2480749785900116	4.173677921295166	0.21858686208724976	1.1541121006011963	0.0	2.146911382675171	0.9417704939842224	0.6628879308700562	2.1323039531707764	1.652775764465332	1.2806462049484253	0.0	1.3215796947479248	0.6790305972099304	0.0	2.836458206176758	0.6259543299674988	0.6952792406082153	0.8166020512580872	0.8978692889213562	0.0	1.057029366493225	2.6956048011779785	1.1210362911224365	0.15811248123645782
0.6941865086555481	0.0	0.7571675777435303	2.2811696529388428	0.3463003635406494	1.111536979675293	1.35670804977417	0.49520766735076904	4.029024600982666	0.0022033262066543102	2.7331762313842773	0.7814853191375732	2.978818655014038	3.832367420196533	0.08088500052690506	0.3924466669559479	1.9292628765106201	0.22944395244121552	0.0	0.3140917420387268	0.6488800048828125	0.8230001330375671	0.0	1.2391103506088257	0.09440799802541733	1.4454271793365479	1.2033369541168213	0.28784269094467163	0.0	0.5069030523300171	0.3305540084838867	0.0	0.4087565839290619	0.6477375030517578	2.2162086963653564	1.0450574159622192	0.0	1.9627790451049805	3.2480340003967285	1.1041396856307983	1.0373480319976807	1.3889639377593994	1.9949363470077515	0.5880823731422424	0.0	0.0	1.871465802192688	0.0	2.0268712043762207	0.7881461977958679	0.47239038348197937	2.3857264518737793	0.36545252799987793	0.23455074429512024	0.70627361536026	0.9883689880371094	1.5446410179138184	0.0	0.0	0.7453990578651428	0.167815700173378	2.9160361289978027	0.07337712496519089	0.8965797424316406
1.1169712543487549	0.10744881629943848	0.0	2.274038791656494	0.27340978384017944	1.3251583576202393	0.8359379768371582	0.3008663058280945	3.6993236541748047	0.03631121292710304	2.8376283645629883	1.842113971710205	2.252744436264038	2.825488328933716	0.7876713871955872	0.18767687678337097	0.6784958243370056	0.12045541405677795	0.0	0.12196589261293411	1.320219874382019	0.5253429412841797	0.0	0.32450148463249207	0.2682180106639862	1.940926194190979	0.36658376455307007	0.1042311042547226	0.0	0.680750846862793	0.0	0.0	0.029962243512272835	0.9962959289550781	2.05810546875	0.9566233158111572	0.8563023209571838	2.1540579795837402	2.784797191619873	1.272814154624939	0.0	1.2148914337158203	1.1241823434829712	0.5499756336212158	0.0	0.0	1.484545350074768	0.11058162152767181	2.3279006481170654	1.6704673767089844	0.9180700182914734	1.8040250539779663	0.6549723148345947	1.0468602180480957	1.1622788906097412	0.41125890612602234	1.4350773096084595	0.0	0.0	0.7224161028862	0.0	1.9534738063812256	0.0	1.0664607286453247
0.5206859707832336	0.0	0.008485558442771435	0.0	0.3614407777786255	1.523224949836731	0.9721692800521851	0.0	3.755326747894287	1.0869373083114624	0.40665897727012634	1.0683658123016357	1.7805064916610718	0.012399076484143734	0.0	0.03768489882349968	1.5651694536209106	0.0	0.5494070649147034	0.42075520753860474	0.2003418356180191	0.07734964787960052	0.0	0.6236710548400879	0.0	1.382222056388855	2.7692201137542725	0.0	0.5662124156951904	0.0	0.11494704335927963	0.6730096936225891	1.1894943714141846	0.4825359880924225	2.1727991104125977	1.276877760887146	0.0	0.9946684241294861	3.156796932220459	0.92021644115448	0.0	2.1469647884368896	1.9220532178878784	1.8030767440795898	1.4350593090057373	0.7296668887138367	0.8237079977989197	0.0	2.084031105041504	1.4137928485870361	0.5274128913879395	0.8255763053894043	1.3939875364303589	0.0	0.0	2.469820737838745	0.9300480484962463	1.3387997150421143	0.9062591791152954	0.0	0.23385123908519745	3.1279213428497314	1.1141886711120605	1.2910480499267578
1.031896710395813	0.12872397899627686	2.6323795318603516	0.0	3.265838861465454	1.3831168413162231	1.8515994548797607	0.7887464761734009	0.0	1.438641905784607	0.0	0.5058957934379578	0.0	0.0	0.7222468852996826	0.0	1.1745109558105469	0.0	2.811225414276123	0.0	0.3559785783290863	0.24697525799274445	1.183946132659912	0.5525925159454346	0.0	1.118524193763733	0.4547064006328583	0.5925775170326233	0.41236215829849243	0.5740706920623779	1.4692280292510986	1.0480674505233765	1.5518358945846558	0.3872985541820526	0.0	0.20048561692237854	0.19056758284568787	0.0	0.07604915648698807	0.0	3.039987325668335	0.0	0.0	0.0	2.0730559825897217	2.324280261993408	0.0	1.8968751430511475	0.29056456685066223	0.47440531849861145	0.2305750697851181	0.0	1.14505934715271	0.0	2.8947548866271973	0.8966568112373352	0.009228399023413658	0.13965418934822083	2.04126238822937	0.0	1.59553062915802	1.132343053817749	0.16034838557243347	0.24790515005588531
0.8870847821235657	0.0	0.16920824348926544	2.080888509750366	0.03581969067454338	2.5876569747924805	0.8709028959274292	0.012081054039299488	3.8970184326171875	0.03518562763929367	2.9710161685943604	1.70756995677948	2.5838088989257812	3.6613314151763916	0.4250347912311554	0.05808524787425995	1.2398279905319214	0.0	0.0	0.3732994794845581	1.2592806816101074	0.5979145169258118	0.049158789217472076	0.17475073039531708	0.14383822679519653	1.7097982168197632	1.0557924509048462	0.0	0.0	0.921765923500061	0.0	0.0	0.0	0.514604389667511	1.9014182090759277	1.1645935773849487	0.38138681650161743	1.7121292352676392	3.0682055950164795	1.089833378791809	0.0	1.0263077020645142	1.7140145301818848	0.904559314250946	0.0875987559556961	0.0	1.3733160495758057	0.0	1.7711634635925293	1.104860544204712	0.7935070395469666	2.6799819469451904	0.8596135377883911	0.09073041379451752	0.823536217212677	0.6888141632080078	1.3364149332046509	0.0	0.0	0.6996259689331055	0.0	2.424891471862793	0.07909246534109116	0.9372954964637756
0.2808534502983093	0.025045372545719147	0.0	1.5017131567001343	0.0	1.2219970226287842	1.4154032468795776	0.0	4.812830448150635	0.17316344380378723	2.2342536449432373	2.1593375205993652	2.8518905639648438	1.7238000631332397	0.7431923747062683	0.641442060470581	0.4501252770423889	0.0	0.0	0.1938510537147522	0.09591928124427795	0.08768001198768616	0.0	0.7627682685852051	0.0	0.949585497379303	1.5092231035232544	0.0	0.0	0.579039990901947	0.0	0.0	0.0	0.34140053391456604	2.316303014755249	0.6871278882026672	1.442458987236023	1.651943325996399	2.8964927196502686	1.25216543674469	0.0	1.5032107830047607	0.9609351754188538	0.7387091517448425	0.0	0.0	1.1420955657958984	0.0	2.647799491882324	2.256328582763672	1.0437383651733398	1.3869482278823853	0.0282252486795187	0.6626964807510376	0.9360587000846863	1.1384649276733398	1.6708884239196777	0.0	0.0	0.2909395098686218	0.0	1.6430696249008179	0.0	0.856476902961731
1.466754674911499	0.13306675851345062	2.0488171577453613	0.0	2.894368886947632	1.4938642978668213	0.8489478826522827	0.1868806779384613	0.0	0.22964639961719513	0.0	0.922671377658844	0.0	0.0	1.135909914970398	0.0	0.0	0.0	2.0891213417053223	0.0	0.10537335276603699	0.0	1.897194504737854	0.0	0.0	0.0	0.5161466002464294	0.0	0.8225902915000916	0.0	0.808027446269989	1.381705641746521	0.8042906522750854	0.40133634209632874	0.0	0.4704332947731018	0.2645575702190399	0.0	0.0	0.0	0.0	0.0	0.3011114001274109	0.0	1.9354214668273926	1.6782845258712769	0.0	1.3727420568466187	0.0	0.0	0.4998575448989868	0.0	1.18308424949646	0.0	0.3945542871952057	0.8704134821891785	0.0	0.0	1.2009150981903076	0.0	1.5798999071121216	0.043135110288858414	0.0	0.8250828981399536
0.3191123604774475	0.33290284872055054	2.533982038497925	1.0545198917388916	2.199445962905884	1.8900355100631714	0.7323794364929199	1.2568812370300293	0.26293087005615234	0.0	1.4876419305801392	0.20928774774074554	0.0	4.178617000579834	0.0	0.0	1.5653184652328491	0.0	1.5055257081985474	0.0	2.5296874046325684	1.0756586790084839	0.47403180599212646	0.0	2.147657632827759	0.44682881236076355	1.1143110990524292	0.2720988988876343	0.4813796579837799	0.2906093895435333	1.0350419282913208	0.0	0.81114661693573	0.17910800874233246	0.0	1.0936894416809082	0.0	0.27612951397895813	1.6744076013565063	0.35245630145072937	1.168364405632019	0.0	2.6823253631591797	0.0	1.4151588678359985	0.2108050286769867	0.49459850788116455	2.7459020614624023	0.2204531580209732	0.0	0.0	2.586639165878296	0.6563311219215393	0.0	0.0	0.5606732964515686	0.9424653649330139	0.0	0.5379729270935059	0.2725399136543274	0.630329430103302	4.476076126098633	0.5086298584938049	0.5912326574325562
1.030032753944397	0.0	0.0	2.507239818572998	0.0	1.5771253108978271	1.3622184991836548	0.0	4.513149261474609	0.05845654010772705	2.648684024810791	2.1296138763427734	2.6040806770324707	2.7545571327209473	0.7308557033538818	0.3243676722049713	0.460450142621994	0.0	0.14794880151748657	0.0994766354560852	0.5562835335731506	0.3192698657512665	0.0	0.5474562048912048	0.0	1.078782081604004	0.8647041320800781	0.23844917118549347	0.0	1.1136629581451416	0.036771614104509354	0.0	0.022479109466075897	0.3834708333015442	2.3092122077941895	0.5969986319541931	1.5924137830734253	1.807083010673523	2.796438455581665	1.604572057723999	0.0	1.6987298727035522	0.9334943294525146	0.6705515384674072	0.0	0.0	1.0762476921081543	0.0	2.4850690364837646	2.2479171752929688	0.9801446795463562	1.3803482055664062	0.1297784298658371	1.0226759910583496	0.9086556434631348	0.8527020215988159	1.3491257429122925	0.0	0.027067558839917183	0.48584604263305664	0.0	1.3381738662719727	0.0	0.5370188355445862
0.17406931519508362	0.09907016158103943	3.5143988132476807	1.6846654415130615	2.723280191421509	1.4917607307434082	0.10293693840503693	2.082664728164673	0.0	0.12198782712221146	0.6230859756469727	0.0029516881331801414	0.0	2.069781541824341	0.0	1.043319821357727	0.052737265825271606	0.24309006333351135	1.9811373949050903	0.31231293082237244	1.3052458763122559	2.4551753997802734	0.0	0.3869846761226654	2.2165558338165283	2.38602352142334	0.0	1.7176753282546997	0.0	3.7684614658355713	1.8412823677062988	0.1856960952281952	1.5099265575408936	0.19233329594135284	0.0	0.10627438127994537	0.0	1.3118548393249512	0.5447068810462952	0.5557445287704468	3.006180763244629	0.0044038197956979275	1.0154393911361694	0.08985934406518936	1.9697209596633911	0.0	0.0	1.9686044454574585	1.8816711902618408	1.6428396701812744	0.5347968935966492	1.2418479919433594	0.7054681181907654	0.2838101089000702	2.0017893314361572	0.0	0.0	0.0	0.0	0.5401970148086548	0.7198985815048218	3.2835519313812256	1.0608279705047607	0.0
1.1017777919769287	0.04547904059290886	2.4335274696350098	0.0	3.192899465560913	1.636878252029419	2.12886381149292	0.17906026542186737	0.0	1.0664199590682983	0.0	0.911778450012207	0.14536012709140778	0.0	0.7389219999313354	0.0	0.9480489492416382	0.0	2.3871405124664307	0.0	0.8830950260162354	0.0	1.4341169595718384	0.0	0.0	0.0	0.7668002843856812	0.0	0.7340496778488159	0.0	1.0250749588012695	0.9171929359436035	1.065840721130371	0.4058370590209961	0.0	0.25897514820098877	0.09846828132867813	0.0	0.35546356439590454	0.0	0.967786431312561	0.0	0.0	0.08760259300470352	1.9505293369293213	2.870405435562134	0.6160747408866882	1.7923991680145264	0.0	0.0	0.13763268291950226	0.0	1.05166757106781	0.0	1.0572152137756348	1.6058286428451538	0.28553611040115356	0.11241232603788376	1.6901068687438965	0.0	1.5684925317764282	1.1615030765533447	0.44352492690086365	0.7110344171524048
0.5976114273071289	0.2410421371459961	2.8114354610443115	0.7668591141700745	3.0840282440185547	1.8388783931732178	2.563556432723999	1.0832536220550537	0.19110609591007233	0.2846633493900299	0.4469127655029297	0.5766042470932007	0.09252164512872696	3.21820330619812	0.6712571382522583	0.0	1.4650261402130127	0.09829267859458923	2.2900266647338867	0.08301469683647156	2.4475479125976562	0.13910721242427826	1.145346760749817	0.0	1.0745680332183838	0.4400114417076111	1.718320369720459	0.45820677280426025	0.7595984935760498	0.08167821913957596	1.2927268743515015	0.27723851799964905	1.0170823335647583	0.3667992055416107	0.0	1.0775173902511597	0.0	0.0	2.9249427318573	0.0	1.4758635759353638	0.0	1.608397126197815	0.0	1.912510871887207	2.198385238647461	1.2857370376586914	2.668468713760376	0.0	0.1484454870223999	0.0	2.056886672973633	0.7132577896118164	0.0	0.9904067516326904	1.3573319911956787	1.4527984857559204	0.0	1.01926589012146	0.0	1.393205165863037	2.5131702423095703	0.44760581851005554	0.9162131547927856
0.0	0.2264752984046936	1.7386653423309326	0.8003791570663452	0.8808473348617554	1.1872975826263428	1.1583634614944458	0.5400514602661133	3.9492621421813965	0.43174585700035095	0.3106929063796997	1.786017656326294	2.0979137420654297	0.5494973659515381	0.0	1.402276635169983	0.984850287437439	0.0	0.9015557765960693	0.0	0.0	1.0747274160385132	0.0	0.5009223222732544	0.5098091959953308	1.4288476705551147	2.0924806594848633	0.6537953615188599	0.0	1.1425844430923462	1.3275871276855469	0.0	1.5436171293258667	0.5842450261116028	1.9710156917572021	0.0	1.4678921699523926	2.338670015335083	2.287594795227051	1.0337824821472168	0.7881025671958923	1.2064670324325562	0.8760683536529541	1.6769226789474487	0.030188901349902153	0.18830671906471252	1.3805021047592163	0.0	2.339844226837158	2.668100357055664	0.28489789366722107	1.2245738506317139	1.2522993087768555	0.9900826215744019	1.848907232284546	1.4709128141403198	0.767960250377655	0.18289221823215485	0.12891601026058197	0.0	0.1786283552646637	3.002152442932129	0.6757288575172424	0.31726357340812683
1.2364637851715088	0.029579319059848785	0.0	2.1890461444854736	0.0	2.0235531330108643	0.670549750328064	0.0	3.92600154876709	0.0	3.5638411045074463	1.966829538345337	2.69380259513855	4.072146415710449	0.9392127394676208	0.0	0.9125850200653076	0.0	0.0	0.16604940593242645	1.7016868591308594	0.3012509047985077	0.0	0.3346717655658722	0.14003731310367584	1.5219491720199585	1.2883696556091309	0.0	0.0	0.0	0.0	0.0	0.0	0.5315998792648315	2.3582634925842285	1.1363856792449951	0.4504699409008026	1.7563329935073853	3.0692477226257324	1.3080247640609741	0.03252798691391945	1.4000728130340576	1.559213399887085	0.4859781563282013	0.0	0.0	1.2676688432693481	0.5511923432350159	1.2948578596115112	0.3783089220523834	0.4624268710613251	2.246755361557007	0.13064044713974	0.4075932502746582	0.8470003604888916	0.5463587641716003	1.5017386674880981	0.0	0.09420677274465561	0.6424477696418762	0.0	2.3086161613464355	0.0	0.8964227437973022
0.4216846525669098	0.0	0.863456130027771	2.1097781658172607	0.08769092708826065	2.3974735736846924	1.8546814918518066	0.4811786413192749	2.9161887168884277	0.0	2.4810171127319336	1.351743459701538	2.106863260269165	3.209015369415283	0.0	0.049546368420124054	0.9110506772994995	0.15060225129127502	0.0	0.3352692127227783	0.8921061158180237	1.2711098194122314	0.0	0.8242994546890259	1.188881754875183	1.5989811420440674	2.1428751945495605	0.37653979659080505	0.0	0.9270597696304321	0.1430286318063736	0.0	0.40140122175216675	0.5850069522857666	1.6717286109924316	1.0659595727920532	0.503125011920929	1.7906498908996582	3.485757350921631	0.8920990228652954	0.6961686611175537	1.4032036066055298	2.377293825149536	0.6480291485786438	0.0	0.0	1.4250367879867554	0.0	2.2897918224334717	1.2157429456710815	1.1068973541259766	2.058225631713867	1.590537428855896	0.022445594891905785	0.781832754611969	0.619457483291626	1.1329265832901	0.022503895685076714	0.34438174962997437	0.4492040276527405	0.0	3.204690933227539	0.7103488445281982	0.891265332698822
0.16552488505840302	0.0	0.0	0.5593416094779968	0.0	0.4696653485298157	2.420372486114502	0.539702296257019	4.236509799957275	0.8093369007110596	0.5553115010261536	1.4863015413284302	2.313542604446411	0.0	0.0	0.8053255081176758	0.32739120721817017	0.0	0.37386494874954224	0.29654181003570557	0.0	0.13872849941253662	0.18850930035114288	1.0483205318450928	0.0	0.8483078479766846	1.5190116167068481	0.15667960047721863	0.0	1.3719143867492676	0.2973501980304718	0.7074679732322693	1.059487223625183	0.2866694927215576	2.1076366901397705	0.2610880136489868	1.8158276081085205	1.3207390308380127	2.6658332347869873	1.1588256359100342	0.025760583579540253	1.9696625471115112	1.1044108867645264	2.118039846420288	0.8979628086090088	0.6365737318992615	0.7231642007827759	0.0	2.7361865043640137	3.471029043197632	1.4119035005569458	0.544674277305603	0.10667648911476135	0.5620542764663696	1.6151946783065796	1.9026057720184326	1.0876938104629517	0.9132120609283447	0.9716148376464844	0.14818046987056732	0.29876425862312317	1.2954957485198975	0.8388214707374573	0.7626271843910217
0.8707689642906189	0.04945507273077965	2.5970990657806396	0.0	3.739192247390747	1.57882821559906	2.415269613265991	0.9821152687072754	0.5094830393791199	1.6457765102386475	0.0	0.48905879259109497	0.0	0.0	0.7197921276092529	0.0	0.5764582753181458	0.0	2.2644691467285156	0.0	0.1813768595457077	0.0	1.3051825761795044	0.0	0.0	1.2261699438095093	0.9712962508201599	0.3395565450191498	0.7468525171279907	0.0	1.2384141683578491	1.2256810665130615	1.2209595441818237	0.6913682222366333	0.0	0.8838168382644653	0.03201242908835411	0.0	0.8492011427879333	0.0	2.619453191757202	0.13376882672309875	0.7855255007743835	0.09004081785678864	2.1231930255889893	3.0070600509643555	0.7183824777603149	2.0648140907287598	0.4353245496749878	0.6459229588508606	0.2660381495952606	0.8954980373382568	1.1177952289581299	0.0	2.2845399379730225	0.8422108292579651	0.13453102111816406	0.5388817191123962	2.6412885189056396	0.0	1.5785390138626099	1.4108132123947144	0.26486295461654663	0.4652796983718872
0.36903080344200134	0.0	0.07469847053289413	1.7511845827102661	0.0	1.07864248752594	1.7878565788269043	0.16302025318145752	4.029461860656738	0.0	2.4376413822174072	2.085345983505249	2.8745086193084717	1.7906012535095215	0.24367408454418182	0.48178744316101074	0.9341940879821777	0.06955600529909134	0.0	0.0314750112593174	0.6041679978370667	0.5483401417732239	0.0	0.31260910630226135	0.0	1.3198885917663574	0.40328294038772583	0.0	0.0	1.1589441299438477	0.0	0.0	0.40766704082489014	0.43829718232154846	2.2179365158081055	0.44910764694213867	1.3286538124084473	2.51245379447937	2.796421766281128	1.458317756652832	0.0	1.1875566244125366	0.8660616874694824	0.9372814297676086	0.0	0.0	1.3704235553741455	0.0	2.485300064086914	2.195523977279663	0.8260630369186401	0.9730970859527588	0.05045193061232567	1.3097003698349	1.7803345918655396	0.7812978029251099	1.2631499767303467	0.0	0.3890599310398102	0.07488064467906952	0.0	1.9596327543258667	0.0	0.5750828981399536
0.48831263184547424	0.3962081968784332	2.893507719039917	0.6696760058403015	2.8064510822296143	2.0093281269073486	1.3238441944122314	0.9928011894226074	0.0	0.0	1.0835176706314087	0.5176278948783875	0.0	3.802098274230957	0.4011208713054657	0.1255345493555069	1.3177294731140137	0.15695205330848694	2.2094123363494873	0.0	3.0574865341186523	0.47961488366127014	1.454034686088562	0.0	1.7224748134613037	0.1881251037120819	0.5570589900016785	0.0	0.9222047328948975	0.13316333293914795	0.9267148375511169	0.09050024300813675	0.4813203513622284	0.27879369258880615	0.0	0.913116991519928	0.0	0.0	1.3893754482269287	0.795749843120575	1.4288352727890015	0.0	2.099269151687622	0.0	1.603620171546936	0.7604680061340332	0.8398870825767517	2.7568347454071045	0.0	0.0	0.0	2.452592372894287	0.8088734745979309	0.0	0.2761414647102356	0.53224116563797	1.0747007131576538	0.0	0.8206419348716736	0.16301988065242767	1.0794694423675537	3.052659273147583	0.4738991856575012	0.43395620584487915
0.7845358848571777	0.0	0.49797239899635315	2.0415990352630615	0.0	1.0837080478668213	1.3891304731369019	0.26051607728004456	4.226622104644775	0.13221369683742523	2.3113131523132324	1.8211301565170288	2.731916666030884	2.3022539615631104	0.05097520723938942	0.6824648976325989	0.8253311514854431	0.3775267004966736	0.0	0.23396040499210358	0.5369631052017212	0.8253514170646667	0.0	1.0228581428527832	0.20188362896442413	1.6965303421020508	0.362091600894928	0.3489173650741577	0.0	1.9501073360443115	0.0	0.11536439508199692	0.0	0.13523927330970764	2.1445586681365967	0.8801154494285583	1.030966877937317	2.155055284500122	3.5142910480499268	1.78156578540802	0.4618493914604187	1.5444475412368774	1.0489580631256104	1.110343337059021	0.0	0.0	0.8533234596252441	0.0	2.6849920749664307	2.1667838096618652	1.0302386283874512	1.193477749824524	0.27718251943588257	1.0404510498046875	1.8780333995819092	0.6990172266960144	0.8997471928596497	0.0	0.1995791792869568	0.5249860882759094	0.0	1.7680217027664185	0.07625231891870499	0.7147595882415771
0.39138907194137573	0.0	0.0	1.4508121013641357	0.0	0.8341773152351379	1.8532124757766724	0.0	4.367079734802246	0.12775269150733948	2.1050567626953125	1.9591975212097168	3.0519168376922607	1.4680047035217285	0.38450562953948975	0.3575104773044586	0.5993835926055908	0.0	0.0	0.044567499309778214	0.38651010394096375	0.09588827192783356	0.0	0.3546465337276459	0.0	1.059422254562378	1.440635085105896	0.0	0.0	0.4091621935367584	0.0	0.0	0.0	0.45132875442504883	2.1421077251434326	0.6713244915008545	1.4539823532104492	1.6889194250106812	2.477466344833374	1.2658462524414062	0.0	1.6006183624267578	1.1940937042236328	1.1491940021514893	0.0	0.0	1.3208088874816895	0.0	2.5895533561706543	2.295907497406006	0.7536334991455078	1.321907877922058	0.2773614823818207	0.7249100208282471	1.087936520576477	1.409221887588501	1.254406452178955	0.0	0.0	0.13432100415229797	0.0	1.7913533449172974	0.0	0.38408172130584717
1.0621490478515625	0.2086280733346939	2.603285074234009	0.0	2.829608678817749	1.1262717247009277	1.7207432985305786	0.6118202805519104	0.0	1.314900279045105	0.0	0.6066552996635437	0.6765720248222351	0.0	1.0541832447052002	0.17328637838363647	0.003100291360169649	0.0	2.8052680492401123	0.0	0.4514332711696625	0.0	1.1847223043441772	0.0	0.0	1.0745303630828857	1.5984939336776733	0.5920075178146362	0.3979538381099701	0.0	1.8251922130584717	1.097557544708252	1.8749908208847046	0.3714655041694641	0.0	0.5262590050697327	0.13112621009349823	0.0	1.6174284219741821	0.02436147816479206	1.9880226850509644	0.0	0.8101915121078491	0.1279173344373703	1.9874281883239746	2.323647975921631	0.14721788465976715	1.8618675470352173	0.0	0.40307241678237915	0.06644804030656815	0.0	0.8896005749702454	0.12957324087619781	2.5139243602752686	1.4390034675598145	0.27061253786087036	0.5383577346801758	1.8527607917785645	0.0	1.7981648445129395	1.421540379524231	0.553895890712738	0.37195926904678345
0.23770597577095032	0.05003243684768677	0.0	1.1654330492019653	0.05047033354640007	0.8089072108268738	1.251448392868042	0.207787424325943	4.432701587677002	0.49381324648857117	1.7259507179260254	2.2258143424987793	2.543706178665161	0.558198094367981	0.07847169041633606	0.5748140811920166	0.4686470329761505	0.0	0.0	0.07337407022714615	0.110318623483181	0.5966426730155945	0.0	0.5516506433486938	0.0	1.0300239324569702	0.7434752583503723	0.0	0.0	1.3186250925064087	0.18636053800582886	0.20079101622104645	0.22899165749549866	0.7359210252761841	2.4230613708496094	0.7497398853302002	1.8088202476501465	1.9315342903137207	3.3756089210510254	1.4521639347076416	0.0	1.4691040515899658	0.9166794419288635	1.260509729385376	0.0	0.0	1.2415034770965576	0.0	3.002950429916382	2.820343255996704	1.1317846775054932	0.326469361782074	0.0556509792804718	1.3019038438796997	1.9842923879623413	1.2316817045211792	0.9989005327224731	0.0	0.0	0.343864768743515	0.0	1.9737850427627563	0.0	0.8600273728370667
0.5076009035110474	0.0	0.0	1.6661906242370605	0.0	1.4839167594909668	2.564145565032959	0.19772301614284515	4.9337077140808105	0.0	2.3133230209350586	2.161606788635254	2.781376600265503	1.5395655632019043	0.33891811966896057	0.5171986818313599	0.289242684841156	0.0	0.0	0.21203584969043732	0.4840869605541229	0.5397555828094482	0.0	0.6279347538948059	0.0	1.058714509010315	1.349546194076538	0.029804566875100136	0.0	1.1297686100006104	0.0	0.0	0.1498294174671173	0.6944050788879395	2.173180341720581	0.6747198104858398	1.4757274389266968	2.2191333770751953	3.0741958618164062	1.2245566844940186	0.0	1.3918147087097168	0.9999592900276184	1.3410333395004272	0.0	0.0	1.342873454093933	0.0	2.6751506328582764	2.407346487045288	1.1735340356826782	1.4978665113449097	0.5583707094192505	0.9817635416984558	1.754163384437561	1.0874961614608765	1.2018518447875977	0.0	0.0	0.7881590127944946	0.0	1.6897577047348022	0.0	0.6728890538215637
0.6202791333198547	0.0	3.0737385749816895	0.0	2.5634775161743164	1.1514426469802856	1.268478512763977	1.3757412433624268	0.0	1.3558930158615112	0.0	0.5655444264411926	0.0	0.0	0.23396553099155426	1.2362180948257446	0.0	0.0	2.5834662914276123	0.08563020825386047	0.6672570705413818	1.0939491987228394	0.6488111019134521	0.011842241510748863	0.5415256023406982	1.7218226194381714	0.06207885220646858	1.6042890548706055	0.03467029705643654	2.359649896621704	2.0670952796936035	0.6448071599006653	2.0025997161865234	0.0	0.0	0.0	0.6737625002861023	0.025856778025627136	0.24676187336444855	0.11717848479747772	3.468200922012329	0.3130252957344055	0.0	0.0	1.6709595918655396	0.8844925165176392	0.0	1.5887824296951294	1.0757896900177002	1.6221811771392822	0.0	0.0	1.2242625951766968	0.04778251796960831	3.28548264503479	0.04708889126777649	0.0	0.114413782954216	1.883739709854126	0.0	1.3535245656967163	2.378161907196045	1.121040940284729	0.0
0.0	0.0	0.2639310359954834	0.8862473964691162	0.0	0.3189314901828766	1.1130592823028564	0.2526176869869232	4.422160625457764	0.06551156938076019	1.3299528360366821	1.6218501329421997	2.298757314682007	0.8051260709762573	0.04677959531545639	0.9236014485359192	0.0	0.0	0.0	0.006991909351199865	0.05710916221141815	0.7241668105125427	0.0	0.455203652381897	0.07134512811899185	1.5090432167053223	1.283294439315796	0.6789833307266235	0.0	2.215656042098999	1.0795284509658813	0.0	1.1736106872558594	0.6061981916427612	2.1336498260498047	0.1451847106218338	1.644593596458435	1.705147385597229	2.8472461700439453	1.2877283096313477	0.8133655190467834	1.4171639680862427	1.0778781175613403	1.2266136407852173	0.0	0.0	1.269241213798523	0.0	2.6969857215881348	2.877816677093506	0.7665821313858032	0.5058845281600952	0.6521356105804443	1.3520694971084595	2.4884679317474365	1.059519648551941	1.1219419240951538	0.2512575685977936	0.0	0.0	0.0	2.4155309200286865	0.3310345411300659	0.6448150873184204
0.0	0.0	0.0	1.5203394889831543	0.0	0.25702613592147827	1.4737141132354736	0.0	3.970148801803589	0.10088082402944565	0.7289847731590271	1.572848916053772	2.4615395069122314	0.0	0.0	0.9020071029663086	0.04932320863008499	0.0	0.0	0.0	0.0	0.504901647567749	0.3319649398326874	0.7527799010276794	0.0	0.31689637899398804	0.0	0.0	0.0	1.5694832801818848	0.0	0.3581150472164154	0.5964475274085999	0.10021446645259857	2.1781389713287354	0.16653065383434296	2.104226589202881	1.9595073461532593	2.2194104194641113	1.3155189752578735	0.0	1.5183429718017578	0.10740251839160919	1.401789665222168	0.0	0.0	0.23547370731830597	0.0	2.8032608032226562	3.0610835552215576	0.8620977997779846	0.0	0.33571121096611023	1.5520514249801636	1.5684771537780762	0.9895547032356262	0.5641657710075378	0.0	0.0	0.08968821167945862	0.0	0.707571804523468	0.0	0.3867564797401428
0.0	0.16682693362236023	2.804229259490967	1.6364121437072754	2.6620800495147705	1.657576084136963	1.981020212173462	1.2396659851074219	0.0	0.08076760917901993	2.0921502113342285	0.09018465876579285	0.49675479531288147	3.606354236602783	0.0	0.09765002131462097	1.7131356000900269	0.0	1.8387576341629028	0.09325537830591202	2.1047515869140625	1.220928430557251	0.35502269864082336	0.20838144421577454	1.492862582206726	1.3846684694290161	1.770473837852478	1.7581942081451416	0.6914686560630798	1.3091875314712524	1.2002192735671997	0.0	0.8708495497703552	0.2285076528787613	0.28250062465667725	0.7663007974624634	0.0	0.7284852266311646	1.1061184406280518	0.0741647258400917	2.7058792114257812	0.2189941108226776	1.8705517053604126	0.470843642950058	1.7218376398086548	0.6482672095298767	1.0196988582611084	2.5058560371398926	1.0913736820220947	0.07480844855308533	0.0	3.1287238597869873	0.6125321984291077	0.0	0.46567127108573914	1.0838004350662231	1.2582329511642456	0.2094421088695526	1.0039139986038208	0.24947033822536469	0.8054642677307129	3.9699230194091797	0.6216517090797424	0.2781475782394409
0.3259046673774719	0.11607677489519119	0.0	1.762642502784729	0.0	0.5421894788742065	1.4118179082870483	0.17830315232276917	4.610304355621338	0.0064924596808850765	1.7633377313613892	1.950626254081726	2.694483757019043	0.8652375340461731	0.2284090667963028	0.6493408679962158	0.27406811714172363	0.142220139503479	0.0	0.2960909307003021	0.12864045798778534	0.5432894825935364	0.0	0.7636246085166931	0.12696640193462372	1.2185410261154175	0.7031339406967163	0.009668090380728245	0.0	1.6672699451446533	0.10498583316802979	0.0034210013691335917	0.09603684395551682	0.5022708177566528	2.562100410461426	0.5550920367240906	1.8459577560424805	2.3538756370544434	2.7677159309387207	1.690426230430603	0.0	1.883710503578186	1.0116628408432007	1.4096599817276	0.0	0.0	0.872516930103302	0.0	2.7817060947418213	3.05934476852417	1.0606389045715332	0.573728621006012	0.31080013513565063	1.0413259267807007	2.279778480529785	1.0227749347686768	1.218529224395752	0.0	0.26759395003318787	0.21447162330150604	0.0	1.2150053977966309	0.0	0.7162198424339294
0.5964310169219971	0.20531481504440308	0.1769471913576126	1.8188384771347046	0.0	0.7107528448104858	1.196445345878601	0.27482321858406067	4.175792694091797	0.18490558862686157	2.3305563926696777	1.978792428970337	2.172229766845703	1.9527885913848877	0.4305555820465088	0.8536171913146973	0.4349657893180847	0.14621968567371368	0.0	0.2623409628868103	0.2980805039405823	0.830350399017334	0.0	0.5917354226112366	0.7197102904319763	1.6575400829315186	1.73746657371521	0.17449942231178284	0.0	2.6172120571136475	0.4813980758190155	0.020061219111084938	0.583340585231781	0.1741911768913269	2.4683380126953125	0.9732417464256287	1.2559863328933716	1.4286279678344727	2.815927028656006	1.6215157508850098	0.0	1.4565675258636475	1.2935848236083984	0.8530675768852234	0.0	0.0	0.6028380393981934	0.0	2.68493914604187	2.694399118423462	0.6869851350784302	1.540419340133667	0.35791197419166565	0.7608785629272461	1.971071720123291	1.561177134513855	1.104066252708435	0.07174023240804672	0.0	0.24817296862602234	0.0	2.4350087642669678	0.4193221926689148	0.6428974866867065
