0.3631477653980255	0.3469136655330658	3.021212577819824	0.0	1.431207537651062	0.646864116191864	0.1165793240070343	0.9043831825256348	0.0	2.23421311378479	0.09328842163085938	2.136164665222168	0.6938031911849976	0.31678465008735657	3.407940626144409	3.414165735244751	0.0	0.9873087406158447	1.2673712968826294	0.0	0.5024557709693909	0.0	0.07841949164867401	0.0	0.131509467959404	2.895158290863037	0.9051750302314758	3.6408193111419678	0.5785685181617737	1.5238127708435059	1.6253807544708252	0.0	1.8396316766738892	3.159182548522949	0.12541714310646057	2.1173689365386963	0.2700144946575165	0.6979097723960876	0.0	0.0288890078663826	2.3945794105529785	1.7942980527877808	0.0	0.629780650138855	3.226649045944214	4.135147571563721	0.0	1.9938985109329224	0.6780410408973694	0.5637644529342651	0.0	0.4196443557739258	0.0	0.2157069593667984	2.5612380504608154	0.9745386242866516	0.8404202461242676	3.8848109245300293	1.026412844657898	1.1537975072860718	1.0093998908996582	0.5316106677055359	0.19099226593971252	0.09343159943819046
4.699985980987549	4.56710958480835	0.0	1.1436057090759277	0.0	0.0	0.0	0.8653146624565125	1.752954125404358	1.7376915216445923	1.3778042793273926	2.9959349632263184	0.13655507564544678	3.129000186920166	2.799816846847534	1.5853341817855835	0.0	0.0	2.0916852951049805	0.9993557929992676	0.836868941783905	0.09827855974435806	0.0	0.0	0.17458105087280273	1.2456705570220947	1.2567790746688843	0.8583468198776245	0.0	1.1888973712921143	0.0	1.0346652269363403	0.1764204055070877	3.6189684867858887	1.8584914207458496	0.0	0.0	1.6456631422042847	0.0	0.9163224697113037	0.051544319838285446	1.9043691158294678	0.0	3.2204883098602295	0.506748616695404	2.632733106613159	1.1761090755462646	1.0299087762832642	0.0	0.28017640113830566	0.7314759492874146	1.795105218887329	0.0	3.024538278579712	2.7593495845794678	3.276491165161133	2.1667444705963135	2.1985793113708496	0.0	2.296175479888916	0.15558432042598724	1.5941747426986694	1.7927967309951782	1.364069938659668
3.6629321575164795	2.5587503910064697	0.41151976585388184	1.0893409252166748	0.0	0.0	0.0	1.7657221555709839	0.0	0.7685883045196533	1.0966572761535645	3.008549928665161	0.0	2.0212438106536865	0.6641913652420044	0.9912357926368713	0.0	0.0	1.4741857051849365	0.5886054039001465	0.23281562328338623	0.6119412183761597	0.0	0.0	0.9484277367591858	1.7627073526382446	0.0	1.3458811044692993	0.0	1.3013907670974731	0.29944655299186707	0.23184378445148468	0.21918638050556183	3.2488560676574707	2.5375680923461914	0.0	0.7969241738319397	2.6418888568878174	0.0	0.6223865747451782	0.6426514983177185	1.8128031492233276	0.0	4.158788204193115	0.858346700668335	1.5528818368911743	0.0	2.2101476192474365	0.23993906378746033	0.6376473307609558	0.0	0.7901530265808105	0.0	2.9722816944122314	3.6481995582580566	2.464353322982788	0.9550459980964661	1.1716631650924683	0.05751296132802963	2.323444128036499	0.1215532124042511	1.523451566696167	0.5459774732589722	1.319205641746521
0.4529925286769867	0.34568285942077637	2.6960997581481934	0.03188703954219818	1.0318148136138916	0.48873206973075867	2.1345252990722656	2.0513389110565186	0.0	0.6057855486869812	0.0	1.4776506423950195	1.5687733888626099	0.6087143421173096	1.7569565773010254	2.009962558746338	0.0	2.8601932525634766	1.1632719039916992	0.17027059197425842	0.0	0.0	0.4336697459220886	0.3059779107570648	0.3422265350818634	2.3886654376983643	1.7052950859069824	4.248280048370361	0.8812353610992432	0.8552165627479553	2.4820921421051025	0.08525827527046204	2.864858865737915	2.259920120239258	0.0	2.4930741786956787	2.2314846515655518	0.31951504945755005	0.10193909704685211	0.35457679629325867	3.644829273223877	1.164087176322937	0.0	0.0	2.986013174057007	4.158771991729736	0.2155216932296753	1.5239813327789307	1.5211228132247925	2.192631483078003	0.3043123185634613	0.2889029085636139	0.09556249529123306	0.0	2.11822247505188	0.547007143497467	0.0	3.366342306137085	0.9611098766326904	1.092347264289856	1.7841984033584595	0.17661841213703156	0.36094728112220764	0.24195024371147156
0.34261173009872437	1.454419732093811	0.8854697942733765	0.8838947415351868	0.5522990226745605	0.5435707569122314	2.459821939468384	0.5938369035720825	1.9806632995605469	0.0	0.8202505111694336	0.8856923580169678	1.1084542274475098	0.0	0.15544067323207855	0.0	1.4058805704116821	1.845372200012207	0.2248818576335907	1.0901906490325928	0.0	0.662039041519165	2.2172040939331055	1.2174346446990967	2.8608555793762207	0.0	0.0	0.0	2.2728772163391113	0.0	2.762631416320801	2.341437816619873	1.1604453325271606	0.5024595260620117	0.9550338983535767	0.4133153259754181	1.3671255111694336	0.6333950757980347	6.046530246734619	1.9289470911026	0.0	1.779616355895996	1.0439082384109497	2.314307451248169	0.0	3.3990206718444824	1.630377173423767	3.9472544193267822	2.0890908241271973	2.2278685569763184	0.3004636764526367	0.0	0.15714164078235626	0.4854219853878021	1.8735616207122803	1.843222975730896	0.3282938301563263	0.0	1.2686593532562256	0.8715606927871704	1.1119939088821411	1.2945637702941895	1.3361866474151611	1.5182161331176758
2.8204972743988037	4.537947654724121	0.5855017900466919	1.4370728731155396	0.961450457572937	0.1976948082447052	0.0	1.3800685405731201	0.8593001365661621	1.9047859907150269	1.65328049659729	2.2095441818237305	1.0607637166976929	1.812848687171936	2.7318122386932373	3.326552152633667	0.0	0.884701669216156	0.0	0.4594958424568176	0.8952967524528503	0.0835290178656578	0.5073796510696411	0.0	0.7657656669616699	1.4203213453292847	1.534923791885376	2.953498363494873	0.5592151880264282	0.0	1.360053539276123	1.9586580991744995	2.131859302520752	4.120478630065918	2.735069990158081	0.9397043585777283	1.2531623840332031	0.8521528840065002	0.3738183379173279	1.6171817779541016	0.70174640417099	3.4863126277923584	0.335223913192749	2.686471939086914	0.8308112025260925	3.2445743083953857	2.1004416942596436	0.5048249959945679	0.22386515140533447	0.34399497509002686	0.36577585339546204	0.22656796872615814	1.1520700454711914	0.9367198348045349	3.404538154602051	2.711310625076294	3.1123383045196533	3.8531131744384766	0.7749584317207336	1.622256875038147	1.6606920957565308	1.955280065536499	2.618269205093384	1.17246413230896
2.1928439140319824	4.599630832672119	1.3976595401763916	1.7990262508392334	0.7140644788742065	1.1199078559875488	0.8672440648078918	0.5326442718505859	1.744447946548462	1.6459685564041138	2.055177927017212	2.2944793701171875	3.3031487464904785	2.646477222442627	2.449655771255493	2.0494465827941895	1.8396809101104736	0.555773138999939	0.7988389134407043	0.9730986952781677	2.145782947540283	2.054293155670166	2.9368555545806885	0.969760537147522	1.5050749778747559	1.9556931257247925	1.3951865434646606	2.034855604171753	0.8177841901779175	2.2889418601989746	1.4111968278884888	1.0195244550704956	0.746322751045227	4.075464248657227	1.489240288734436	1.633745789527893	0.0	1.5907849073410034	3.6915297508239746	1.8161777257919312	0.7732018828392029	1.4775032997131348	1.7096233367919922	3.4921460151672363	0.5691116452217102	1.370247721672058	1.466792106628418	0.9303249716758728	0.8467810750007629	3.0522398948669434	0.7855994701385498	2.940481662750244	0.850099503993988	1.3390673398971558	2.154890775680542	2.834272861480713	2.13472843170166	0.6401054859161377	0.0	2.9004199504852295	0.24341922998428345	2.434785842895508	2.42069411277771	1.3400884866714478
3.7955455780029297	4.446490287780762	0.0	1.0492615699768066	0.0	0.0	0.0	0.2073248326778412	0.619483470916748	0.8237971067428589	1.108808994293213	2.813647508621216	0.31408819556236267	2.8758695125579834	2.446274757385254	0.9976558089256287	0.0	0.0	1.5979405641555786	0.6719796657562256	1.1385524272918701	0.0	0.0	0.0	0.0	0.8541316986083984	1.2147852182388306	1.4655427932739258	0.0	0.8348774909973145	0.0	0.465396523475647	0.05966552719473839	3.8059003353118896	0.7294456362724304	0.0	0.0	1.7246242761611938	0.0	0.8370627760887146	0.31532415747642517	2.391087293624878	0.0	2.0171897411346436	0.3247617781162262	1.543167233467102	0.7662183046340942	0.0	0.0	0.0	0.0	1.5157129764556885	0.0	1.4440839290618896	2.7738449573516846	2.595599412918091	2.7803213596343994	2.1107664108276367	0.0	2.564570188522339	0.0	0.7930284142494202	2.0946168899536133	1.4551078081130981
3.9573326110839844	3.833777666091919	0.19796839356422424	1.5273411273956299	0.0	0.059557922184467316	0.0	0.8241141438484192	1.8180551528930664	1.3367059230804443	1.203684687614441	2.8706412315368652	0.029382431879639626	3.173088312149048	1.5820080041885376	1.0848705768585205	0.8718439936637878	0.0	1.402976632118225	0.9904028177261353	2.098797559738159	1.229668378829956	0.12345446646213531	0.0	1.1160714626312256	2.0528995990753174	1.687251329421997	1.9685503244400024	0.0	1.5790910720825195	0.0	0.6853224635124207	1.144085168838501	3.8351352214813232	2.3417532444000244	1.0910942554473877	0.25514471530914307	1.6203062534332275	0.9938811659812927	1.1869823932647705	2.200756549835205	1.8048001527786255	0.9032606482505798	3.7092864513397217	1.123526930809021	3.1011197566986084	1.1620724201202393	0.3643651306629181	0.9298810362815857	1.016978144645691	0.4448244273662567	3.2307887077331543	0.0	1.9398292303085327	2.5702202320098877	2.910639524459839	2.4960744380950928	1.8266065120697021	0.048116181045770645	2.383267641067505	0.43068426847457886	1.9345694780349731	1.604299545288086	1.0989911556243896
0.6461181044578552	0.8145540952682495	2.9207401275634766	0.06064853072166443	1.8098409175872803	1.46429443359375	2.0574002265930176	1.062610387802124	0.3839349150657654	2.327237844467163	0.0	2.4907126426696777	3.1849524974823	0.020568668842315674	3.8843016624450684	2.054959535598755	0.0	0.5092753767967224	1.5936890840530396	0.2159702479839325	0.09871245920658112	0.0	1.5348838567733765	0.0	0.0	2.1583385467529297	0.7366854548454285	2.5125129222869873	1.3782219886779785	0.4999001920223236	1.555907964706421	0.6352913975715637	1.7251781225204468	2.2007837295532227	0.12533485889434814	2.5383307933807373	0.9082174301147461	0.16315779089927673	0.0	0.0	2.2832839488983154	1.631075382232666	0.0	0.20507611334323883	3.4738690853118896	4.649186134338379	0.6514286994934082	2.093759059906006	0.3207603394985199	0.2260868102312088	0.0	0.30269747972488403	0.2353372722864151	0.0	2.5732977390289307	1.3392648696899414	0.8913326859474182	4.390134334564209	1.234463095664978	0.30273929238319397	2.398414134979248	0.031677938997745514	0.16131551563739777	0.5425269603729248
3.107734203338623	2.783621072769165	0.699524462223053	1.5420747995376587	0.0	0.0	0.0	2.038848876953125	0.7481878995895386	1.2145808935165405	1.2432538270950317	3.1624464988708496	0.0	1.5038044452667236	1.5380527973175049	0.9157302975654602	0.0	0.0	1.410689115524292	0.9126154780387878	0.47252175211906433	0.0	0.8678988218307495	0.13191953301429749	1.773903250694275	1.0701347589492798	0.10782711207866669	0.6242688298225403	0.0	1.1742814779281616	0.5244702100753784	0.4853525459766388	0.0	2.920462131500244	4.114059925079346	0.0	1.741994023323059	2.3895819187164307	0.0	1.0025447607040405	0.0	2.2545979022979736	0.0	4.622654914855957	0.5272973775863647	2.499791145324707	0.0	2.3575422763824463	0.8622493743896484	1.2867233753204346	0.06887468695640564	0.6179319620132446	0.0	3.2081000804901123	2.8407578468322754	2.87556791305542	0.8355662226676941	1.4879146814346313	0.25232091546058655	2.5822043418884277	0.20900242030620575	0.9471451640129089	0.8935185670852661	0.7880678176879883
3.339101552963257	1.9179598093032837	0.9949508905410767	0.9657349586486816	0.0	0.0	0.0	2.0428192615509033	1.4771132469177246	0.402660995721817	0.8800186514854431	2.823073387145996	0.0	1.5948677062988281	0.18550905585289001	0.4397881031036377	0.17372220754623413	0.02396583743393421	1.6532008647918701	0.8090929388999939	0.026038851588964462	0.8519284129142761	1.2096920013427734	0.3176426589488983	1.6471790075302124	1.7589420080184937	0.1784120500087738	0.8955260515213013	0.0	1.2972793579101562	0.7405513525009155	0.9927822351455688	0.3106009364128113	2.518158197402954	3.3240487575531006	0.0	2.0330724716186523	2.811697244644165	0.5279143452644348	1.4751595258712769	0.40016496181488037	1.558098554611206	0.0	5.167961120605469	0.5458987355232239	3.8267433643341064	0.0	2.9338183403015137	1.556633710861206	1.7548015117645264	0.19278204441070557	0.6905347108840942	0.0	3.1216888427734375	2.776625156402588	2.828711986541748	0.9768713712692261	1.0413026809692383	0.4181966483592987	2.9526772499084473	0.7477304339408875	0.9805343747138977	0.3430764079093933	0.2647731900215149
0.0	0.0	2.2426514625549316	0.5925673246383667	0.4900704026222229	0.0	0.0	1.2356892824172974	0.0	0.32258832454681396	0.40095391869544983	0.0	0.0	0.0	0.0	2.2406227588653564	0.0	2.6434478759765625	0.716026782989502	0.0	0.9121774435043335	0.0	0.017298398539423943	0.9578400254249573	2.2297372817993164	2.634870767593384	1.3744016885757446	3.7315127849578857	0.0	2.9963996410369873	2.949143409729004	0.0	1.7573096752166748	3.411536693572998	0.0	2.3957109451293945	0.0	1.8247010707855225	0.4311966598033905	1.242774248123169	2.703199625015259	0.0	0.0	0.0	2.6720683574676514	0.0	0.0	0.8844311237335205	2.468914747238159	2.991048812866211	0.0	0.5324854850769043	0.02046768181025982	0.3754422664642334	1.8382309675216675	0.0	0.0	0.0	0.10416506975889206	2.1148359775543213	0.0	0.6066819429397583	0.366960346698761	0.0
0.0	0.0	2.204720973968506	0.01832110434770584	0.5535542368888855	0.0	0.0	1.1427810192108154	0.0	0.0271806251257658	0.23107104003429413	0.0	0.0	0.0	0.0	1.9851694107055664	0.0	2.972198724746704	0.738785982131958	0.0	0.09181875735521317	0.0	0.0	1.1207011938095093	2.1694488525390625	2.6454639434814453	1.2734155654907227	3.5717926025390625	0.0	2.2341341972351074	3.0591354370117188	0.0	1.8462885618209839	3.5365099906921387	0.0	2.23510479927063	0.009846501052379608	1.3140575885772705	0.46901142597198486	1.1791763305664062	2.9634130001068115	0.0	0.022041885182261467	0.0	2.5398921966552734	0.3031937777996063	0.0	0.888122022151947	1.9240949153900146	3.0093672275543213	0.0	0.2367009073495865	0.0	0.0	1.7952381372451782	0.0	0.0	0.0	0.33046606183052063	2.0847392082214355	0.19102849066257477	0.40242114663124084	0.40187931060791016	0.0
1.0182998180389404	0.24068596959114075	3.291965961456299	0.0	2.167982339859009	1.435699224472046	1.348854899406433	0.8669618368148804	0.356570303440094	1.9111305475234985	0.16047927737236023	2.180748462677002	2.688432455062866	0.23312115669250488	3.4627997875213623	1.8381166458129883	0.0	0.18716050684452057	1.2116937637329102	0.0	0.0	0.0	1.4784270524978638	0.0	0.0	1.9695101976394653	0.8298159837722778	2.511007070541382	1.2384753227233887	0.6523145437240601	1.5515944957733154	0.7030497789382935	2.0627834796905518	2.770930290222168	0.0	2.6112890243530273	0.9497146606445312	0.2496432363986969	0.0	0.0	2.516610860824585	1.0539705753326416	0.0	0.0	3.4498627185821533	3.6900243759155273	0.37876811623573303	2.7259397506713867	0.12908588349819183	0.14357712864875793	0.0	0.13210724294185638	0.5635380744934082	0.0	2.105816125869751	1.3378194570541382	0.0	4.49776554107666	1.7231873273849487	0.08089205622673035	2.24599289894104	0.0	0.2113485187292099	0.056033410131931305
3.942011594772339	4.8147196769714355	0.7002427577972412	1.737683653831482	0.0	0.28488025069236755	1.136873722076416	1.9146080017089844	2.2004549503326416	1.331237554550171	1.1857396364212036	2.9518449306488037	0.0443168506026268	2.7819430828094482	2.6833250522613525	1.5199965238571167	1.0557005405426025	0.0	1.5550140142440796	1.1941702365875244	1.5766420364379883	1.8625019788742065	0.9723222851753235	0.0	1.2004845142364502	1.9584367275238037	1.522365689277649	1.533944010734558	0.1728585958480835	0.18957005441188812	1.473577618598938	1.430956244468689	0.0	3.381530523300171	3.5631299018859863	2.172607898712158	0.9708561301231384	1.7623021602630615	1.9350374937057495	1.157285213470459	0.7404248714447021	1.3590954542160034	1.5365158319473267	4.6331000328063965	0.5958393812179565	3.897017002105713	1.1213432550430298	2.684565544128418	0.3328498601913452	1.713974118232727	1.0513001680374146	2.7128419876098633	0.3029627501964569	2.9028830528259277	3.9282126426696777	2.819988250732422	1.4224672317504883	1.5409979820251465	1.0147285461425781	2.33076810836792	1.011630654335022	1.6464405059814453	1.8686120510101318	1.5381461381912231
2.920438289642334	5.038482189178467	0.09196802973747253	1.610546350479126	1.1765154600143433	1.0731793642044067	0.9028955101966858	1.3583126068115234	3.921144723892212	1.6418347358703613	1.1411916017532349	2.142869472503662	1.5912578105926514	2.912194013595581	2.544255256652832	1.686524748802185	1.9926940202713013	2.080780506134033	0.9346386790275574	0.8508129715919495	1.6144787073135376	1.2198752164840698	2.17794132232666	0.6363535523414612	1.7736783027648926	1.0605264902114868	1.371254563331604	1.6157406568527222	0.12767520546913147	1.281387209892273	0.12277461588382721	1.7697124481201172	0.5400080680847168	3.9473929405212402	1.7796084880828857	1.870841383934021	0.1388387382030487	1.6182618141174316	2.7466788291931152	1.4592229127883911	1.7297755479812622	1.5286349058151245	2.148937940597534	3.6447179317474365	0.5003238916397095	2.885744094848633	1.4065226316452026	0.0	0.9878519773483276	1.013071894645691	1.4538203477859497	3.0464978218078613	2.8528473377227783	1.197566032409668	2.294410467147827	2.9570114612579346	2.9126100540161133	2.0078847408294678	0.0	3.077247381210327	0.175490140914917	1.4343351125717163	1.9757636785507202	1.494462013244629
0.0	0.0	2.414283514022827	1.0882117748260498	0.6545951962471008	0.0	0.0	2.3181304931640625	0.0	0.19887730479240417	0.7462092041969299	0.0	0.0	0.4147895574569702	0.0	2.0312342643737793	0.234923854470253	2.9275999069213867	1.360018253326416	0.003046019934117794	1.5394141674041748	0.06468833237886429	0.0	1.2368894815444946	2.498772621154785	2.7075324058532715	1.6810537576675415	3.0082473754882812	0.0	4.0284576416015625	2.9006295204162598	0.3417893946170807	2.034687042236328	3.8306503295898438	0.0	2.2885735034942627	0.6413834095001221	2.3750205039978027	0.7601303458213806	1.4307783842086792	2.687751054763794	0.3098409175872803	0.0	0.38041773438453674	2.870187520980835	0.0	0.0	1.3919848203659058	2.7092854976654053	3.361626625061035	0.0	0.9477287530899048	0.0	2.22468638420105	2.0812582969665527	0.0	0.0	0.0	0.22114506363868713	2.374282121658325	0.1339500993490219	0.6143195629119873	0.3726956844329834	0.0
3.295952796936035	0.9516578912734985	1.1089352369308472	1.318304419517517	0.0	0.0	0.0	2.178529739379883	0.07185031473636627	0.2439873367547989	1.4533261060714722	2.9489240646362305	0.0	1.3673121929168701	0.08967919647693634	1.5985610485076904	0.0	0.0	1.4397627115249634	0.4402415454387665	0.0	0.44031837582588196	0.0	0.0	1.4199748039245605	1.8860890865325928	0.0	1.1484817266464233	0.0	1.8440066576004028	0.653903603553772	0.11994976550340652	0.4677182734012604	2.339984178543091	2.940307855606079	0.0	1.1514695882797241	2.806135416030884	0.0	0.9692015051841736	0.0	1.1541967391967773	0.0	2.9245471954345703	1.0438545942306519	1.2192484140396118	0.003464410314336419	2.461434841156006	0.7317934632301331	1.6665599346160889	0.0	0.545104444026947	0.0	4.1327805519104	2.6228559017181396	2.0903990268707275	0.47901514172554016	0.7857889533042908	0.0	1.8602217435836792	0.0	1.497454285621643	0.20568372309207916	0.2271679788827896
2.079357147216797	0.0	2.981860876083374	0.20871847867965698	2.1068310737609863	1.0105650424957275	2.109090805053711	0.4114750325679779	0.0	1.2650114297866821	0.5598154664039612	0.8136333227157593	2.1499743461608887	1.5450019836425781	2.970813751220703	3.3507018089294434	0.5743438601493835	0.025937292724847794	2.1211767196655273	0.0	1.8563752174377441	0.1930757611989975	0.5717942714691162	0.0	0.684513509273529	1.932875156402588	1.8081127405166626	3.304368257522583	2.021721839904785	0.26663723587989807	1.0122839212417603	0.030242402106523514	1.0287346839904785	1.8132649660110474	0.0	2.847137451171875	0.45383286476135254	0.08405137062072754	1.557321548461914	1.3391213417053223	1.9363086223602295	2.8700811862945557	0.33799871802330017	1.7689123153686523	2.924614906311035	0.0	0.8800103664398193	3.191175699234009	0.07063747197389603	0.0	0.0	1.0192821025848389	1.1358892917633057	0.8352980613708496	2.6658496856689453	1.2700730562210083	1.6757702827453613	2.2973625659942627	1.3856829404830933	1.896335482597351	2.3534305095672607	1.3567689657211304	0.0	0.0
0.8172717094421387	0.8269235491752625	2.97955060005188	0.11543669551610947	1.0990848541259766	1.2977027893066406	1.8795762062072754	1.3420472145080566	0.47763893008232117	2.822568893432617	0.0	2.470813751220703	2.6617088317871094	0.22910936176776886	4.4278411865234375	1.5884335041046143	0.0	0.29214149713516235	1.997878909111023	0.3796820044517517	0.008082589134573936	0.2637428641319275	1.2439230680465698	0.0	0.2642672061920166	1.9759505987167358	0.7410088181495667	1.8144294023513794	1.7519887685775757	0.24723578989505768	1.732059121131897	0.24051794409751892	2.2800800800323486	1.932895541191101	0.0	2.7935831546783447	0.5831962823867798	0.5984711647033691	0.0	0.0	1.7479902505874634	2.3101956844329834	0.0	0.36666470766067505	3.3194611072540283	4.772443771362305	0.6493580341339111	2.686152458190918	0.0	0.4061828553676605	0.0	0.42414242029190063	0.687881588935852	0.0	2.1696410179138184	1.2325365543365479	0.31761789321899414	4.214548587799072	1.4971280097961426	0.0	1.87739896774292	0.0	0.4025336503982544	0.751079797744751
3.1609890460968018	4.754506587982178	0.7445886731147766	1.3079304695129395	0.0	0.1681269258260727	0.8419253826141357	2.3835208415985107	2.4692084789276123	1.018235683441162	1.0181609392166138	2.1849076747894287	0.9540026783943176	1.8100899457931519	2.0046582221984863	2.3326871395111084	0.7639490365982056	0.2805960774421692	1.0821977853775024	1.8661229610443115	2.044588327407837	0.4548798203468323	1.446683406829834	0.9729521870613098	1.7237708568572998	0.48521530628204346	1.253363013267517	0.44921258091926575	0.12728528678417206	1.4458041191101074	1.05213463306427	2.137620449066162	0.6200531721115112	2.6925535202026367	2.561842441558838	0.0	1.8915680646896362	3.2752866744995117	3.5506069660186768	1.3022913932800293	0.0	0.3530022203922272	0.0	3.856782913208008	0.8194621801376343	3.5632755756378174	1.7366095781326294	1.8197134733200073	1.479670763015747	3.394667863845825	1.3117334842681885	0.0	0.767898440361023	2.664797306060791	1.6357781887054443	2.4114387035369873	2.7465460300445557	0.4865366518497467	0.37825557589530945	1.3563810586929321	1.2457280158996582	0.9881731867790222	1.787078619003296	1.5691710710525513
4.369710922241211	5.092714786529541	0.1146707683801651	1.2809447050094604	0.0	0.1100873127579689	0.01293990109115839	0.9045557975769043	1.8052458763122559	1.6765954494476318	1.805644154548645	3.298513412475586	0.0	3.127610206604004	2.8350045680999756	0.9571345448493958	0.0	0.7437329292297363	1.9119240045547485	1.2510013580322266	0.3902910351753235	0.0	0.0	0.0	0.0	1.4502794742584229	0.8756569027900696	1.6198385953903198	0.0	0.16730135679244995	0.0	0.855885922908783	0.0	3.8007869720458984	2.7128474712371826	0.6099706888198853	0.2676992118358612	1.4142225980758667	0.0	1.2094281911849976	0.053372401744127274	2.34497332572937	0.0	4.136713981628418	0.0	2.2066688537597656	0.9360865354537964	0.0	0.0	0.0	0.7252768278121948	1.254302740097046	0.1769823431968689	2.9405276775360107	3.635859489440918	3.2122175693511963	1.9805423021316528	1.8819540739059448	0.6262383460998535	2.7333903312683105	0.0	0.6148090958595276	2.388120651245117	1.7927868366241455
0.0	0.24750448763370514	2.0910000801086426	0.006559435278177261	0.525195837020874	0.0	0.12405931204557419	1.0853476524353027	0.13846448063850403	0.8921593427658081	0.7634152173995972	0.0	0.0	0.0	0.0	1.788123607635498	0.10676517337560654	2.770639181137085	0.7941935658454895	0.0	0.5025880932807922	0.0	0.04325936362147331	1.3772250413894653	2.625209331512451	2.308469295501709	1.5536872148513794	3.4337944984436035	0.10533799231052399	2.339240789413452	3.1550116539001465	0.09898097813129425	2.222547769546509	3.198841094970703	0.0	1.9048794507980347	0.13369697332382202	1.3192392587661743	2.0971107482910156	1.421156406402588	2.483334541320801	0.4909054934978485	0.03092118725180626	0.50859534740448	2.1294078826904297	0.0	0.0	1.1564826965332031	2.257822036743164	3.34529447555542	0.0	0.23628155887126923	0.0	0.7105157375335693	2.250276565551758	0.10410337895154953	0.0	0.0	0.422538697719574	2.2124457359313965	0.2650943100452423	0.44320303201675415	0.4836212992668152	0.0
0.7480804920196533	0.3552917540073395	2.1342780590057373	0.0756576731801033	0.731005847454071	0.0	1.2824586629867554	1.1746975183486938	0.0	1.17697274684906	0.21718893945217133	1.500981330871582	0.20195499062538147	0.11060865968465805	2.355257511138916	2.420466899871826	0.0	1.8517862558364868	1.7250641584396362	0.0	0.13560575246810913	0.0	0.0	0.27786657214164734	0.7361751198768616	2.4330902099609375	1.3083040714263916	3.8871564865112305	0.41498926281929016	1.1879518032073975	3.269303321838379	0.0	2.333189010620117	2.813194751739502	0.0	2.395296812057495	0.3299824297428131	1.0951240062713623	0.0	0.6836389303207397	2.8596272468566895	2.4437687397003174	0.0	0.5253608822822571	3.3109450340270996	2.9787497520446777	0.0	1.2405602931976318	0.440829336643219	1.5622695684432983	0.0	0.0	0.10617721080780029	0.5334561467170715	2.7730507850646973	0.9648934006690979	0.01934209279716015	3.421022653579712	1.3117421865463257	1.509423851966858	1.2531684637069702	0.4150514304637909	0.0	0.09238386154174805
3.646146297454834	4.012204647064209	0.3164063096046448	0.8792983889579773	0.0	0.0	0.0	1.1619138717651367	0.7816217541694641	1.2036360502243042	1.548816442489624	3.196937084197998	0.0	2.343661308288574	2.3610854148864746	0.8643893599510193	0.0	0.0	1.62571120262146	1.1146633625030518	0.01371524203568697	0.0	0.0	0.0	0.0	1.586621642112732	0.1353873312473297	1.7516478300094604	0.0	0.183987095952034	0.0	0.23150114715099335	0.0	3.4557430744171143	3.0162222385406494	0.0	0.0	1.723379135131836	0.0	0.7339324951171875	0.0	2.121075391769409	0.0	4.2398271560668945	0.40047380328178406	1.800698161125183	0.349515825510025	0.0	0.0	0.0	0.33475539088249207	0.5965320467948914	0.0	3.1880767345428467	2.9729228019714355	2.74788498878479	1.5847245454788208	1.6009248495101929	0.0	2.59460711479187	0.0	1.0014456510543823	1.713062047958374	1.4953522682189941
3.4874203205108643	4.817083358764648	0.23290345072746277	1.5319644212722778	0.0	0.0	0.0	1.171605110168457	2.606548309326172	1.7702969312667847	1.2292866706848145	2.9163527488708496	0.0	2.1812705993652344	2.2075746059417725	1.1129366159439087	0.0	0.0	1.4400315284729004	0.7203399538993835	0.298395574092865	0.0	0.31121131777763367	0.12387716770172119	1.3748295307159424	1.8654838800430298	0.5962702035903931	0.7228044867515564	0.0	1.2177025079727173	0.023263154551386833	1.6130256652832031	0.15427334606647491	3.7570512294769287	2.813394546508789	0.0	0.8088207840919495	2.189500331878662	0.0	0.725091278553009	0.49177101254463196	2.105588674545288	0.0	4.153533935546875	0.44788724184036255	3.6923632621765137	0.3462340831756592	2.017580270767212	0.721575915813446	1.3509036302566528	0.6623034477233887	1.2846249341964722	0.0	2.4672718048095703	3.278179883956909	3.0907909870147705	1.3487604856491089	1.7782182693481445	0.357984721660614	3.1297202110290527	0.27174869179725647	1.855973720550537	1.7584378719329834	1.3705986738204956
4.172018051147461	3.8266024589538574	0.0	0.9443804621696472	0.0	0.0	0.0	0.8453707695007324	0.5426114797592163	0.9987026453018188	1.2815964221954346	3.3552162647247314	0.0	2.508577346801758	2.456536293029785	0.8398549556732178	0.0	0.0	1.5431097745895386	0.9281370043754578	0.5357687473297119	0.0	0.0	0.0	0.0	1.498637080192566	0.3479083478450775	1.3085722923278809	0.0	0.43754011392593384	0.0	0.08442486077547073	0.0	3.7503716945648193	2.426787853240967	0.0	0.0	2.1504976749420166	0.0	0.6474363803863525	0.0164165198802948	2.6937663555145264	0.0	3.1160197257995605	0.36158543825149536	1.3438713550567627	0.3733629882335663	0.5659797191619873	0.0	0.0	0.4823608100414276	0.897209107875824	0.0	2.7404329776763916	2.8266007900238037	2.838017225265503	1.9480788707733154	1.9407318830490112	0.0	2.7238824367523193	0.011427282355725765	0.6983842253684998	1.6433128118515015	1.2637457847595215
0.08139172196388245	0.0	1.0604286193847656	0.3449692130088806	0.0	0.0	1.0604896545410156	2.436776638031006	1.5410372018814087	0.0	0.0	0.5064803957939148	0.220111683011055	0.0	0.0	0.0	0.741218626499176	2.0575568675994873	0.4556874632835388	0.0	0.0	1.5806409120559692	2.3404340744018555	1.859550952911377	3.1185011863708496	0.33796969056129456	0.0	0.5019816160202026	0.07717996835708618	1.019716501235962	2.559838056564331	1.6837046146392822	1.2069902420043945	0.3775113821029663	2.8337409496307373	0.14432117342948914	3.4411239624023438	2.140533447265625	3.221893787384033	1.5935977697372437	0.3888767957687378	0.9661129713058472	0.15335075557231903	3.0346789360046387	0.4858717918395996	2.7672107219696045	0.0	3.54697847366333	2.4585859775543213	3.7435638904571533	0.0	0.6490790247917175	0.0	1.7437362670898438	1.6468194723129272	1.5390738248825073	0.075591079890728	0.0	0.9753391146659851	1.9099559783935547	0.9527098536491394	0.1947987824678421	0.1456901580095291	0.03205772861838341
0.8229743242263794	0.5987616777420044	2.993513345718384	0.0	1.188935399055481	0.21006621420383453	0.7713291645050049	1.2532732486724854	0.0	1.2656551599502563	0.33857953548431396	2.094775438308716	0.6168819069862366	0.4635353684425354	2.7512552738189697	2.859123468399048	0.0	1.7232495546340942	1.473383903503418	0.0	0.17387159168720245	0.0	0.0	0.2544934153556824	0.940935492515564	2.212665319442749	1.7638019323349	4.049478530883789	0.5193690657615662	1.367881417274475	3.2991206645965576	0.0	2.3261759281158447	3.230926990509033	0.44799748063087463	2.08363676071167	1.4110898971557617	0.956587016582489	0.5102317333221436	1.0653456449508667	2.5608341693878174	1.9730890989303589	0.0	0.2774052023887634	3.717724084854126	2.74882435798645	0.16176562011241913	0.9065470099449158	0.8069843053817749	1.291486144065857	0.03613424673676491	0.49372100830078125	0.0	0.7056217193603516	2.9748358726501465	1.306022047996521	0.0	4.656172275543213	1.5484832525253296	1.5914710760116577	1.5872217416763306	0.12161927670240402	0.7183173298835754	0.0
1.8766956329345703	0.0	3.002490282058716	0.6504309773445129	1.883899211883545	1.1650283336639404	1.6054558753967285	0.4787297546863556	0.0	0.0	0.2997373342514038	0.7496238350868225	2.8542261123657227	1.7631670236587524	0.0	1.9144192934036255	2.3938910961151123	0.5766631364822388	1.9711838960647583	0.2913685441017151	2.8251242637634277	2.3478240966796875	2.771991491317749	1.0555025339126587	2.2704694271087646	0.19075149297714233	1.2309449911117554	0.650095522403717	3.0798165798187256	1.1176527738571167	0.9862793684005737	0.17778468132019043	0.19682501256465912	0.0746675655245781	0.0	2.3906569480895996	0.8520034551620483	0.3879409730434418	5.406960487365723	0.5221999287605286	0.8631148934364319	0.8321043848991394	2.1633286476135254	0.24917271733283997	2.46685791015625	0.0	0.1940290480852127	3.803556442260742	0.2251199334859848	0.7360720038414001	0.0	1.5893216133117676	1.2396808862686157	0.36029452085494995	0.0	1.2707459926605225	1.1566483974456787	0.09136362373828888	0.9209997057914734	0.662024974822998	1.50385582447052	0.15606361627578735	0.0	0.0
0.41119474172592163	0.655423104763031	2.753134250640869	0.0359799787402153	1.3886442184448242	0.9361124634742737	0.5617880821228027	1.0577006340026855	0.3254292905330658	2.116677761077881	0.18761010468006134	2.384000062942505	0.9310997128486633	0.0	3.6525075435638428	2.5165796279907227	0.0	0.75580894947052	1.557444453239441	0.1846940815448761	0.0	0.0	0.006071984767913818	0.0	0.04508769139647484	2.8359375	1.1098476648330688	3.5490360260009766	0.5612618327140808	0.7407492995262146	2.052924633026123	0.07858394086360931	2.370546579360962	2.4394447803497314	0.6669803857803345	2.8569202423095703	0.2648240327835083	0.6251062750816345	0.0	0.0	2.7261996269226074	2.0416884422302246	0.0	0.843237578868866	3.4191644191741943	4.960333824157715	0.3008711338043213	1.7058430910110474	0.42595404386520386	0.4224338233470917	0.33405834436416626	0.360896497964859	0.3011322319507599	0.0	2.424940347671509	1.2757402658462524	0.09884612262248993	4.258527755737305	1.2126508951187134	0.7622827887535095	1.2175649404525757	0.10853248834609985	0.4643609821796417	0.3519607484340668
2.8239939212799072	0.7972061038017273	2.0798211097717285	1.2791725397109985	0.40384116768836975	1.1817973852157593	1.2319620847702026	1.1655818223953247	0.18228639662265778	1.2350267171859741	0.3768596053123474	1.2431520223617554	1.892240285873413	2.573014497756958	0.0	2.4962358474731445	1.3529274463653564	0.0	1.338454246520996	0.2829635739326477	2.7169415950775146	3.005851984024048	2.2686407566070557	0.0	1.2219696044921875	1.5205211639404297	1.131481409072876	1.8132530450820923	1.8332428932189941	0.089985191822052	0.0	0.6337699890136719	1.2424131631851196	1.8829691410064697	1.1872786283493042	2.2623989582061768	0.6741384863853455	1.269805669784546	3.171917200088501	0.029650388285517693	0.3872874975204468	2.1144514083862305	1.8860737085342407	1.255476713180542	1.652637243270874	0.06224833428859711	1.8159281015396118	3.120077133178711	0.28775912523269653	0.6696234345436096	0.5758584141731262	3.276491641998291	1.6277493238449097	2.1734397411346436	2.6629085540771484	1.212644100189209	2.7306785583496094	1.5702985525131226	0.12490096688270569	0.5186454057693481	1.3645439147949219	2.313178539276123	0.6831302046775818	0.14560332894325256
0.7560979723930359	1.2190414667129517	1.9248039722442627	0.2778525650501251	0.576384961605072	0.0	2.3053908348083496	1.000722885131836	0.09514407813549042	1.233366847038269	0.028346993029117584	2.4712774753570557	0.0	0.44469091296195984	3.710407257080078	1.9963942766189575	0.0	1.349294900894165	1.5073027610778809	0.13335299491882324	0.2000851035118103	0.0	0.0	0.3538680970668793	0.8648314476013184	1.960174798965454	1.5115439891815186	3.6769704818725586	1.031142234802246	0.8395050168037415	3.5294690132141113	0.09228912740945816	2.5114057064056396	2.7088444232940674	0.37831607460975647	2.320427894592285	1.0365686416625977	1.0303831100463867	0.0	0.8393396735191345	3.0536892414093018	2.232501745223999	0.0	1.4203060865402222	3.8110060691833496	4.081284523010254	0.36792823672294617	0.8640565872192383	0.7835718393325806	1.2190474271774292	0.22329917550086975	0.0	0.0	0.248662531375885	2.3332133293151855	1.605261206626892	0.0	4.29451847076416	1.3107494115829468	1.3368536233901978	1.384013295173645	0.18312020599842072	0.752290666103363	0.5873429775238037
3.080367088317871	3.9701931476593018	0.2619219720363617	1.223206877708435	0.0	0.0	0.5263264179229736	1.8114510774612427	1.9630368947982788	1.5729326009750366	1.1001570224761963	3.567399263381958	0.8858353495597839	2.0076870918273926	1.9698013067245483	0.7878549695014954	0.0	0.7660569548606873	1.3385443687438965	1.0143543481826782	0.251207560300827	0.08754081279039383	0.9070450067520142	0.0	0.7037413120269775	0.579975426197052	0.32989662885665894	0.44627293944358826	0.0	0.6484950184822083	0.383733868598938	1.009662389755249	0.0	2.5662496089935303	3.9320194721221924	0.0	2.226022481918335	2.2210700511932373	0.0	1.4452683925628662	0.5853134393692017	1.730858564376831	0.0	5.636596202850342	0.19977031648159027	2.641540765762329	0.60979825258255	1.0628156661987305	1.0198462009429932	0.5835908651351929	0.7450155019760132	0.6115798950195312	0.0	2.444760322570801	3.421921968460083	2.975633382797241	1.3333624601364136	1.9068818092346191	0.6406390070915222	3.0096609592437744	0.49022558331489563	0.42789360880851746	1.4416056871414185	1.5629669427871704
2.8506319522857666	2.2397382259368896	1.2694933414459229	1.2996363639831543	0.0	0.0	0.0	2.419307231903076	0.5987536311149597	0.6668630242347717	0.7337523102760315	2.7640304565429688	0.0	1.1377031803131104	0.3760172724723816	1.1831247806549072	0.0	0.0	1.2376571893692017	0.7355499863624573	0.0	1.200593113899231	0.9842410087585449	0.5108214020729065	2.623701572418213	1.3197689056396484	0.0	0.55527663230896	0.0	1.2655564546585083	2.0182764530181885	0.9522343873977661	0.7800493240356445	2.2821154594421387	3.558088779449463	0.0	2.314608097076416	2.4839117527008057	0.6609821915626526	1.298309326171875	0.0	1.7308505773544312	0.0	4.57095193862915	0.7060340642929077	2.92641282081604	0.0	3.948829174041748	1.3767390251159668	2.5576796531677246	0.0	0.29447802901268005	0.0	3.7598466873168945	2.564058542251587	2.69462513923645	0.43310385942459106	1.147936224937439	0.8437310457229614	3.019584894180298	0.6732609272003174	1.0780465602874756	0.38386034965515137	0.5841256976127625
0.0	0.01567838154733181	2.58902645111084	0.0	0.9197722673416138	0.0	0.023750223219394684	1.1980160474777222	0.0	0.7762810587882996	1.251968502998352	0.1225525289773941	0.0	0.10863994807004929	0.5838120579719543	2.121432304382324	0.0	2.1410863399505615	1.2824689149856567	0.0	0.5020338892936707	0.0	0.0	0.5720075368881226	2.0320932865142822	2.6210687160491943	1.6509732007980347	4.23434591293335	0.0	2.011078119277954	2.722717523574829	0.22864077985286713	2.3674156665802	3.5021278858184814	0.07256075739860535	2.579864740371704	0.38376376032829285	1.2901381254196167	0.0	1.4817701578140259	2.9968135356903076	1.17636239528656	0.0	0.09675579518079758	3.4788618087768555	1.8426127433776855	0.0	1.1892075538635254	1.154255986213684	2.7153570652008057	0.0	0.3239659070968628	0.0	0.9255335927009583	2.7531213760375977	1.1466926336288452	0.0	1.876882553100586	0.8518329858779907	2.4776346683502197	0.6311663389205933	0.3241347074508667	0.1455424576997757	0.0
4.413019180297852	4.368515491485596	0.2143033742904663	1.5235285758972168	0.0	0.16982127726078033	0.0	1.0711089372634888	1.424739122390747	1.7338227033615112	1.3069459199905396	3.022385358810425	0.2965295910835266	2.96911883354187	2.752139091491699	1.4783738851547241	0.0	0.0	2.060558319091797	1.4913326501846313	0.7186875343322754	0.2038985937833786	0.0	0.0	0.04216872155666351	1.3553869724273682	0.7982330322265625	0.622704267501831	0.2115919142961502	0.7621439695358276	0.0	1.2360275983810425	0.0	3.6254115104675293	2.275658130645752	0.0	0.20694127678871155	1.5782686471939087	0.0	0.49583956599235535	0.0	2.1745502948760986	0.0	2.7945547103881836	0.3416179120540619	3.148087978363037	1.3399704694747925	1.2068510055541992	0.16481317579746246	0.0	0.6223218441009521	1.7134144306182861	0.0	2.114381790161133	2.5014495849609375	3.4048924446105957	2.1686277389526367	1.8875638246536255	0.0	2.2876625061035156	0.24130041897296906	1.3128827810287476	1.7085658311843872	1.309118390083313
4.1322150230407715	3.265310049057007	0.9150353670120239	0.9259045720100403	0.0	0.0	0.0	1.525565505027771	0.0310917217284441	1.1448144912719727	1.1973024606704712	3.183049201965332	0.0	2.3229448795318604	1.860169768333435	1.6159271001815796	0.0	0.0	1.6916193962097168	0.495423823595047	0.6389885544776917	0.7501422762870789	0.0	0.0	1.0024644136428833	1.8940684795379639	0.0	1.3875963687896729	0.0	1.2369656562805176	1.1129264831542969	0.09705207496881485	0.0	3.558694839477539	2.703723192214966	0.4701794385910034	0.358975350856781	2.0874011516571045	0.0	0.766144871711731	0.4163897931575775	1.9089680910110474	0.0	3.1466925144195557	1.3937735557556152	1.3739242553710938	0.017455395311117172	2.0022220611572266	0.0	0.7241174578666687	0.0	1.1147984266281128	0.0	3.5981240272521973	3.613600015640259	2.394599437713623	1.0385907888412476	1.49083411693573	0.09495672583580017	2.30351185798645	0.3120137155056	0.9276987910270691	1.123409628868103	1.212174415588379
3.3392252922058105	2.8644208908081055	0.4800773561000824	1.3334952592849731	0.0	0.0	0.0	1.4820910692214966	0.23869435489177704	1.060068964958191	1.220654010772705	2.951815128326416	0.0	1.948117733001709	1.0824592113494873	0.9135649800300598	0.0	0.0	1.4115879535675049	0.9559817910194397	0.4657180905342102	0.0	0.0	0.010343470610678196	0.7379202842712402	1.5254384279251099	0.38610243797302246	1.4154568910598755	0.0	1.8717678785324097	0.0	0.0	0.0	3.519805669784546	2.6239163875579834	0.0	0.4101276993751526	2.7210445404052734	0.0	0.9206082224845886	0.7566395998001099	2.256920576095581	0.0	4.443108081817627	0.4069826900959015	1.6488478183746338	0.0	0.9858711361885071	0.5514817833900452	0.1806282252073288	0.04468078538775444	0.9101739525794983	0.0	3.309163808822632	3.940094232559204	2.7754454612731934	1.3382394313812256	1.2207709550857544	0.1246870756149292	2.522279739379883	0.0	1.6282567977905273	1.0170217752456665	1.0164358615875244
2.2100865840911865	0.0	2.1901943683624268	0.377786785364151	0.7537020444869995	0.6992415189743042	2.534043788909912	0.9911673069000244	0.3452305197715759	1.0724507570266724	0.0	0.5916850566864014	2.3322713375091553	1.118422031402588	0.0	2.437962293624878	2.4179368019104004	0.0	1.2266048192977905	0.0	3.0471301078796387	2.6815056800842285	2.822727918624878	0.8134052753448486	1.8837281465530396	1.3495644330978394	1.2656224966049194	0.7003301978111267	2.633350372314453	0.7717211246490479	0.12621791660785675	0.6340688467025757	0.6316343545913696	0.8556811809539795	0.22383664548397064	2.5433738231658936	0.6555182933807373	1.109817385673523	5.382896900177002	0.6251894235610962	0.3899006247520447	1.674599289894104	2.544879674911499	1.9304925203323364	1.5743494033813477	0.0	1.690922737121582	3.755777359008789	0.3851119577884674	1.3661445379257202	0.4433267414569855	2.292067050933838	1.6022412776947021	1.1309361457824707	0.3369990587234497	1.0984930992126465	2.956564426422119	0.0	0.12630146741867065	0.0	1.8805363178253174	1.7956496477127075	0.0	0.0
0.16408732533454895	4.405411243438721	0.5858936905860901	2.0139286518096924	0.49536585807800293	0.06634677946567535	1.354584813117981	1.3771569728851318	2.882723093032837	1.5142347812652588	0.7793087959289551	1.3940927982330322	0.32212480902671814	0.6489291787147522	1.4167389869689941	1.357177972793579	0.8164893984794617	2.128041982650757	0.502589225769043	1.4735132455825806	1.9764349460601807	0.9346297979354858	1.7477049827575684	0.3935961127281189	1.7064095735549927	1.3410329818725586	1.8848870992660522	2.621569871902466	0.13512979447841644	1.528713583946228	1.851930856704712	1.4153828620910645	2.06251859664917	3.6531577110290527	1.8383076190948486	3.2673683166503906	0.9403462409973145	2.7223544120788574	2.426528215408325	1.6044633388519287	3.1455812454223633	0.602801501750946	1.4991950988769531	3.413388729095459	0.9940875768661499	2.2126972675323486	1.2824993133544922	1.6079003810882568	2.0542023181915283	3.3754477500915527	0.6985582113265991	1.7806276082992554	0.8581867218017578	1.541500449180603	3.2546515464782715	1.7523342370986938	1.5610963106155396	2.24308443069458	0.09950760751962662	2.860910177230835	0.5952752232551575	1.9665298461914062	1.7611161470413208	0.9137211441993713
1.545620322227478	1.3599209785461426	2.258671998977661	1.6405125856399536	1.1457490921020508	0.5272639989852905	0.6915355324745178	1.0739338397979736	1.7044122219085693	1.3216828107833862	0.4778974950313568	1.1125158071517944	1.3940398693084717	1.2055442333221436	0.0912134200334549	3.1261463165283203	1.7006314992904663	0.022130627185106277	1.0451006889343262	0.7244599461555481	3.15964937210083	1.5748976469039917	0.8987216949462891	0.04519609361886978	1.5651565790176392	2.780047655105591	1.6871458292007446	3.4614579677581787	1.395119547843933	1.3508598804473877	1.0628061294555664	1.651987075805664	1.6109240055084229	1.9931129217147827	1.3882428407669067	3.836177110671997	0.5016941428184509	1.2507559061050415	3.808243751525879	1.4106450080871582	2.703867197036743	2.0425148010253906	1.9117871522903442	2.8813247680664062	2.7290449142456055	2.239865779876709	1.8316843509674072	2.114368200302124	1.4360895156860352	2.038397789001465	0.799079418182373	2.5602400302886963	1.3879412412643433	1.341017246246338	3.493873357772827	1.1009669303894043	2.664447784423828	0.5149835348129272	0.30322837829589844	1.5044430494308472	0.6814408302307129	1.715878963470459	0.5273712873458862	0.0
1.48922860622406	0.0	3.276714563369751	0.0	0.9144740700721741	1.3453351259231567	1.777582049369812	0.6338575482368469	0.0	1.3076510429382324	0.3040546178817749	0.8681781888008118	3.0931599140167236	1.3816994428634644	0.6756110787391663	1.937467098236084	2.6079232692718506	0.0	1.83492112159729	0.0	1.6201823949813843	1.9203002452850342	2.3562448024749756	0.29054296016693115	0.7732527852058411	1.2801597118377686	0.6128203868865967	0.23305922746658325	2.845244884490967	0.5957098603248596	0.3146550953388214	0.6938360929489136	0.8235682249069214	0.16495664417743683	0.0	0.994329035282135	0.7182843685150146	0.0	3.832836389541626	0.0	1.2096552848815918	1.3643817901611328	0.9619349837303162	1.4211831092834473	2.611130475997925	0.5787789225578308	0.9350857138633728	3.8239903450012207	0.046073511242866516	0.0	0.0	2.4792120456695557	1.0848989486694336	0.5914807319641113	1.4415632486343384	1.7502734661102295	1.7571338415145874	0.4771745204925537	1.102109670639038	0.0	1.9587478637695312	0.2518303692340851	0.0	0.0
2.6086745262145996	1.2070138454437256	1.8647834062576294	1.4454851150512695	0.2527540624141693	0.16815578937530518	0.2870695888996124	1.5678151845932007	0.3106469213962555	0.9763285517692566	2.0714786052703857	2.6709322929382324	0.892778754234314	2.3245322704315186	0.7073466181755066	2.5113768577575684	1.7895798683166504	0.0	1.7795839309692383	0.8650045990943909	2.3371262550354004	1.4915874004364014	0.10392419248819351	0.0	2.381476402282715	1.7563916444778442	1.0877220630645752	0.4261685907840729	0.6465124487876892	1.5501725673675537	0.973653256893158	0.5994058847427368	0.5272974967956543	1.3998669385910034	1.5220239162445068	1.7901453971862793	0.14395880699157715	1.4230759143829346	1.9918732643127441	1.3589181900024414	0.0	1.0796136856079102	1.4755381345748901	1.1922285556793213	0.12128843367099762	1.066187858581543	1.2654331922531128	3.333449363708496	0.9748234152793884	1.149387001991272	0.153843954205513	2.534653663635254	0.778462827205658	3.29742693901062	2.2898902893066406	1.8833385705947876	2.234927177429199	0.16669005155563354	0.426904559135437	0.7500885725021362	0.1323196440935135	2.1104984283447266	0.4069659411907196	0.8497208952903748
0.0	0.0	2.593245267868042	0.5303207039833069	0.4772982597351074	0.0	0.0	1.3652430772781372	0.0	0.7966123819351196	0.49705252051353455	0.0	0.0	0.0	0.0	1.7934564352035522	0.0	2.550226926803589	0.9411200881004333	0.0	0.39354175329208374	0.0	0.0	0.8966385722160339	2.2879278659820557	2.386996269226074	1.6600189208984375	3.517927408218384	0.0	2.56337571144104	2.8655083179473877	0.0	2.11650013923645	3.4948551654815674	0.0	2.6273117065429688	0.0	1.5820037126541138	0.061389900743961334	1.3848495483398438	3.0337109565734863	0.0	0.0	0.07641240209341049	2.8350586891174316	0.0	0.0	0.9476895332336426	1.6128292083740234	2.665112257003784	0.0	0.46475493907928467	0.22203068435192108	0.5216805934906006	2.20121169090271	0.0	0.0	0.0	0.41805413365364075	2.3048934936523438	0.0	0.16579747200012207	0.39880281686782837	0.0
0.0	0.0	2.190464735031128	0.5597578883171082	0.5926399827003479	0.0	0.0	1.3694441318511963	0.0	0.0	0.6744379997253418	0.0	0.0	0.0	0.0	1.9757354259490967	0.0	2.7616939544677734	0.4859803318977356	0.0	0.520647406578064	0.0	0.28134816884994507	1.0510544776916504	2.2478139400482178	2.3191158771514893	1.3888128995895386	3.331425189971924	0.04283858463168144	2.9757726192474365	2.9530606269836426	0.0	1.7601162195205688	3.4084107875823975	0.0	2.3646461963653564	0.0	1.9051827192306519	0.9130833148956299	1.5021427869796753	2.6004693508148193	0.0	0.2214854508638382	0.10706442594528198	2.4729115962982178	0.0	0.0	0.9629635810852051	2.4775350093841553	2.966986656188965	0.0	0.5441463589668274	0.0	0.4038648009300232	1.73735511302948	0.0	0.0	0.0	0.1410452425479889	2.1491923332214355	0.0	0.7426738142967224	0.41284996271133423	0.04764251410961151
3.8407723903656006	3.989074468612671	0.0	1.5272414684295654	0.0	0.0	0.0	1.0863896608352661	1.4550917148590088	1.9528385400772095	1.2862550020217896	3.0164008140563965	0.0	2.454599380493164	2.2614047527313232	0.413525253534317	0.0	0.03188330680131912	1.5532424449920654	1.092078447341919	0.09324666112661362	0.0	0.0	0.0	0.5415470004081726	1.242828130722046	0.40961208939552307	1.1540380716323853	0.0	0.4572593569755554	0.0	0.6086310148239136	0.0	3.6593611240386963	2.868054151535034	0.0	0.47651904821395874	2.3292994499206543	0.0	0.9463725090026855	0.3849867880344391	3.1536056995391846	0.0	4.694642066955566	0.2987055480480194	2.4123828411102295	0.0	0.7816646099090576	0.0	0.0	0.1855320781469345	1.0232619047164917	0.0	2.3164515495300293	3.3554208278656006	3.054943323135376	1.6733065843582153	1.6440471410751343	0.3918684422969818	2.6757843494415283	0.0	1.3713164329528809	1.6550709009170532	1.2197682857513428
0.7734944224357605	0.7320887446403503	3.075862407684326	0.25540801882743835	1.4511653184890747	0.6461910605430603	1.2745999097824097	0.9781197309494019	0.0	2.2713212966918945	0.1787814348936081	1.7909854650497437	0.8602174520492554	0.34917697310447693	2.69079327583313	2.0631978511810303	0.0	1.0620638132095337	1.1849679946899414	0.0	0.13646084070205688	0.0	0.0	0.050966307520866394	0.2696533799171448	2.1906275749206543	1.3618664741516113	4.094292163848877	0.7133250832557678	1.1183362007141113	3.1338977813720703	0.0	2.3432843685150146	3.2284433841705322	0.41637158393859863	2.4758310317993164	0.9177956581115723	0.616352915763855	0.0	0.833288848400116	2.547950267791748	2.0655601024627686	0.0	0.33026373386383057	3.7914679050445557	3.465027332305908	0.2325938194990158	1.2005095481872559	0.6438876390457153	0.8679273724555969	0.01534985937178135	0.0	0.6911346316337585	0.319357693195343	3.187209367752075	1.3719326257705688	0.0	3.8438334465026855	1.8004108667373657	1.4028254747390747	2.261681318283081	0.210665762424469	0.9042401909828186	0.0
0.0	0.09157270193099976	2.377516269683838	0.22958898544311523	0.38791587948799133	0.0	0.0	1.2758817672729492	0.0	0.17851689457893372	0.19057594239711761	0.0	0.0	0.0	0.0	1.966525912284851	0.0	2.7365474700927734	0.7553274631500244	0.0	0.4381522238254547	0.0	0.44795167446136475	1.097495675086975	1.866008996963501	2.5317435264587402	1.7617361545562744	3.356281042098999	0.0	2.5894358158111572	2.7269744873046875	0.0	1.9215282201766968	3.358849287033081	0.0	2.219364643096924	0.0	1.505433201789856	0.5263261795043945	1.1374884843826294	3.1322524547576904	0.0	0.0	0.0	2.643968105316162	0.0	0.14500504732131958	0.6736370921134949	2.2436232566833496	2.8972325325012207	0.0	0.6520852446556091	0.0	0.15624898672103882	1.460583209991455	0.0	0.0	0.0	0.35370415449142456	1.9578386545181274	0.0	0.5414740443229675	0.3303340971469879	0.0
0.0	0.0	1.1339398622512817	0.3866027593612671	0.5398092865943909	0.0	1.3730344772338867	2.3718836307525635	1.5994004011154175	0.0	0.0	0.0	0.911996066570282	0.0	0.0	0.0	0.6336272954940796	2.1008310317993164	0.0	0.0	0.0	1.5957993268966675	2.119784116744995	1.811984658241272	3.0348012447357178	0.11249103397130966	0.0	0.4785274863243103	0.5380616188049316	0.7860476970672607	2.601149082183838	1.314656138420105	1.5464260578155518	0.3782084286212921	2.1812119483947754	0.34985676407814026	3.886289596557617	2.3059804439544678	3.075754165649414	1.2839174270629883	0.6498460173606873	1.0456587076187134	0.0	2.725046396255493	0.2186666578054428	2.8439958095550537	0.0	3.0965018272399902	3.187166452407837	3.6447594165802	0.08569413423538208	0.16463583707809448	0.0	1.280637502670288	0.4826350808143616	0.5810368061065674	0.0	0.0	0.6051570773124695	1.4968732595443726	0.8611622452735901	0.23337829113006592	0.43205535411834717	0.1604866236448288
0.0	0.0	2.705915927886963	0.5714982748031616	0.5982149839401245	0.0	0.11794140189886093	1.4982118606567383	0.0	0.6824301481246948	0.3925137221813202	0.0	0.0	0.0	0.0	1.99924635887146	0.0	2.344886064529419	1.058659315109253	0.0	0.631123960018158	0.0	0.0	0.757783055305481	1.8487861156463623	2.4714622497558594	1.5367127656936646	3.989978790283203	0.03297151252627373	2.4748458862304688	2.5358119010925293	0.0	1.7923705577850342	3.187021255493164	0.0	2.391929864883423	0.2739405333995819	1.4161708354949951	0.0	1.2101001739501953	3.2832436561584473	0.0	0.0	0.0	3.016643524169922	0.0	0.0	0.5937004685401917	1.51786208152771	2.4012179374694824	0.0	0.49215179681777954	0.0	0.8670632243156433	2.2996737957000732	0.0	0.0	0.0	0.485757052898407	2.0575592517852783	0.18280258774757385	0.3206728994846344	0.810507595539093	0.0
1.7202415466308594	0.0	3.2274036407470703	0.0	1.7255923748016357	1.2210170030593872	1.7403513193130493	0.4282984137535095	0.0	0.9415386915206909	0.15488463640213013	0.8962439298629761	3.3321893215179443	1.5418330430984497	0.9192448854446411	2.365208625793457	2.133958578109741	0.0	2.063223123550415	0.11268652230501175	1.7088767290115356	2.168180227279663	2.8550381660461426	1.0100328922271729	2.0853400230407715	0.8138426542282104	0.6644664406776428	1.3593307733535767	2.708047866821289	0.0746687799692154	0.585399329662323	0.5676032900810242	0.9738029837608337	0.0999857634305954	0.5412777662277222	1.7825343608856201	1.217024326324463	0.0	5.270021438598633	0.28703343868255615	0.6573666334152222	1.7743589878082275	2.0805118083953857	2.134420871734619	2.614410877227783	0.0	0.7490178942680359	4.1463494300842285	0.3988131880760193	0.5174229741096497	0.0	1.6211903095245361	1.1691937446594238	0.0	0.489818811416626	1.23878014087677	1.250282645225525	0.27161285281181335	1.0617830753326416	0.1378936767578125	1.8886510133743286	0.22885479032993317	0.0	0.0
0.0	0.11551100760698318	0.7128297090530396	0.3327583968639374	0.0	0.0	1.623477816581726	2.560922861099243	2.2885520458221436	0.0	0.0	0.0	0.8713961243629456	0.0	0.0	0.0	0.8492476940155029	2.0646355152130127	0.0	0.433980792760849	0.0	1.6396766901016235	2.1830811500549316	1.9544755220413208	2.8593952655792236	0.0	0.0	0.0	0.6988495588302612	0.7400519251823425	2.4137346744537354	1.741240382194519	1.2013393640518188	0.48336151242256165	1.9890797138214111	0.33979594707489014	4.152365207672119	2.275406837463379	3.5595850944519043	1.4019299745559692	0.44579944014549255	0.7409641146659851	0.0	2.238109588623047	0.0	3.325944662094116	0.0	2.7033302783966064	2.9521732330322266	3.6347317695617676	0.2524617910385132	0.3161686956882477	0.0	1.1694226264953613	0.18397417664527893	0.32184037566185	0.0	0.0	0.7864531874656677	1.328199028968811	0.6239941120147705	0.0	0.17979487776756287	0.31371474266052246
0.8423858880996704	0.0	2.8774657249450684	0.0	1.8995368480682373	1.2546969652175903	1.5500304698944092	0.6367000341415405	0.3328348696231842	2.5951826572418213	0.0	2.5390868186950684	2.274610757827759	0.07081692665815353	3.696359872817993	2.1047239303588867	0.0	0.0	1.4545156955718994	0.0	0.0	0.1539955884218216	0.9265868067741394	0.0	0.0	1.8677477836608887	0.3951061964035034	2.6651298999786377	1.02684485912323	0.0	1.8077669143676758	0.48179891705513	1.7956022024154663	1.8818577527999878	0.42719897627830505	2.7017414569854736	1.0109704732894897	0.0	0.0	0.0	2.335512638092041	1.1732090711593628	0.0	0.7501567006111145	2.8821492195129395	4.378151893615723	0.48415809869766235	2.1546781063079834	0.003792642615735531	0.3265892267227173	0.0	0.14841707050800323	0.4961182475090027	0.0	1.9479602575302124	1.5302488803863525	0.0	4.439658164978027	1.556467056274414	0.0	2.197662353515625	0.0	0.0	0.31082507967948914
0.0	0.0	1.341930627822876	0.06174883246421814	0.41409146785736084	0.0	0.5478877425193787	2.6309170722961426	1.5672187805175781	0.0	0.0	0.0	0.0	0.0	0.0	0.0	1.2743674516677856	2.246340036392212	0.0	0.0	0.0	1.584673523902893	1.9691985845565796	1.8415402173995972	3.422788381576538	0.5992864966392517	0.0	0.7762134671211243	0.0	1.5951439142227173	3.05845308303833	1.2136296033859253	1.3059717416763306	0.8419121503829956	2.1244959831237793	0.22746890783309937	3.3802566528320312	2.5818374156951904	3.4832892417907715	2.1264002323150635	0.5368935465812683	1.5050151348114014	0.009861117228865623	2.151953935623169	0.263196736574173	2.3404152393341064	0.0	2.981887102127075	2.6380791664123535	3.6797263622283936	0.0	0.23829838633537292	0.0	2.107365846633911	1.2153908014297485	0.431609570980072	0.0	0.0	1.0506685972213745	1.9351630210876465	0.7254338264465332	0.1751432716846466	0.0	0.1268625557422638
1.7808932065963745	0.0	3.251035690307617	0.0	2.288801908493042	1.301244854927063	1.670587182044983	0.29398587346076965	0.0	1.286643147468567	0.0	0.3957403302192688	3.863306760787964	1.2690826654434204	0.8791413903236389	2.1463518142700195	2.5914177894592285	0.17181183397769928	1.9142049551010132	0.01754310168325901	1.5243827104568481	2.065577268600464	3.2710883617401123	0.8672729730606079	1.71528959274292	0.5804611444473267	0.8566637635231018	1.5067884922027588	2.644840717315674	0.0	0.6170304417610168	0.17545431852340698	1.4900885820388794	0.9443081021308899	0.21415913105010986	1.8375779390335083	1.4698941707611084	0.0	4.819185256958008	0.46216756105422974	1.6611477136611938	1.82952082157135	2.304659128189087	2.281860113143921	2.7960896492004395	0.14346742630004883	0.3416275978088379	4.018931865692139	0.4324032664299011	0.10690579563379288	0.0	1.9976625442504883	1.1206368207931519	0.0	1.111553430557251	1.263519287109375	1.0407356023788452	0.7067793607711792	1.3954930305480957	0.28597739338874817	2.223339796066284	0.7041469812393188	0.0	0.0
0.0	0.42180296778678894	1.3725346326828003	0.0	0.0	0.0	0.9833794832229614	2.3118600845336914	1.6742759943008423	0.0	0.0	0.0	1.2525475025177002	0.0	0.0	0.0	0.9326509833335876	2.0273213386535645	0.0	0.0	0.0	1.6500529050827026	1.9450287818908691	2.0481109619140625	3.13634991645813	0.4377957284450531	0.0	1.1847281455993652	0.07709991186857224	1.325212001800537	3.292534112930298	1.7687854766845703	1.2316269874572754	0.687686562538147	2.270415782928467	0.1841231882572174	3.318129777908325	2.2070748805999756	3.783719539642334	2.3409955501556396	0.18924763798713684	1.5542237758636475	0.0	2.8113391399383545	0.8235758543014526	2.811664581298828	0.0	2.9397664070129395	2.1628520488739014	3.5577170848846436	0.0	0.0	0.0	2.030273914337158	1.0435452461242676	0.8233738541603088	0.0	0.0	1.0505223274230957	1.814548373222351	1.0505049228668213	0.0	0.0	0.05484746769070625
0.0	0.0	2.695420026779175	0.3271884620189667	0.5237893462181091	0.0	0.0	1.5414681434631348	0.0	0.5133717656135559	0.3789365291595459	0.0	0.0	0.0	0.0	1.5880666971206665	0.0	2.611520528793335	0.8115137219429016	0.0	0.49581584334373474	0.0	0.0	0.929926872253418	2.070955991744995	2.4303088188171387	1.4971925020217896	3.6275715827941895	0.0	2.491405725479126	2.9477272033691406	0.0	1.9582985639572144	3.3328568935394287	0.0	2.540203332901001	0.3305996358394623	1.2864617109298706	0.08175728470087051	1.1360994577407837	3.160543441772461	0.0	0.010558152571320534	0.0	2.789942979812622	0.0	0.0	0.7426022291183472	1.7759829759597778	2.708486795425415	0.0	0.5299217700958252	0.0	0.8135280609130859	1.9842820167541504	0.0	0.0	0.08523500710725784	0.3479040265083313	2.235481023788452	0.022842464968562126	0.22837404906749725	0.4345339238643646	0.0
2.499901294708252	4.549318790435791	0.15005888044834137	1.062548041343689	0.0	0.06157667562365532	0.0	0.954401433467865	2.8392646312713623	0.4872097969055176	1.3737919330596924	2.3919308185577393	0.6026551723480225	2.0118439197540283	1.936828851699829	0.0	0.0	0.0	0.8690056204795837	1.7002025842666626	0.0	0.0	1.1216908693313599	0.35303422808647156	0.012924941256642342	0.8321971893310547	0.0	0.28013700246810913	0.007917338982224464	0.0	0.10305551439523697	2.4114468097686768	0.0	1.9362313747406006	3.573181390762329	0.0	1.4759712219238281	1.5436010360717773	0.7689361572265625	0.8798643350601196	0.0	0.7645601034164429	0.0	1.655861496925354	0.0	3.8714091777801514	1.6445128917694092	0.7878202199935913	0.0	0.0476074293255806	0.7009665966033936	0.0	0.0	2.793200731277466	1.627447247505188	2.2214648723602295	1.6415047645568848	0.4895555078983307	1.1822974681854248	1.6516497135162354	0.08331567794084549	1.3217811584472656	1.6899594068527222	2.224517583847046
0.0	0.0	1.343838095664978	0.27222058176994324	0.0	0.0	0.9703969359397888	2.439788341522217	1.1702038049697876	0.0	0.0	0.0	0.15017639100551605	0.0	0.0	0.0	0.9911271929740906	1.9463962316513062	0.20874394476413727	0.0	0.0	1.322899580001831	1.8381925821304321	1.8259727954864502	3.134652614593506	0.5319891571998596	0.0	0.9624922871589661	0.1597273200750351	1.3847665786743164	2.6903932094573975	1.2076205015182495	1.0868502855300903	0.8827641010284424	1.7832865715026855	0.7881620526313782	2.9618332386016846	2.1232166290283203	2.926509141921997	2.1840755939483643	1.4429960250854492	0.8701587319374084	0.0	2.3633439540863037	0.24000072479248047	1.7155202627182007	0.0	3.0982773303985596	2.791393995285034	3.5256667137145996	0.0	0.16178050637245178	0.0	1.5859825611114502	1.885937213897705	0.3994279205799103	0.0	0.0	1.1263957023620605	1.8941764831542969	0.44197574257850647	0.019650574773550034	0.0	0.09850168228149414
0.0	0.0	1.4268598556518555	0.5489277839660645	0.0	0.0	1.5172990560531616	2.4030001163482666	1.1414109468460083	0.0	0.0	0.0	1.0571948289871216	0.0	0.0	0.0	0.7291960120201111	2.265324354171753	0.0	0.05820484086871147	0.0	1.7196489572525024	2.220458745956421	1.791853666305542	3.325443744659424	0.5815306305885315	0.0	0.386921226978302	0.06742078065872192	1.3354530334472656	2.5079972743988037	1.211474061012268	1.1000111103057861	0.5805841088294983	2.398484230041504	0.30428436398506165	3.3172764778137207	2.247551679611206	2.747955083847046	1.461507797241211	0.5614659190177917	1.0166665315628052	0.0	3.7259480953216553	0.17037910223007202	2.872346878051758	0.0	3.674046516418457	2.64089035987854	3.656975507736206	0.04086807742714882	0.15583495795726776	0.0	1.7143898010253906	0.897842288017273	0.462424635887146	0.0	0.0	0.712219774723053	2.0057034492492676	0.6045368909835815	0.2293335646390915	0.3098510801792145	0.0
2.5461819171905518	0.0	2.0114083290100098	0.9693087935447693	1.0087716579437256	0.8295015096664429	1.2347157001495361	0.5972276926040649	0.0	0.048055149614810944	0.3360458016395569	1.1814292669296265	2.5054194927215576	1.839166522026062	0.0	2.5798847675323486	2.1488375663757324	0.0	1.7664916515350342	0.3931844234466553	2.9335882663726807	2.6155004501342773	2.644394636154175	1.0700241327285767	2.0207011699676514	0.8221520185470581	0.9572877883911133	0.9127267003059387	2.4110095500946045	1.2271716594696045	0.10025521367788315	0.11884579062461853	0.3965781331062317	0.03028854914009571	0.0	2.2558958530426025	0.3902665376663208	0.8252039551734924	5.186631202697754	0.6658649444580078	0.7198919057846069	0.2638070285320282	2.0849990844726562	0.37508782744407654	1.3014267683029175	0.25218021869659424	1.2514132261276245	3.1645901203155518	0.453021377325058	1.2482279539108276	0.0	1.8091285228729248	1.1142841577529907	1.1895464658737183	0.06535494327545166	1.2296544313430786	2.230246067047119	0.0	0.2851044833660126	0.0	1.1500654220581055	1.1749144792556763	0.0	0.0
3.0883116722106934	2.6556718349456787	1.258212924003601	0.9460194110870361	0.0	0.0	0.521991491317749	2.6970551013946533	1.3925217390060425	0.594965398311615	0.012348857708275318	2.490610361099243	0.0	1.2563546895980835	0.9698874950408936	0.5910210609436035	0.2307189702987671	0.0	1.3792462348937988	0.6270396709442139	0.02924959547817707	0.699826180934906	1.7453653812408447	0.679938018321991	2.6594319343566895	0.8770712018013	0.13405145704746246	0.0	0.0	0.9324573278427124	1.7652047872543335	1.4950315952301025	0.7889698147773743	2.1480090618133545	3.302985906600952	0.0	2.9742543697357178	2.8115341663360596	1.616650104522705	1.3516368865966797	0.40196216106414795	1.977399230003357	0.0	4.53438663482666	0.7313036322593689	4.148311614990234	0.0	3.8523106575012207	1.7807809114456177	2.556124687194824	0.0	0.9540024399757385	0.0	2.746769666671753	1.9590885639190674	3.0633280277252197	1.1204897165298462	1.0114015340805054	0.9267182946205139	1.7956255674362183	1.295568823814392	0.43511226773262024	0.6216881275177002	0.6456976532936096
3.5620005130767822	4.427873134613037	0.5323874950408936	1.3414883613586426	0.0	0.0	0.5794606804847717	1.1150153875350952	3.1194138526916504	1.1892622709274292	0.9058624505996704	2.4839694499969482	0.6054298281669617	2.4247324466705322	0.9418379664421082	0.20347534120082855	0.0	0.5214464068412781	1.2729692459106445	0.5042399168014526	0.5758361220359802	0.8593202233314514	1.321968913078308	0.8176085948944092	1.3171499967575073	2.0412933826446533	0.6983065605163574	0.9428654313087463	0.0	1.2149717807769775	0.0727531760931015	1.861929178237915	0.8797304034233093	4.079514503479004	3.3919906616210938	0.0	2.096832513809204	2.711747169494629	0.0	1.126800775527954	1.0018103122711182	1.6574373245239258	0.1635647565126419	4.5293049812316895	0.0	4.46379280090332	0.8856586813926697	2.1661038398742676	1.5426316261291504	1.7495406866073608	0.4272034764289856	1.3975920677185059	0.0	2.037306308746338	2.5946238040924072	2.8122332096099854	1.6844550371170044	1.3293312788009644	0.4090009927749634	2.8828179836273193	0.3918745815753937	1.778729796409607	1.4563816785812378	1.1584168672561646
0.0	0.0	2.5966415405273438	0.5169610977172852	0.5853545665740967	0.0	0.0	1.818840503692627	0.0	0.44310855865478516	0.3830588757991791	0.0	0.0	0.0	0.0	1.7889264822006226	0.0	2.7409465312957764	0.7114430665969849	0.0	0.7308616042137146	0.0	0.0	1.029316782951355	2.14406418800354	2.2813405990600586	1.4895411729812622	3.7693331241607666	0.0	2.645103931427002	2.998561143875122	0.0	2.267354726791382	3.276762008666992	0.0	2.221076011657715	0.3946795165538788	1.3401561975479126	0.4950748682022095	1.2082289457321167	2.945836305618286	0.0	0.0	0.0	2.871655225753784	0.0	0.0	0.9531043767929077	1.9721661806106567	2.8235721588134766	0.0	0.4203062951564789	0.0	0.4962344467639923	1.862194538116455	0.0	0.0	0.0	0.44426217675209045	2.064507007598877	0.035303063690662384	0.2582663893699646	0.4325871467590332	0.0
1.5093156099319458	1.381274700164795	0.5475645661354065	0.3351374566555023	0.11289635300636292	0.0	0.7918179631233215	2.691702365875244	2.348968744277954	0.01941431686282158	0.1566513031721115	0.8203002214431763	0.3802639842033386	0.6668543815612793	0.9283771514892578	0.7414045333862305	0.08197090029716492	1.9567815065383911	0.03643455356359482	0.959337592124939	0.0	1.3974828720092773	1.248021125793457	2.0742814540863037	1.9555449485778809	0.05234426259994507	0.0	1.6748127937316895	0.0	0.8931095600128174	2.9731643199920654	2.203277826309204	0.8465698957443237	1.878881573677063	2.618265151977539	0.0	4.363001823425293	2.637589693069458	2.5752992630004883	3.175499677658081	0.0	3.1698262691497803	0.0	3.7190895080566406	0.5158255696296692	4.344078540802002	1.087454080581665	1.857221245765686	1.5623152256011963	3.1906557083129883	0.37019091844558716	0.0	0.0	2.4362049102783203	1.5223103761672974	2.4524588584899902	0.35746538639068604	0.969679594039917	1.322208285331726	0.7414364218711853	1.5404170751571655	0.8307688236236572	0.0	0.7726803421974182
1.8335511684417725	4.5168776512146	0.8384290933609009	2.2022838592529297	0.0	0.09865690022706985	1.6708287000656128	1.4677338600158691	4.326839447021484	0.7404846549034119	2.0946288108825684	2.6719553470611572	0.9467553496360779	3.0980210304260254	1.8428620100021362	1.6160215139389038	0.0	1.822540521621704	0.5595036745071411	1.3448809385299683	1.2327595949172974	1.1357171535491943	0.4646965563297272	0.4966498017311096	2.864990711212158	0.9985742568969727	2.1504712104797363	1.6804090738296509	0.0	1.374062180519104	1.9260271787643433	0.6087215542793274	2.760373830795288	3.6924049854278564	1.8280231952667236	0.17639394104480743	1.6851885318756104	2.269366502761841	0.0	1.868175745010376	0.9007611274719238	2.154240846633911	0.0	2.6729495525360107	0.3805554211139679	2.3117339611053467	1.7451506853103638	3.034924030303955	1.8392730951309204	2.708474636077881	1.229892373085022	0.7353661060333252	1.6240593194961548	1.7692347764968872	3.723583698272705	2.178182601928711	2.053201913833618	2.24013090133667	0.46862801909446716	2.5680525302886963	0.39375290274620056	2.930586338043213	2.3659889698028564	1.3977818489074707
1.3008356094360352	0.0	2.938002347946167	0.0	1.7370961904525757	1.26421320438385	2.030189275741577	0.2642287313938141	0.06963909417390823	0.919990062713623	0.0	0.4571644961833954	3.2098939418792725	0.6722791790962219	0.5571035146713257	1.8286552429199219	2.827796459197998	0.0	1.503000020980835	0.0	1.161675214767456	2.2354013919830322	3.0885462760925293	0.8342357873916626	1.5010102987289429	0.2560514509677887	0.0	1.2975157499313354	2.7840452194213867	0.08346384763717651	0.5783432126045227	0.9222027063369751	0.2510671615600586	0.0	0.0	1.2544969320297241	0.40978342294692993	0.0	5.559820175170898	0.0	0.0	1.0821025371551514	2.2631497383117676	1.2990602254867554	2.3721864223480225	0.4534474313259125	0.3700110912322998	4.043796539306641	0.6320192217826843	0.0	0.0	1.6843243837356567	1.4932993650436401	0.0	1.3274710178375244	1.303116798400879	0.6395437121391296	0.6966257691383362	1.371130347251892	0.0	2.0878918170928955	0.0	0.0	0.0
0.0	0.040052562952041626	1.4030113220214844	0.7424988746643066	0.0	0.0	1.3034722805023193	2.3888840675354004	0.968428373336792	0.0	0.7578708529472351	0.0	1.2371094226837158	0.0	0.0	0.37601473927497864	1.0375312566757202	0.9611722826957703	0.0	0.116937056183815	0.0	1.5217695236206055	2.3231821060180664	1.5305039882659912	3.14143443107605	0.032752420753240585	0.0	0.3578529953956604	0.0	1.0466432571411133	2.2178399562835693	1.061821460723877	0.9548351764678955	0.491646409034729	2.4415371417999268	0.0	3.2406463623046875	2.3938348293304443	3.2786366939544678	1.1862796545028687	0.0	0.5880811810493469	0.0	2.98402738571167	0.19983124732971191	2.5583102703094482	0.0	3.4605705738067627	2.765068292617798	3.2344167232513428	0.0	0.30394604802131653	0.0	1.7050234079360962	0.6096431612968445	0.7325001955032349	0.0	0.0	0.4366814196109772	1.5825934410095215	0.7843881845474243	0.0	0.2793531119823456	0.0
2.8676533699035645	5.731810569763184	1.4615713357925415	1.152122139930725	1.241776704788208	1.2308076620101929	3.9190618991851807	0.63703453540802	1.7022100687026978	0.5059210658073425	1.0908138751983643	0.6248201727867126	2.9974141120910645	2.3016905784606934	2.8624844551086426	2.815438985824585	1.7011113166809082	2.4572927951812744	1.693393588066101	0.7277759909629822	1.9534558057785034	1.284010648727417	1.363998293876648	1.3639882802963257	0.8597780466079712	0.4175575077533722	2.5137195587158203	2.093050479888916	1.279893398284912	0.08869583159685135	0.5766618251800537	2.040562152862549	3.1562113761901855	4.206645965576172	1.320208191871643	2.6922786235809326	1.314171314239502	0.0	4.855598449707031	0.42571741342544556	0.8518617153167725	1.2268600463867188	2.281431198120117	0.5275920629501343	1.5162930488586426	1.347936987876892	2.260432720184326	2.5496578216552734	1.0126336812973022	1.340749740600586	0.7527093291282654	1.3939132690429688	1.786274790763855	0.0	0.22617672383785248	1.9995744228363037	2.58921480178833	1.7900625467300415	1.002590298652649	2.0299060344696045	2.266432046890259	1.8718923330307007	2.842587947845459	1.154012680053711
0.13912644982337952	0.0	3.9285330772399902	1.2983309030532837	1.076122760772705	1.1838634014129639	0.0	1.663346529006958	0.6083020567893982	2.3124313354492188	0.8227142095565796	0.4632173776626587	2.8914620876312256	0.6478271484375	0.0	3.409475326538086	0.1840798258781433	0.0	1.169081449508667	0.0	1.7193118333816528	0.8187218308448792	2.639758586883545	0.0	1.172540545463562	2.647814989089966	1.0309630632400513	3.0704898834228516	0.6726396083831787	3.071277141571045	0.6276642084121704	0.47588351368904114	0.6412382125854492	2.3305482864379883	0.18441838026046753	2.0563104152679443	0.004575345199555159	1.1528756618499756	0.6499567627906799	1.4633039236068726	2.602084159851074	0.0	0.0	1.4145333766937256	3.311310052871704	0.0	0.0	2.124978542327881	1.5378252267837524	1.2887312173843384	0.0	0.6701891422271729	0.6818371415138245	1.7871347665786743	2.8298444747924805	0.3477020561695099	0.08736684918403625	0.0	0.8566234707832336	1.41129469871521	0.9325473308563232	0.6696476340293884	0.14332835376262665	0.0
0.0	2.806936264038086	1.6776273250579834	1.4668000936508179	0.07172998040914536	0.0	0.8944277167320251	2.0988519191741943	2.0006823539733887	0.5424044132232666	1.0778976678848267	0.0	0.0	0.15165269374847412	0.536312460899353	1.7919719219207764	0.0	2.7796847820281982	0.567852258682251	0.10575182735919952	0.35234472155570984	0.46799764037132263	0.28985705971717834	1.6511054039001465	3.036374568939209	1.0818229913711548	1.666867971420288	2.488496780395508	0.0	2.1085050106048584	3.4205546379089355	0.45783233642578125	1.7950005531311035	3.611191511154175	2.539670467376709	0.7407093048095703	2.253654956817627	2.8754324913024902	1.3304462432861328	2.8221802711486816	2.522228717803955	1.6885255575180054	0.25971123576164246	3.080766439437866	1.2494996786117554	1.106644868850708	0.4175325334072113	2.051586866378784	2.473551034927368	3.4480679035186768	0.036826472729444504	0.0	0.0	1.3432426452636719	3.12493896484375	1.7531592845916748	0.6127791404724121	0.4767504632472992	1.0687060356140137	1.567696452140808	1.3410239219665527	1.6523100137710571	1.514758586883545	1.2874276638031006
0.7957552075386047	0.8143283128738403	2.7353546619415283	0.0	1.0126808881759644	0.11090727150440216	1.0152008533477783	1.3645763397216797	0.0	1.329068660736084	0.20289768278598785	0.7097020149230957	0.19552887976169586	0.5050286650657654	1.349434733390808	2.25874924659729	0.090034618973732	2.002183198928833	1.241591215133667	0.0	0.2886611819267273	0.0	0.30252745747566223	0.5691977739334106	0.7999758720397949	2.1651880741119385	1.3607313632965088	3.8253650665283203	0.0	1.4546401500701904	3.513972043991089	0.0	2.2937026023864746	3.290661334991455	0.35332971811294556	2.3103363513946533	1.4975967407226562	1.2564804553985596	0.0	1.4775099754333496	2.9066622257232666	1.585938811302185	0.0	0.0	3.453559398651123	1.9344035387039185	0.07181534916162491	0.7557207345962524	0.9473511576652527	1.8903075456619263	0.0	0.0	0.0	0.683226466178894	2.8532938957214355	1.3003968000411987	0.0	2.6926956176757812	1.720389723777771	1.1819003820419312	1.6842589378356934	0.08546822518110275	0.8295371532440186	0.09135348349809647
0.7331469655036926	0.9110617637634277	2.707322597503662	0.2539902627468109	1.4915841817855835	1.2973670959472656	2.6011109352111816	1.1473602056503296	0.4026477336883545	2.3933756351470947	0.0	2.5011661052703857	3.070826530456543	0.1920587718486786	4.441402435302734	1.7461230754852295	0.0	0.28177309036254883	1.9771239757537842	0.3013893961906433	0.0	0.0	1.7671571969985962	0.29914793372154236	0.1970975399017334	1.9862909317016602	0.8279167413711548	1.807386875152588	1.414229154586792	0.0	1.9937727451324463	0.7799535989761353	2.10673451423645	1.7539726495742798	0.01618977077305317	2.478076696395874	0.895504355430603	0.0	0.0	0.0	1.8813931941986084	2.1245245933532715	0.0	0.8311909437179565	3.241842746734619	4.623512268066406	0.650992751121521	2.313692808151245	0.0396607369184494	0.18183794617652893	0.0	0.11069394648075104	0.4128296673297882	0.0	1.8740315437316895	1.3613684177398682	0.3994787633419037	4.277351379394531	1.4778273105621338	0.41577327251434326	2.1466634273529053	0.0	0.3515503704547882	0.6566944122314453
2.424445152282715	0.0	2.5179812908172607	0.18651029467582703	1.9286116361618042	1.3045827150344849	2.5493221282958984	0.44437307119369507	0.0	0.5471516251564026	0.42183056473731995	0.7570504546165466	3.352318048477173	1.7458653450012207	2.0260517597198486	2.473843574523926	1.7321150302886963	0.0	2.115206241607666	0.1575385332107544	1.7503806352615356	1.8424911499023438	2.1772043704986572	0.037066251039505005	0.8464319109916687	1.1832361221313477	1.2508172988891602	1.933334231376648	2.585526704788208	0.0	0.6245162487030029	0.8562383651733398	0.9889312386512756	0.30008941888809204	0.0	2.3208425045013428	0.30123740434646606	0.0	4.6073737144470215	0.10118239372968674	1.0705755949020386	1.576818585395813	2.2902708053588867	0.8969656825065613	2.2354140281677246	1.13801908493042	1.1560053825378418	3.667685031890869	0.32499703764915466	0.01132088154554367	0.0	2.4269602298736572	1.447049856185913	0.0	0.5499839782714844	0.9623942375183105	1.887787103652954	1.5253300666809082	0.9904227256774902	0.07882670313119888	2.1748697757720947	0.6500540971755981	0.11301968991756439	0.0
0.0	0.0	1.6180694103240967	0.594139039516449	0.0	0.0	1.7693711519241333	2.7898330688476562	1.0600374937057495	0.0	0.24964377284049988	0.21970775723457336	1.0976181030273438	0.0	0.0	0.0	0.9202778935432434	2.0704758167266846	0.38597050309181213	0.09043356031179428	0.0	1.8019392490386963	2.353532314300537	1.669249176979065	3.283921241760254	0.4505138397216797	0.0	0.1301850974559784	0.2368433028459549	1.0554674863815308	2.7406201362609863	1.3507946729660034	1.4096205234527588	0.7453974485397339	2.374232292175293	0.610209584236145	4.183722019195557	2.167442560195923	3.246631622314453	1.1994930505752563	1.2395607233047485	1.476639747619629	0.0	2.671868085861206	0.6474310755729675	3.835254430770874	0.0	3.4221463203430176	2.519824981689453	3.604339122772217	0.47491970658302307	0.2343311756849289	0.0	1.7624279260635376	1.8333146572113037	2.0146403312683105	0.05932440236210823	0.0	0.6030232310295105	1.6711616516113281	0.8591717481613159	0.0	0.19398637115955353	0.13167409598827362
1.9266257286071777	0.0	3.085172176361084	0.8402592539787292	2.0701375007629395	1.0593478679656982	1.47995126247406	0.5957064032554626	0.4661189317703247	0.8793274760246277	0.3135116398334503	0.5298438668251038	3.6312289237976074	1.8228546380996704	1.7514305114746094	2.056317090988159	2.374969005584717	0.894044041633606	1.9134154319763184	0.24790117144584656	2.8819797039031982	1.8365941047668457	3.2363953590393066	0.8229209780693054	2.1049444675445557	0.5872905850410461	1.197916865348816	1.5682603120803833	2.7142765522003174	2.4049885272979736	0.8637435436248779	0.9954373836517334	1.285691738128662	1.68873929977417	0.305728018283844	1.691343069076538	1.3016554117202759	0.5327169299125671	4.954233169555664	1.2910934686660767	1.485788345336914	2.205798625946045	2.232306957244873	1.9000458717346191	2.8190836906433105	0.0	0.1820744276046753	3.7443878650665283	0.7606152892112732	0.7654903531074524	0.0	1.6573729515075684	0.9162686467170715	0.5119150876998901	1.1165574789047241	0.7337763905525208	1.2949198484420776	0.5100215077400208	0.8295841217041016	1.1629352569580078	1.53658926486969	0.7590106725692749	0.04779502749443054	0.0
0.0	0.287253737449646	2.818915843963623	0.0	0.564135730266571	0.0	0.8342787027359009	1.227224588394165	0.0	0.5738921761512756	0.013248673640191555	1.8049323558807373	0.0	0.0	1.8634376525878906	1.591940999031067	0.0	2.421288013458252	1.118493914604187	0.0	0.5785203576087952	0.0	0.0	0.7930835485458374	1.7745366096496582	2.507338762283325	1.2863423824310303	4.771976947784424	0.27910634875297546	2.0023043155670166	3.5600807666778564	0.2663153111934662	2.562779188156128	3.02813720703125	0.10363133996725082	1.797040581703186	0.6701158285140991	0.978527307510376	0.29761290550231934	1.1857980489730835	2.9204494953155518	1.920430064201355	0.0	0.12680749595165253	3.6167454719543457	3.6016225814819336	0.06569832563400269	1.384742021560669	1.6718717813491821	2.4312305450439453	0.16696196794509888	0.0	0.0	1.1778064966201782	2.374642848968506	1.1740103960037231	0.0	3.09921932220459	1.0330778360366821	1.6967920064926147	1.206544041633606	0.37565839290618896	0.32742875814437866	0.41466376185417175
4.389382362365723	4.617733955383301	0.3113098442554474	1.434782862663269	0.0	0.2877030074596405	0.6456378102302551	0.5125397443771362	2.0833535194396973	1.805267333984375	0.9290300011634827	3.0315613746643066	0.405499130487442	2.9536545276641846	2.529822587966919	2.317664384841919	0.27902546525001526	0.0	1.9016876220703125	1.5901490449905396	1.1120476722717285	0.530441164970398	0.00447425851598382	0.0	0.49470704793930054	1.795883059501648	1.3553502559661865	0.6499038338661194	0.08722665905952454	0.9850773215293884	0.0	1.8512394428253174	0.07153217494487762	3.545947790145874	2.066359043121338	0.0	0.0	1.6020426750183105	0.0	0.740627110004425	0.0	1.4460235834121704	0.1562061309814453	4.287355422973633	0.5397894382476807	3.326110601425171	1.9310405254364014	1.821764349937439	0.27519935369491577	0.45110636949539185	0.8232249021530151	1.944752812385559	0.2523682415485382	2.369694709777832	3.101013660430908	3.415910482406616	2.1333446502685547	1.9289653301239014	0.0	2.0811171531677246	0.44821301102638245	1.6676369905471802	1.864929437637329	1.5709818601608276
2.202507495880127	5.446054935455322	0.1795145571231842	1.4426853656768799	1.2696318626403809	1.0942814350128174	1.7874237298965454	0.17849984765052795	3.3219547271728516	0.7194922566413879	1.640267252922058	2.7010250091552734	1.3855751752853394	3.031355619430542	2.511199951171875	2.140728712081909	1.8554948568344116	2.690764904022217	0.38906145095825195	1.457184910774231	1.296966791152954	1.6377190351486206	0.857211172580719	0.4197726249694824	0.7392432689666748	1.045137643814087	1.444507360458374	2.9494500160217285	1.360682487487793	0.44988465309143066	2.0848326683044434	0.815452516078949	3.4989521503448486	3.9153428077697754	2.135007858276367	1.2604036331176758	0.39770805835723877	0.02903960831463337	2.9729413986206055	1.1384516954421997	1.349213719367981	1.6267588138580322	1.7545720338821411	1.2016913890838623	0.05051567777991295	4.335043907165527	2.4300923347473145	0.6602005362510681	1.4767485857009888	1.035372018814087	0.8560431599617004	2.405193567276001	2.797330141067505	0.6833931803703308	2.52414870262146	2.1224544048309326	2.6818015575408936	3.2986326217651367	0.2800798714160919	2.8470845222473145	1.373306393623352	2.692263126373291	2.9123799800872803	1.9716805219650269
2.049668550491333	0.0	2.8683457374572754	0.2419431507587433	1.2845382690429688	1.2943263053894043	1.5685067176818848	0.38374343514442444	0.0	0.2773776948451996	0.177729532122612	0.9100064039230347	2.7835607528686523	1.4991075992584229	0.023158136755228043	2.0941121578216553	2.7172470092773438	0.0	1.6093639135360718	0.23113134503364563	2.321843385696411	2.751786947250366	3.009852647781372	0.8937028646469116	1.7480682134628296	0.0	0.23591962456703186	0.0	2.7066845893859863	0.2744763195514679	0.0	0.5639064908027649	0.0	0.0	0.0	1.7942087650299072	0.38939109444618225	0.0	5.530106067657471	0.07495594769716263	0.0	0.6575299501419067	2.252235174179077	0.3488495349884033	1.5684759616851807	0.0	1.290188193321228	3.5123825073242188	0.6870262622833252	0.3722025156021118	0.0	2.4610602855682373	1.255912184715271	0.28814247250556946	0.024563781917095184	1.1890183687210083	1.8646267652511597	0.256448358297348	0.602584183216095	0.0	1.7001357078552246	0.7060611248016357	0.0	0.0
0.0	0.0	1.5505632162094116	0.30066952109336853	0.0	0.0	1.7685670852661133	2.0868985652923584	1.5007274150848389	0.0	0.0	0.0	1.042770266532898	0.0	0.0	0.0	0.9372935891151428	2.003729820251465	0.0	0.0	0.0	1.3289662599563599	2.1337292194366455	1.7831501960754395	3.0355417728424072	0.08650994300842285	0.0	0.3484792113304138	1.2462496757507324	1.037645697593689	2.9568889141082764	0.9302659630775452	1.071099877357483	0.36059775948524475	1.6062707901000977	0.1361205279827118	3.1023752689361572	1.8301246166229248	3.153061866760254	1.0615649223327637	0.9018925428390503	0.40078628063201904	0.0066164350137114525	1.8669744729995728	0.2476433515548706	1.6591858863830566	0.0	2.5258185863494873	3.07047963142395	3.3074469566345215	0.0	0.2161545753479004	0.0	0.8931970596313477	0.9126268029212952	0.0	0.0	0.0	0.5439866185188293	1.3833645582199097	0.9634231328964233	0.0	0.0	0.050203703343868256
