0.0	0.0	0.14429576694965363	0.0	0.0	0.0	1.6142445802688599	0.9289897680282593	0.0	0.40105608105659485	0.6186275482177734	0.0	0.0	0.5203025341033936	0.09377150982618332	0.0	0.0	0.577685534954071	2.536888360977173	1.734566569328308	0.33096158504486084	0.985335111618042	0.0	0.04893256723880768	0.48201093077659607	0.0	0.2686306834220886	0.0	0.862269937992096	0.43472403287887573	0.0	0.6024712324142456	0.5496605038642883	0.40163543820381165	0.0	0.331958144903183	0.32272985577583313	0.0	0.0	0.8964855074882507	0.5786809921264648	1.0066704750061035	1.9260029792785645	0.0	0.011030344292521477	1.1066856384277344	0.0	0.0	0.5327659249305725	2.0474305152893066	1.7175116539001465	0.0	1.6699727773666382	0.0	0.5799664258956909	0.0	0.0	0.0	1.7102278470993042	0.6455094218254089	0.0	1.1434032917022705	0.7847197651863098	2.2950994968414307
0.11541521549224854	0.0	0.3548346161842346	0.0	0.0	0.0	1.1301332712173462	0.7279218435287476	0.0	0.5480543375015259	0.4121134579181671	0.0	0.0	1.0117303133010864	0.0	0.011197056621313095	0.0	0.23459629714488983	2.4175360202789307	1.7480595111846924	0.11625347286462784	0.829047441482544	0.0	0.5296300053596497	0.8073916435241699	0.0	0.0	0.0	0.9442606568336487	0.4321937561035156	0.0	1.0012027025222778	0.781794548034668	0.3540079593658447	0.08619025349617004	0.49501970410346985	0.4600060284137726	0.0	0.0	1.4136099815368652	0.4627089202404022	0.9817467331886292	2.4699809551239014	0.0	0.6975103616714478	0.7763772010803223	0.0	0.0	0.19420704245567322	2.500720500946045	1.292609691619873	0.0	1.7757633924484253	0.0	0.5362089276313782	0.05530904605984688	0.0	0.08006251603364944	2.079855442047119	0.8621504306793213	0.0	1.864967942237854	0.96473228931427	2.014796495437622
0.0	0.0	0.3912402391433716	0.0	0.0	0.0	1.7777681350708008	1.2365365028381348	0.0	0.23472583293914795	0.6728056073188782	0.0	0.0	0.4504130482673645	0.0	0.0	0.0	0.5982310771942139	2.6191391944885254	1.6427440643310547	0.32892152667045593	0.6675150394439697	0.0	0.4878115653991699	0.6835871338844299	0.0	0.0	0.0	0.6379772424697876	0.265083909034729	0.0	0.6726304888725281	0.655234694480896	0.6172115206718445	0.0	0.21991920471191406	0.397172749042511	0.0	0.0	1.0203912258148193	0.6500946879386902	1.1487566232681274	2.1902527809143066	0.0	0.0	1.07267427444458	0.0	0.0	0.5347644090652466	2.3023345470428467	1.7284272909164429	0.0	1.502139925956726	0.0	0.827363133430481	0.08661966025829315	0.0	0.0	1.8986129760742188	0.6072037816047668	0.0	1.3958367109298706	0.7281846404075623	2.423823833465576
0.0	0.0	0.4478606879711151	0.0	0.0	0.0	1.6057506799697876	0.7277660369873047	0.0	0.14249876141548157	0.7017456293106079	0.0	0.0	0.37771788239479065	0.0	0.0	0.0	0.822666347026825	2.302727460861206	1.5492345094680786	0.4202080965042114	0.45297786593437195	0.0	0.5001856088638306	0.787217915058136	0.0	0.0	0.0	0.37715545296669006	0.15881338715553284	0.0	0.6125349998474121	0.5945442318916321	0.547187089920044	0.0	0.0	0.3021697402000427	0.0	0.0	0.8081663846969604	0.7845826148986816	0.7161523103713989	1.979176640510559	0.0	0.10909881442785263	1.2284032106399536	0.0	0.0	0.5760448575019836	2.380161762237549	1.7116252183914185	0.0	1.4604614973068237	0.0	0.8018362522125244	0.0	0.0	0.0	1.6433125734329224	0.6671866774559021	0.0	1.4247568845748901	0.6136795282363892	2.308011531829834
0.0	0.0	0.6006941199302673	0.0	0.0	0.0	1.8228195905685425	1.0090044736862183	0.0	0.19116860628128052	0.8629010915756226	0.0	0.0	0.43078291416168213	0.0	0.0	0.0	0.6824132800102234	2.340559720993042	1.5575460195541382	0.32565224170684814	0.7051032185554504	0.0	0.6199317574501038	0.9024477601051331	0.12535017728805542	0.0	0.0	0.5164694786071777	0.0	0.0	0.698246955871582	0.6347780227661133	0.65617835521698	0.0	0.17700804769992828	0.22183579206466675	0.0	0.0	0.876878559589386	0.6651824712753296	0.8239536285400391	1.9237574338912964	0.0	0.0	1.068278193473816	0.0	0.0	0.6178745031356812	2.3857924938201904	1.881435751914978	0.0	1.524988055229187	0.0	0.9366153478622437	0.0	0.0	0.0	1.7174015045166016	0.6895522475242615	0.0	1.3470042943954468	0.7091714143753052	2.288295269012451
0.0	0.0	0.5944174528121948	0.0	0.0	0.0	1.5236984491348267	0.8325132131576538	0.0	0.2128433883190155	0.6225619316101074	0.0	0.0	0.27429577708244324	0.0	0.0	0.0	0.6369228363037109	2.3651633262634277	1.477820873260498	0.3755638301372528	0.3800519108772278	0.007079700473695993	0.4133296310901642	0.9148520231246948	0.0	0.0	0.0	0.4838903844356537	0.010119294747710228	0.0	0.5614224672317505	0.48580408096313477	0.7163037657737732	0.0	0.0	0.289567768573761	0.0	0.0	0.7952957153320312	0.7563460469245911	0.6782416105270386	1.9182543754577637	0.0	0.08106528967618942	1.1247013807296753	0.0	0.0	0.5692997574806213	2.2134876251220703	1.7945281267166138	0.0	1.4373090267181396	0.0	0.7739248275756836	0.0	0.0	0.0	1.807552695274353	0.8080224990844727	0.0	1.5565265417099	0.5129958987236023	2.1074016094207764
0.0	0.0	0.1609397977590561	0.0	0.0	0.0	1.693607211112976	1.0397611856460571	0.0	0.35907185077667236	0.5878888368606567	0.0	0.0	0.5875340700149536	0.037796325981616974	0.0	0.0	0.7385504841804504	2.482482671737671	1.564571499824524	0.4640071988105774	0.873376190662384	0.0	0.0	0.3673316240310669	0.0	0.2619209587574005	0.0	1.0017204284667969	0.34040147066116333	0.0	0.5412418842315674	0.5091180801391602	0.44061338901519775	0.0	0.22673393785953522	0.39470434188842773	0.0	0.0	0.7656012773513794	0.6298373937606812	0.9916087985038757	2.0480904579162598	0.0	0.0813860297203064	1.2118746042251587	0.0	0.0	0.6106387972831726	1.8277599811553955	1.789880394935608	0.0	1.505504846572876	0.0	0.5811924934387207	0.0	0.0	0.0	1.6852283477783203	0.5772061944007874	0.0	1.0593430995941162	0.6464396715164185	2.3513503074645996
0.0	0.0	0.3495795428752899	0.0	0.0	0.0	1.3794680833816528	0.9274731278419495	0.0	0.441608726978302	0.4318731427192688	0.0	0.0	0.4181596636772156	0.13575610518455505	0.14611750841140747	0.0	0.4809289574623108	2.37939453125	1.7505685091018677	0.14912161231040955	0.5615272521972656	0.0	0.5989271402359009	0.7976934313774109	0.14115847647190094	0.0	0.0	0.8193402290344238	0.0	0.0	1.0664054155349731	0.9740850329399109	0.5166332721710205	0.0	0.05506505072116852	0.2706397771835327	0.0	0.0	1.207290530204773	0.5455694198608398	1.03640615940094	2.023738145828247	0.0	0.08742614090442657	1.0357211828231812	0.0	0.0	0.5552296042442322	2.6868886947631836	1.5078829526901245	0.0	1.463605523109436	0.0	0.8902882933616638	0.0	0.0	0.0	1.6800380945205688	0.6031801700592041	0.0	1.5613586902618408	0.9151754379272461	2.4142870903015137
0.0	0.0	0.16995763778686523	0.0	0.0	0.0	1.5017396211624146	0.6883828639984131	0.0	0.3547750413417816	0.6676549911499023	0.0	0.0	0.47683098912239075	0.016949092969298363	0.07584712654352188	0.0	0.5173081755638123	2.4137213230133057	1.7205830812454224	0.3135879933834076	0.7199450731277466	0.0	0.26135990023612976	0.6205396056175232	0.0	0.11215400695800781	0.0	0.7778550982475281	0.04170183837413788	0.0	0.5811883211135864	0.7405876517295837	0.49042442440986633	0.0	0.27225056290626526	0.3728697896003723	0.0	0.0	1.047865390777588	0.6298303604125977	0.7904396653175354	2.1093592643737793	0.0	0.08111148327589035	1.1322910785675049	0.0	0.0	0.4821522533893585	2.2053050994873047	1.6022435426712036	0.0	1.67311692237854	0.0	0.7020047307014465	0.0	0.0	0.0	1.6567898988723755	0.6208040714263916	0.0	1.4160082340240479	0.7121872305870056	2.290611505508423
0.0	0.0	0.3406994044780731	0.0	0.0	0.0	1.6298478841781616	1.0783653259277344	0.0	0.4287163317203522	0.6569254994392395	0.0	0.0	0.3452863395214081	0.0	0.0	0.0	0.6453933715820312	2.473276376724243	1.5126469135284424	0.35729527473449707	0.8727547526359558	0.0	0.39090272784233093	0.6683510541915894	0.0	0.028662506490945816	0.0	0.6727166175842285	0.38550689816474915	0.0	0.7673589587211609	0.6177366971969604	0.5642625689506531	0.0	0.19156697392463684	0.17477385699748993	0.0	0.0	1.0168408155441284	0.6905574798583984	1.259059190750122	1.9037187099456787	0.0	0.06586672365665436	1.102637767791748	0.0	0.0	0.6724792122840881	2.461235284805298	1.829930067062378	0.0	1.4311175346374512	0.0	0.8152196407318115	0.0	0.0	0.0	1.717463731765747	0.6874904036521912	0.0	1.4875329732894897	0.9452773332595825	2.472683906555176
0.0	0.0	0.36217254400253296	0.0	0.0	0.0	1.5647211074829102	0.9910650253295898	0.0	0.37725865840911865	0.4961372911930084	0.0	0.0	0.5303941965103149	0.0	0.0	0.0	0.6089776158332825	2.523986577987671	1.551832675933838	0.4478275179862976	0.7389084100723267	0.0	0.03012019768357277	0.3199138343334198	0.0	0.2928559482097626	0.0	0.8109015822410583	0.4029477536678314	0.0	0.5513193011283875	0.7522098422050476	0.42515507340431213	0.0	0.0	0.3991113007068634	0.0	0.0	0.8235457539558411	0.7586541771888733	1.0500500202178955	1.9520009756088257	0.0	0.12502463161945343	1.0099931955337524	0.0	0.0	0.5630218982696533	1.527838110923767	1.6085067987442017	0.0	1.5244958400726318	0.0	0.5972797274589539	0.0	0.0	0.0	1.7648826837539673	0.45382753014564514	0.0	1.235318660736084	0.6842607259750366	2.1962506771087646
0.0042521352879703045	0.0	0.19960369169712067	0.0	0.0	0.0	1.4286950826644897	0.9288047552108765	0.0	0.39420080184936523	0.7359819412231445	0.0	0.0	0.9204998016357422	0.0	0.0	0.0	0.3692881762981415	2.5567221641540527	1.8411363363265991	0.23846329748630524	1.024213194847107	0.0	0.225450336933136	0.7409398555755615	0.0	0.09029306471347809	0.0	0.8662133812904358	0.17743819952011108	0.0	0.9314090609550476	0.6283641457557678	0.4916172921657562	0.0	0.4105677008628845	0.36928391456604004	0.0	0.0	1.13811457157135	0.5399768352508545	0.9484001398086548	2.152278423309326	0.0	0.18619637191295624	0.9869039058685303	0.0	0.0	0.3995533585548401	2.0657145977020264	1.5592620372772217	0.0	1.7479444742202759	0.0	0.46715736389160156	0.0	0.0	0.0	1.8701887130737305	0.673375129699707	0.03657907620072365	1.5258339643478394	0.9163423776626587	2.3724918365478516
0.0	0.0	0.27026379108428955	0.0	0.0	0.0	1.6844978332519531	0.9310051798820496	0.0	0.3057684004306793	0.6806154847145081	0.0	0.0	0.5350253582000732	0.09804276376962662	0.0	0.0	0.7424898147583008	2.406891345977783	1.6471704244613647	0.3472476601600647	0.8451175689697266	0.0	0.14353932440280914	0.5703901052474976	0.0	0.06560888886451721	0.0	0.7153152823448181	0.2511357069015503	0.0	0.6356616616249084	0.617201566696167	0.4815311133861542	0.0	0.2925972640514374	0.4565460979938507	0.0	0.0	1.0514583587646484	0.6511637568473816	0.9416235089302063	2.0382580757141113	0.0	0.07816310226917267	1.1343225240707397	0.0	0.0	0.5513893961906433	2.1690990924835205	1.6153916120529175	0.0	1.5829001665115356	0.0	0.5420496463775635	0.0	0.0	0.0	1.5767079591751099	0.5912407636642456	0.0	1.2498399019241333	0.61067134141922	2.3153462409973145
0.0	0.0	0.1267552375793457	0.0	0.0	0.0	1.5652799606323242	0.9551029801368713	0.0	0.4480521082878113	0.4445132613182068	0.0	0.0	0.560413122177124	0.0	0.0	0.0	0.4971540868282318	2.35001277923584	1.7779651880264282	0.32021287083625793	0.8467668294906616	0.0	0.14019103348255157	0.3759249448776245	0.0	0.19337278604507446	0.0	0.9315880537033081	0.3337782323360443	0.0	0.668440043926239	0.5039530992507935	0.4618161916732788	0.0	0.38775917887687683	0.2096313238143921	0.0	0.0	0.9796406030654907	0.6389301419258118	0.9399956464767456	2.0334842205047607	0.0	0.030992576852440834	1.1335475444793701	0.0	0.0	0.5929036140441895	2.2044105529785156	1.7814631462097168	0.0	1.563624382019043	0.0	0.5520598888397217	0.0	0.0	0.0	1.86493718624115	0.6832703948020935	0.0	1.2320185899734497	0.8308717012405396	2.2608304023742676
0.0	0.0	0.32343626022338867	0.0	0.0	0.0	1.5276237726211548	1.0144261121749878	0.0	0.259036123752594	0.5518413782119751	0.0	0.0	0.4351750314235687	0.0	0.0	0.0	0.713433563709259	2.466731071472168	1.5197638273239136	0.3952624797821045	0.5054633021354675	0.0	0.3313668370246887	0.7302764654159546	0.0	0.0	0.0	0.5244704484939575	0.07880846410989761	0.0	0.8065401315689087	0.8074643611907959	0.6037333011627197	0.0	0.0	0.323323130607605	0.0	0.0	0.929321825504303	0.7849652767181396	1.0281331539154053	2.063490152359009	0.0	0.0997333973646164	1.1506738662719727	0.0	0.0	0.44605356454849243	2.130427837371826	1.5878175497055054	0.0	1.6245930194854736	0.0	0.8223892450332642	0.06544668227434158	0.0	0.0	1.903975009918213	0.6762142181396484	0.0	1.6264381408691406	0.7564733028411865	2.229158878326416
0.0	0.0	0.25917714834213257	0.0	0.0	0.0	1.5252985954284668	0.992157518863678	0.0	0.33060967922210693	0.5870354771614075	0.0	0.0	0.6501203179359436	0.0	0.0	0.0	0.6820304989814758	2.263237714767456	1.6033952236175537	0.5243107676506042	0.8893535733222961	0.0	0.21774505078792572	0.41679713129997253	0.0	0.20026864111423492	0.0	0.7475301027297974	0.3686341941356659	0.0	0.4631514549255371	0.7537238001823425	0.4768442213535309	0.0	0.31766489148139954	0.3419106602668762	0.0	0.0	0.8446711897850037	0.6826341152191162	0.8439619541168213	2.1463677883148193	0.0	0.009966631419956684	1.104407787322998	0.0	0.0	0.53079754114151	2.004387378692627	1.810625672340393	0.0	1.546886920928955	0.0	0.5894155502319336	0.0	0.0	0.0	1.7564494609832764	0.5048776268959045	0.0	1.1585899591445923	0.6687971353530884	2.202251434326172
0.0	0.0	0.39394906163215637	0.0	0.0	0.0	1.6330233812332153	0.9982828497886658	0.0	0.3613627552986145	0.5986862778663635	0.0	0.0	0.4615400731563568	0.047881484031677246	0.0	0.0	0.5395683646202087	2.606022834777832	1.4763646125793457	0.2570880353450775	0.5294641256332397	0.0	0.5440523624420166	0.8264429569244385	0.014207101427018642	0.0	0.0	0.7003155946731567	0.1818130612373352	0.0	0.6972606778144836	0.8139781355857849	0.5300290584564209	0.0	0.056878458708524704	0.37254929542541504	0.0	0.0	1.0299855470657349	0.6945235729217529	1.0530411005020142	2.0481553077697754	0.0	0.20004084706306458	1.0290594100952148	0.0	0.0	0.3851986229419708	2.5412161350250244	1.448045015335083	0.0	1.443044900894165	0.0	0.795591413974762	0.0	0.0	0.0	1.8578075170516968	0.4668886661529541	0.0	1.8405284881591797	0.9179667234420776	2.3165972232818604
0.0	0.0	0.43780916929244995	0.0	0.0	0.0	1.4866164922714233	0.8103730082511902	0.0	0.21545541286468506	0.6901925802230835	0.0	0.0	0.11582909524440765	0.05628122016787529	0.0	0.0	0.6380594372749329	2.4418587684631348	1.6428005695343018	0.3883174657821655	0.7477493286132812	0.0	0.5179645419120789	0.9558844566345215	0.0	0.0	0.0	0.28089848160743713	0.013565006665885448	0.0	0.7844743728637695	0.8743813037872314	0.5535243153572083	0.0	0.3122674524784088	0.09657160937786102	0.0	0.0	0.8123724460601807	0.5682078003883362	0.799768328666687	1.8751826286315918	0.0	0.0	1.0509744882583618	0.0	0.0	0.6254047155380249	2.3429441452026367	1.873327612876892	0.0	1.7689639329910278	0.0	0.9732702970504761	0.0	0.0	0.0	1.7440170049667358	0.8286189436912537	0.0	1.4851350784301758	0.6772778630256653	2.368821382522583
0.0	0.10295630246400833	0.19764277338981628	0.0	0.0	0.0	1.424625039100647	0.8958074450492859	0.0	0.44823768734931946	0.5707860589027405	0.0	0.0	0.6962760090827942	0.08969185501337051	0.0	0.0	0.6185427904129028	2.5435538291931152	1.6855837106704712	0.4889771640300751	1.0060408115386963	0.0	0.17867735028266907	0.7686253190040588	0.0	0.17017795145511627	0.0	0.903925895690918	0.3351818919181824	0.0	0.6631906032562256	0.7372854351997375	0.7457998394966125	0.0	0.3538413643836975	0.4266541004180908	0.0	0.0	0.923910915851593	0.538909375667572	1.1844784021377563	2.045017957687378	0.0	0.09015309810638428	1.0892436504364014	0.0	0.0	0.49004822969436646	2.054286479949951	1.6405673027038574	0.0	1.589364767074585	0.0	0.5178630948066711	0.0	0.0	0.0	1.7874460220336914	0.6863455772399902	0.0	1.3450826406478882	0.8667234182357788	2.3964128494262695
0.0	0.0	0.5357378125190735	0.0	0.0	0.0	1.6240391731262207	1.0044126510620117	0.0	0.3057447075843811	0.6332857012748718	0.0	0.0	0.4227522015571594	0.009653650224208832	0.01567133329808712	0.0	0.4917053282260895	2.436169147491455	1.137452483177185	0.25226959586143494	0.5505058169364929	0.0	0.6297561526298523	0.8564736843109131	0.0	0.0	0.0	0.5479219555854797	0.17447414994239807	0.0	0.8519885540008545	0.8921893835067749	0.5472321510314941	0.0	0.0	0.40595123171806335	0.0	0.0	0.9289351105690002	0.6697089672088623	0.8848689198493958	2.040435791015625	0.0	0.14337730407714844	1.0618449449539185	0.0	0.0	0.5747656226158142	2.6079294681549072	1.5633434057235718	0.0	1.4440914392471313	0.0	0.7118770480155945	0.0	0.0	0.0	1.793573021888733	0.6306764483451843	0.0	1.8628257513046265	0.9187689423561096	2.2209153175354004
0.0	0.0	0.3690682053565979	0.0	0.0	0.0	1.5711286067962646	0.8383381366729736	0.0	0.3420525789260864	0.5904560089111328	0.0	0.0	0.12468033283948898	0.0	0.0	0.0	0.7105361819267273	2.3512675762176514	1.5332552194595337	0.388390451669693	0.6531457901000977	0.0	0.5329795479774475	0.6399528384208679	0.0	0.0	0.0	0.7046691179275513	0.13734108209609985	0.0	0.5825051069259644	0.49954524636268616	0.6082784533500671	0.0	0.4134463369846344	0.32324063777923584	0.0	0.0	0.7855785489082336	0.7004092931747437	1.0321723222732544	2.033968687057495	0.0	0.0	1.3265156745910645	0.0	0.0	0.6214264035224915	2.311452865600586	1.9294469356536865	0.0	1.4225808382034302	0.0	0.9643044471740723	0.0	0.0	0.0	1.6641976833343506	0.7082721590995789	0.0	1.403794765472412	0.626263439655304	2.433655261993408
0.0	0.0	0.18695683777332306	0.0	0.0	0.0	1.582104206085205	1.0326225757598877	0.0	0.5381859540939331	0.40347352623939514	0.0	0.0	0.5322166681289673	0.26264938712120056	0.0	0.0	0.4955289661884308	2.557530164718628	1.582431435585022	0.177613765001297	0.8167023658752441	0.0	0.27594852447509766	0.42943042516708374	0.0	0.23600059747695923	0.0	1.0419902801513672	0.3788342773914337	0.0	0.6743115782737732	0.8464849591255188	0.35708627104759216	0.0	0.21109068393707275	0.46279770135879517	0.0	0.0	1.0408902168273926	0.5618591904640198	1.3153884410858154	2.1336231231689453	0.0	0.08358003944158554	1.107887625694275	0.0	0.0	0.39453086256980896	2.3460476398468018	1.5116442441940308	0.0	1.4447282552719116	0.0	0.5760721564292908	0.05925736576318741	0.0	0.0	1.6136112213134766	0.49216148257255554	0.0	1.5740431547164917	0.957557737827301	2.273979902267456
0.0	0.0	0.4265590310096741	0.0	0.0	0.0	1.769449234008789	1.0248987674713135	0.0	0.26168107986450195	0.59648197889328	0.0	0.0	0.41578027606010437	0.020049922168254852	0.0	0.0	0.5907174348831177	2.555302381515503	1.6621854305267334	0.32501301169395447	0.6071876287460327	0.0	0.42020535469055176	0.7447665929794312	0.0	0.0	0.0	0.7209525108337402	0.06727683544158936	0.0	0.7402439117431641	0.5344781279563904	0.49643829464912415	0.0	0.18563991785049438	0.4676354229450226	0.0	0.0	1.0069665908813477	0.5878475904464722	0.8575747013092041	1.9425081014633179	0.0	0.06451011449098587	1.1290251016616821	0.0	0.0	0.5566187500953674	2.346407175064087	1.6318391561508179	0.0	1.5992498397827148	0.0	0.7444760799407959	0.0	0.0	0.0	1.7015818357467651	0.6360076069831848	0.0	1.4187798500061035	0.6562003493309021	2.3285164833068848
0.0	0.0	0.38566353917121887	0.0	0.0	0.0	1.6606441736221313	1.21715247631073	0.0	0.3501144349575043	0.48032549023628235	0.0	0.0	0.5655856132507324	0.0	0.0	0.0	0.5931999087333679	2.431548595428467	1.5341631174087524	0.44849056005477905	0.669364869594574	0.039737578481435776	0.41251030564308167	0.6251867413520813	0.0	0.0	0.0	0.7310532927513123	0.13052840530872345	0.0	0.6446318626403809	0.7150959372520447	0.4197518527507782	0.0	0.1309797167778015	0.485302209854126	0.0	0.09757761657238007	0.94696444272995	0.6498739123344421	1.0461926460266113	2.16835355758667	0.0	0.20423287153244019	1.0473718643188477	0.0	0.0	0.2963263690471649	2.198057174682617	1.5816810131072998	0.0	1.6602462530136108	0.0	0.6611108183860779	0.0	0.0	0.0	1.7130600214004517	0.6486696600914001	0.0	1.8098293542861938	0.6883099675178528	2.1960573196411133
0.0	0.0	0.2033776491880417	0.0	0.0	0.0	1.4494444131851196	1.0104974508285522	0.0	0.307927668094635	0.4713529944419861	0.0	0.0	0.5155977606773376	0.005796395242214203	0.0	0.0	0.5474286079406738	2.415998935699463	1.7731553316116333	0.3017398715019226	0.839373767375946	0.1212175041437149	0.34251391887664795	0.7172040343284607	0.0	0.0	0.0	0.5870810747146606	0.22019223868846893	0.0	1.0458203554153442	0.653113603591919	0.823559045791626	0.0	0.3034321367740631	0.28014615178108215	0.0	0.0	1.3972983360290527	0.4932475984096527	1.2568694353103638	2.130922555923462	0.0	0.10480332374572754	0.9891884922981262	0.0	0.0	0.6479482054710388	2.360752582550049	1.648366928100586	0.0	1.7018699645996094	0.0	0.7257599234580994	0.0	0.0	0.0	1.7952351570129395	0.8925549983978271	0.0	1.4180601835250854	0.9509509801864624	2.6713204383850098
0.0	0.0	0.0412212498486042	0.0	0.0	0.0	1.508558750152588	0.977614164352417	0.0	0.5940817594528198	0.4636079967021942	0.0	0.0	0.4476085603237152	0.0	0.0	0.0	0.5343929529190063	2.302180767059326	1.5577871799468994	0.2687734365463257	0.9589797854423523	0.0	0.07245674729347229	0.4459141194820404	0.0	0.24731265008449554	0.0	1.0396702289581299	0.2594503164291382	0.0	0.7602905035018921	0.7531331777572632	0.33983638882637024	0.0	0.39933139085769653	0.3501787781715393	0.0	0.0	1.1016671657562256	0.6865960955619812	1.152509093284607	2.1441025733947754	0.0	0.09832902997732162	1.0352593660354614	0.0	0.0	0.5244641304016113	1.947713017463684	1.7133418321609497	0.0	1.3715550899505615	0.0	0.5477798581123352	0.0	0.0	0.0	1.7286852598190308	0.5684940814971924	0.0	1.2992603778839111	0.9931999444961548	2.2381675243377686
0.0	0.0	0.21992827951908112	0.0	0.0	0.0	1.6378247737884521	0.8063381314277649	0.0579872690141201	0.34982937574386597	0.6320485472679138	0.0	0.0	0.6223737597465515	0.09606336057186127	0.0	0.0	0.7152951955795288	2.4843225479125977	1.6704689264297485	0.39541807770729065	0.903279185295105	0.0	0.20370157063007355	0.5436170101165771	0.0	0.1459551751613617	0.0	0.7969518303871155	0.3417402505874634	0.0	0.5221758484840393	0.7715754508972168	0.43068429827690125	0.0	0.26216191053390503	0.39819473028182983	0.0	0.0	0.8925254940986633	0.5846683979034424	0.8957253694534302	2.157395839691162	0.0	0.038718726485967636	1.1993299722671509	0.0	0.0	0.5928659439086914	1.9382721185684204	1.7725248336791992	0.0	1.5355318784713745	0.0	0.5361903309822083	0.0	0.0	0.0	1.6360527276992798	0.6253473162651062	0.0	1.2468781471252441	0.6731817722320557	2.375396490097046
0.0	0.0	0.30394673347473145	0.0	0.0	0.0	1.6616989374160767	1.0781766176223755	0.0	0.4055473506450653	0.42730435729026794	0.0	0.0	0.2170492708683014	0.0	0.0	0.0	0.4834263026714325	2.4542362689971924	1.5505839586257935	0.22566477954387665	0.6833075881004333	0.0	0.4807974398136139	0.6276204586029053	0.0	0.0	0.0	0.5964550375938416	0.0	0.0	0.6384955644607544	0.5440593361854553	0.5414063334465027	0.0	0.3355277180671692	0.19661591947078705	0.0	0.0	0.8799960017204285	0.7836153507232666	1.049193263053894	1.9593451023101807	0.0	0.09544884413480759	1.061720848083496	0.0	0.0	0.6413666009902954	2.422163963317871	1.8010672330856323	0.0	1.323960542678833	0.0	0.8122736811637878	0.0	0.0	0.0	1.8270184993743896	0.583030104637146	0.0	1.3945839405059814	1.0051294565200806	2.3700168132781982
0.0	0.0	0.36941802501678467	0.0	0.0	0.0	1.5723448991775513	0.9846320748329163	0.0	0.40995529294013977	0.6118555068969727	0.0	0.0	0.45505258440971375	0.024215491488575935	0.0	0.0	0.6645615100860596	2.452324628829956	1.394210696220398	0.39342477917671204	0.7574987411499023	0.0	0.16138163208961487	0.3129204213619232	0.0	0.3948795199394226	0.0	0.8537303805351257	0.23703931272029877	0.0	0.5507647395133972	0.8166154623031616	0.49432334303855896	0.0	0.09433594346046448	0.4583407938480377	0.0	0.0	0.7971504926681519	0.7198375463485718	1.039435625076294	2.0064544677734375	0.0	0.0	1.1592631340026855	0.0	0.0	0.6892228722572327	1.8894778490066528	1.8293852806091309	0.0	1.3597429990768433	0.0	0.6845746636390686	0.0	0.0	0.0	1.7291862964630127	0.4939689636230469	0.0	1.260615587234497	0.8147338032722473	2.3346054553985596
0.0	0.0	0.14616160094738007	0.0	0.0	0.0	1.5281648635864258	1.075549602508545	0.0	0.6268290281295776	0.42297983169555664	0.0	0.0	0.28225117921829224	0.0	0.0	0.0	0.6058914661407471	2.359956741333008	1.5787138938903809	0.26180562376976013	0.7542508244514465	0.0	0.41551634669303894	0.6805074214935303	0.0	0.0	0.0	0.79070645570755	0.20488186180591583	0.0	0.7929665446281433	0.9604653120040894	0.47653937339782715	0.0	0.27169230580329895	0.2712153494358063	0.0	0.0	1.2739603519439697	0.9485597610473633	1.2503896951675415	2.2378933429718018	0.0	0.18804217875003815	1.0996536016464233	0.0	0.0	0.5241001844406128	2.5035574436187744	1.6153812408447266	0.0	1.184991717338562	0.0	0.8108425736427307	0.0	0.0	0.0	1.8161145448684692	0.5399350523948669	0.0	1.4152579307556152	0.9877404570579529	2.2231080532073975
0.0	0.0	0.2110646367073059	0.0	0.0	0.0	1.5974689722061157	0.9427595138549805	0.0	0.2182440161705017	0.5267654657363892	0.0	0.0	0.46602022647857666	0.0	0.09018129110336304	0.0	0.420850932598114	2.372291326522827	1.9082812070846558	0.16895897686481476	1.0483999252319336	0.0	0.30478012561798096	0.6469689607620239	0.0	0.18000298738479614	0.0	0.839393138885498	0.29604101181030273	0.0	0.7422201037406921	0.45019203424453735	0.5321691632270813	0.0	0.691572904586792	0.23030580580234528	0.0	0.0	0.8941089510917664	0.4372754693031311	0.9219544529914856	2.049598455429077	0.0	0.024847494438290596	1.07015860080719	0.0	0.0	0.5664142966270447	2.1714165210723877	1.8329304456710815	0.0	1.6346031427383423	0.0	0.6365906000137329	0.0	0.0	0.0	1.6830929517745972	0.6480225324630737	0.0	1.2464345693588257	0.8297942280769348	2.4399852752685547
0.0	0.0	0.22782108187675476	0.0	0.0	0.0	0.873336672782898	0.26597803831100464	0.0	0.2771473228931427	0.4045649468898773	0.0	0.0	0.8501011729240417	0.0	0.0	0.0	0.1821041852235794	2.374396562576294	0.9794974327087402	0.07896625250577927	0.3272399306297302	0.0	0.32445934414863586	1.0684791803359985	0.0	0.0	0.0	0.22079767286777496	0.0	0.0	1.207466959953308	1.3573849201202393	0.6241006851196289	0.0	0.0	0.40371471643447876	0.0	0.0	1.099478840827942	0.04900849238038063	0.6992011070251465	2.199526786804199	0.0	0.06975235044956207	0.689011812210083	0.0	0.0	0.054509714245796204	2.179757833480835	0.9356144666671753	0.0	1.4231936931610107	0.0	0.6514785289764404	0.12741565704345703	0.0	0.0	1.81094491481781	0.6453025341033936	0.0	2.2704432010650635	1.1191877126693726	2.0320727825164795
0.0	0.0	0.49559205770492554	0.0	0.0	0.0	1.646904706954956	1.040198564529419	0.0	0.2627243995666504	0.8292920589447021	0.0	0.0	0.44791537523269653	0.0	0.0	0.0	0.7322627902030945	2.2750635147094727	1.4920680522918701	0.4594227373600006	0.5793330073356628	0.0	0.7444957494735718	0.6436300873756409	0.0	0.036934271454811096	0.0	0.7711955308914185	0.14188739657402039	0.0	0.6818264722824097	0.6425219774246216	0.587479293346405	0.0	0.027756918221712112	0.2691289782524109	0.0	0.0	0.7854741215705872	0.7032909989356995	1.0172882080078125	2.019073247909546	0.0	0.05547688901424408	1.2336913347244263	0.0	0.0	0.6881389021873474	2.3908908367156982	1.829093098640442	0.0	1.3930284976959229	0.0	0.887965977191925	0.0	0.0	0.0	1.708912968635559	0.6152228116989136	0.0	1.4412189722061157	0.6017587780952454	2.447098970413208
0.0	0.0	0.07999715209007263	0.0	0.0	0.0	1.3016562461853027	1.0570611953735352	0.0	0.6047658324241638	0.2218901813030243	0.0	0.0	0.6598443984985352	0.18993060290813446	0.0	0.0	0.6013160943984985	2.501599073410034	1.7287884950637817	0.5780171751976013	0.8713574409484863	0.0	0.0	0.5923969149589539	0.0	0.2869552969932556	0.0	1.096746802330017	0.44867387413978577	0.0	0.9356241822242737	0.9292027354240417	0.4357636272907257	0.0	0.0	0.6778094172477722	0.0	0.0	1.1886816024780273	0.5692588686943054	1.4790802001953125	1.9559141397476196	0.0	0.09243222326040268	1.0367109775543213	0.0	0.0	0.36582303047180176	1.3438057899475098	1.4958118200302124	0.0	1.355345606803894	0.0	0.4714529812335968	0.0	0.0	0.0	1.7153209447860718	0.4448358714580536	0.0	1.349132776260376	1.0399229526519775	2.3303022384643555
0.0	0.0	0.24618209898471832	0.0	0.0	0.0	1.547034502029419	1.180357575416565	0.27091604471206665	0.5507590174674988	0.37696772813796997	0.0	0.0	0.3218975067138672	0.034688230603933334	0.0	0.0	0.4854589104652405	2.370551347732544	1.5351618528366089	0.34974807500839233	0.7342182993888855	0.0	0.9070645570755005	0.811161994934082	0.0	0.0	0.0	0.6907433867454529	0.15796701610088348	0.0	0.9411609768867493	0.6728580594062805	0.5701223015785217	0.0	0.24417243897914886	0.2048404961824417	0.0	0.0	1.3476142883300781	0.6287354230880737	1.283195972442627	2.1656527519226074	0.0	0.3493818938732147	1.2046722173690796	0.0	0.0	0.732585072517395	2.720277786254883	1.6019731760025024	0.0	1.354052186012268	0.0	0.6933998465538025	0.14712944626808167	0.0	0.1567297875881195	1.7139427661895752	0.4148925840854645	0.0	1.5133862495422363	1.2341276407241821	2.3980395793914795
0.0	0.0	0.3782983422279358	0.0	0.0	0.0	1.480273723602295	1.0636606216430664	0.0	0.5257476568222046	0.6473445892333984	0.0	0.0	0.31841379404067993	0.06568419188261032	0.0	0.0	0.6699451208114624	2.5105130672454834	1.353182077407837	0.3688616454601288	0.6969448924064636	0.0	0.6291882991790771	0.6141712665557861	0.0	0.0	0.0	0.7351635098457336	0.16822919249534607	0.0	0.5234823822975159	0.8390090465545654	0.3422425389289856	0.0	0.009750044904649258	0.2953824996948242	0.0	0.0	1.0755228996276855	0.8287944793701172	1.09628427028656	2.0053870677948	0.0	0.013288081623613834	1.1434574127197266	0.0	0.0	0.6283870935440063	2.3680386543273926	1.6222736835479736	0.0	1.1874029636383057	0.0	0.7047020196914673	0.0009736094507388771	0.0	0.0	1.6659494638442993	0.3863123655319214	0.0	1.3693164587020874	0.802412748336792	2.145313262939453
0.0	0.0	0.12026040256023407	0.0	0.0	0.0	1.3316047191619873	0.902786910533905	0.0	0.58995521068573	0.381141722202301	0.0	0.0	0.21163055300712585	0.06747063249349594	0.0836561918258667	0.0	0.3711138665676117	2.3146860599517822	1.5034759044647217	0.24761135876178741	0.6875780820846558	0.0	0.6345605254173279	0.6221497654914856	0.0	0.0	0.0	0.890701413154602	0.05274520069360733	0.0	0.7856494784355164	0.8935935497283936	0.45188140869140625	0.0	0.25104689598083496	0.26671889424324036	0.0	0.0	1.1249127388000488	0.7550256252288818	1.2987127304077148	2.311722755432129	0.0	0.10288462787866592	1.1426271200180054	0.0	0.0	0.588991105556488	2.6283719539642334	1.5623884201049805	0.0	1.3938053846359253	0.0	0.7228400707244873	0.06549374759197235	0.0	0.0	1.7445119619369507	0.5364992022514343	0.0	1.4075803756713867	1.0368773937225342	2.262469530105591
0.0	0.0	0.41423842310905457	0.0	0.0	0.0	1.4950977563858032	0.9496867656707764	0.0	0.2261754870414734	0.605962872505188	0.0	0.0	0.5334483981132507	0.0	0.0	0.0	0.5982228517532349	2.4820048809051514	1.4366472959518433	0.37254026532173157	0.527924656867981	0.0	0.46465086936950684	0.5506128072738647	0.0	0.0	0.0	0.6519214510917664	0.12769648432731628	0.0	0.665647029876709	0.7527617812156677	0.48915165662765503	0.0	0.0	0.370242714881897	0.0	0.0	1.0558607578277588	0.6133992075920105	0.9549636840820312	2.1032397747039795	0.0	0.19908761978149414	1.0134069919586182	0.0	0.0	0.3302189111709595	2.54266357421875	1.5263912677764893	0.0	1.423403263092041	0.0	0.7252047657966614	0.0	0.0	0.0	1.814948558807373	0.7111085653305054	0.0	1.9277477264404297	0.7619006633758545	2.1792185306549072
0.0	0.0	0.28102824091911316	0.0	0.0	0.0	1.5967347621917725	1.2837483882904053	0.0	0.40846043825149536	0.5118772983551025	0.0	0.0	0.3769512474536896	0.0	0.0	0.0	0.5519007444381714	2.335029125213623	1.447034239768982	0.38768887519836426	0.7652260065078735	0.0	0.30375465750694275	0.46645936369895935	0.0	0.0	0.0	0.78708815574646	0.24395081400871277	0.0	0.7117092609405518	0.6173481941223145	0.47961941361427307	0.0	0.21994900703430176	0.24561016261577606	0.0	0.0	1.1251038312911987	0.8381662964820862	1.2849863767623901	2.272536516189575	0.0	0.1485162377357483	1.0501939058303833	0.0	0.0	0.5032536387443542	2.367124557495117	1.6743080615997314	0.0	1.2988702058792114	0.0	0.654710054397583	0.0	0.0	0.0	1.8494024276733398	0.5378612279891968	0.0	1.5546236038208008	0.9001721143722534	2.169416666030884
0.0	0.0	0.268439382314682	0.0	0.036725908517837524	0.0	1.6158928871154785	1.043586254119873	0.0	0.3654070794582367	0.5842106938362122	0.0	0.0	0.46056538820266724	0.0	0.0	0.0	0.5798750519752502	2.3426828384399414	1.4236767292022705	0.2723246216773987	0.8582043647766113	0.0	0.3223803639411926	0.5108288526535034	0.0	0.005283699836581945	0.0	0.7069708108901978	0.2599183917045593	0.0	0.5725806951522827	0.7033606767654419	0.47870391607284546	0.0	0.39156273007392883	0.3515116274356842	0.0	0.0	0.8767693638801575	0.6737926006317139	1.0054199695587158	2.0005006790161133	0.0	0.07945316284894943	1.1324342489242554	0.0	0.0	0.597623884677887	2.259038209915161	1.8103145360946655	0.0	1.356518030166626	0.0	0.5529718399047852	0.0	0.0	0.0	1.6975308656692505	0.6627693772315979	0.0	1.4651824235916138	0.8224255442619324	2.2399041652679443
0.0	0.0	0.21103113889694214	0.0	0.0	0.0	1.615148663520813	0.9231610298156738	0.0	0.3857310712337494	0.659274697303772	0.0	0.0	0.6350654363632202	0.0	0.0	0.0	0.6199721693992615	2.5268001556396484	1.815406322479248	0.48172926902770996	0.7736129760742188	0.0	0.15025459229946136	0.8496137857437134	0.0	0.14145773649215698	0.0	0.791634738445282	0.31834906339645386	0.0	0.7769055366516113	0.659684419631958	0.4637451171875	0.0	0.4060054123401642	0.2923474907875061	0.0	0.0	1.0167903900146484	0.4665434658527374	0.8478186130523682	2.0206210613250732	0.0	0.02736089564859867	1.122589111328125	0.0	0.0	0.45358791947364807	2.2367777824401855	1.5434646606445312	0.0	1.5437817573547363	0.0	0.6995729207992554	0.0	0.0	0.0	1.647576093673706	0.6796181797981262	0.0	1.2579630613327026	0.7734607458114624	2.465092658996582
0.0	0.0	0.32444992661476135	0.0	0.0	0.0	1.477248191833496	1.138603925704956	0.0	0.4360008239746094	0.5976999998092651	0.0	0.0	0.4167887270450592	0.0	0.0	0.0	0.42325475811958313	2.4053845405578613	1.6144294738769531	0.3594825565814972	0.6574133038520813	0.0	0.3588791787624359	0.518458902835846	0.0	0.1240016371011734	0.0	0.7977412939071655	0.3022032082080841	0.0	0.7279745936393738	0.803547203540802	0.4302562177181244	0.0	0.09531603753566742	0.3003028929233551	0.0	0.0	0.9486275911331177	0.682440459728241	1.0801141262054443	2.0252151489257812	0.0	0.12076286226511002	1.036242127418518	0.0	0.0	0.7792494297027588	2.591188669204712	1.6724275350570679	0.0	1.5269412994384766	0.0	0.6201701760292053	0.03894450515508652	0.0	0.0	1.74368155002594	0.5735269784927368	0.0	1.5617998838424683	0.8770791888237	2.144036293029785
0.0	0.0	0.3924872875213623	0.0	0.0	0.0	1.6373435258865356	1.0252314805984497	0.0	0.19085368514060974	0.9070723652839661	0.0	0.0	0.47587767243385315	0.0	0.0	0.0	0.6842183470726013	2.411069869995117	1.795400857925415	0.5355676412582397	0.41987448930740356	0.0	0.48563334345817566	0.8611466884613037	0.0	0.0	0.0	0.4273303151130676	0.09575878083705902	0.0	0.7284463047981262	0.5192984342575073	0.6358948945999146	0.0	0.036419641226530075	0.2098909467458725	0.0	0.0	0.8347855806350708	0.5591063499450684	0.7848424911499023	1.9605413675308228	0.0	0.0	1.1675784587860107	0.0	0.0	0.6338343620300293	2.3481297492980957	1.6703389883041382	0.0	1.4762940406799316	0.0	0.7453637719154358	0.0	0.0	0.0	1.7265565395355225	0.6687847375869751	0.0	1.5594942569732666	0.5348691344261169	2.3846330642700195
0.0	0.0	0.31316515803337097	0.0	0.0	0.0	1.4813287258148193	0.6026583313941956	0.0	0.07083002477884293	0.7696526646614075	0.0	0.0	0.0	0.03693123906850815	0.0	0.0	0.6391263008117676	2.390038251876831	1.3725255727767944	0.48242050409317017	0.5676563382148743	0.024021420627832413	0.600233793258667	0.8834772706031799	0.0	0.0	0.0	0.171773761510849	0.0	0.0	0.8657270073890686	0.3072487711906433	0.5397303104400635	0.0	0.23503124713897705	0.1765998899936676	0.0	0.0	0.7930432558059692	0.6829751133918762	0.6372717618942261	1.8582755327224731	0.0	0.03883296623826027	1.0261695384979248	0.0	0.0	0.7202669382095337	2.287245273590088	1.7014023065567017	0.0	1.4107418060302734	0.0	0.7621734142303467	0.0	0.0	0.0	1.671970248222351	0.6179570555686951	0.0	1.4254237413406372	0.6198363900184631	2.0869381427764893
0.0	0.0	0.37930867075920105	0.0	0.0	0.0	1.6941496133804321	1.2365487813949585	0.0	0.27389848232269287	0.525110125541687	0.0	0.0	0.4455210268497467	0.0	0.0	0.0	0.565879762172699	2.58088755607605	1.5746866464614868	0.3576886057853699	0.6269547939300537	0.0	0.20968052744865417	0.6870867609977722	0.0	0.020780913531780243	0.0	0.6061239242553711	0.3112698197364807	0.0	0.743948757648468	0.5566467046737671	0.5710930228233337	0.0	0.22144080698490143	0.2144375443458557	0.0	0.0	0.9296943545341492	0.6612257361412048	1.0918395519256592	2.008535861968994	0.0	0.03804907947778702	1.0504564046859741	0.0	0.0	0.6631425619125366	2.2897396087646484	1.74574613571167	0.0	1.5048363208770752	0.0	0.8413212299346924	0.0	0.0	0.0	1.8987445831298828	0.6967035531997681	0.0	1.557201862335205	0.6821151971817017	2.340205669403076
0.0	0.0	0.42549484968185425	0.0	0.0	0.0	1.6960827112197876	0.9680306911468506	0.0	0.294889360666275	0.6024698615074158	0.0	0.0	0.42121297121047974	0.0	0.0	0.0	0.6271878480911255	2.5179531574249268	1.5063892602920532	0.31286853551864624	0.6219172477722168	0.009430780075490475	0.3907814025878906	0.8330364227294922	0.049715593457221985	0.0	0.0	0.45400470495224	0.1671895533800125	0.0	0.763824462890625	0.5653190612792969	0.5160108804702759	0.0	0.0554497130215168	0.2857266664505005	0.0	0.0	0.8495974540710449	0.6907697916030884	0.7577309012413025	1.963239312171936	0.0	0.031091835349798203	1.0078426599502563	0.0	0.0	0.6628065705299377	2.4092750549316406	1.7595305442810059	0.0	1.467113733291626	0.0	0.8479928374290466	0.0	0.0	0.0	1.8590251207351685	0.6261657476425171	0.0	1.3767127990722656	0.9768934845924377	2.302107572555542
0.0	0.0	0.43036553263664246	0.0	0.0	0.0	1.5829746723175049	0.8351155519485474	0.0	0.06845945119857788	0.8121545910835266	0.0	0.0	0.19874320924282074	0.0	0.0	0.0	0.6406488418579102	2.365090847015381	1.5236471891403198	0.4913567900657654	0.4203055202960968	0.0	0.5691214799880981	0.8756083250045776	0.06572017818689346	0.0	0.0	0.43250638246536255	0.0	0.0	0.5814899802207947	0.531157910823822	0.6690249443054199	0.0	0.12219462543725967	0.2418765127658844	0.0	0.0	0.786446213722229	0.6742030382156372	0.6412235498428345	1.9439630508422852	0.0	0.0	1.1621073484420776	0.0	0.0	0.6929003596305847	2.374376058578491	1.761321783065796	0.0	1.497771143913269	0.0	0.7458606362342834	0.0	0.0	0.0	1.7088435888290405	0.8342366218566895	0.0	1.339395523071289	0.4512757956981659	2.1650469303131104
0.0	0.011005204170942307	0.16213810443878174	0.0	0.0	0.0	1.4894464015960693	0.8994331359863281	0.0	0.2960996627807617	0.5681378245353699	0.0	0.0	0.5983750224113464	0.0	0.0	0.0	0.5255212783813477	2.4628634452819824	1.5926058292388916	0.22316469252109528	0.7580398917198181	0.0	0.16624067723751068	0.7344175577163696	0.0	0.0	0.0	0.7074487805366516	0.11161281168460846	0.0	0.6268594264984131	0.5159639716148376	0.5805513262748718	0.1744389832019806	0.2660060226917267	0.3037133812904358	0.0	0.0	0.8962177634239197	0.4413630962371826	0.9559071660041809	2.051055908203125	0.0	0.0	1.1367067098617554	0.0	0.0	0.8850517868995667	2.3242416381835938	1.7000094652175903	0.0	1.5590394735336304	0.0	0.6150549054145813	0.0	0.0	0.0	1.645336627960205	0.575194239616394	0.0	1.3953821659088135	0.7074689269065857	2.5117452144622803
0.0	0.0	0.23118969798088074	0.0	0.014237937517464161	0.0	1.5410453081130981	1.0893975496292114	0.0	0.42650794982910156	0.5009850263595581	0.0	0.0	0.5643362998962402	0.0	0.0	0.0	0.5464745759963989	2.4167253971099854	1.6744136810302734	0.4239719808101654	0.858512818813324	0.0	0.16940319538116455	0.4268721342086792	0.0	0.33013832569122314	0.0	0.8459585905075073	0.3456748425960541	0.0	0.6606718301773071	0.7893391847610474	0.45562875270843506	0.0	0.29626691341400146	0.2507398724555969	0.0	0.0	0.9917927980422974	0.5794633626937866	1.1681517362594604	2.1115472316741943	0.0	0.09809357672929764	1.0726536512374878	0.0	0.0	0.5317854285240173	2.3193583488464355	1.6496397256851196	0.0	1.529807686805725	0.0	0.694282054901123	0.0	0.0	0.0	1.75743567943573	0.5334486365318298	0.0	1.4319663047790527	0.848965048789978	2.2355260848999023
0.0	0.05371221527457237	0.18506896495819092	0.0	0.0	0.0	1.4081603288650513	0.9738298058509827	0.0	0.5321207642555237	0.343113511800766	0.0	0.0	0.5007076859474182	0.029777729883790016	0.0	0.0	0.4071747362613678	2.392207622528076	1.8947265148162842	0.20860421657562256	0.9852904081344604	0.0	0.22225305438041687	0.4955439567565918	0.0	0.009573955088853836	0.0	1.1459455490112305	0.026575054973363876	0.0	0.9717987775802612	0.67107754945755	0.453446626663208	0.0	0.593269944190979	0.3062894344329834	0.0	0.0	1.2516764402389526	0.7221032381057739	1.1244922876358032	2.0929830074310303	0.0	0.15231171250343323	1.0912411212921143	0.0	0.0	0.4852488338947296	2.227976083755493	1.6772565841674805	0.0	1.3830158710479736	0.0	0.598040759563446	0.0	0.0	0.0	1.8130500316619873	0.6670287847518921	0.0	1.3622640371322632	1.0095345973968506	2.363389253616333
0.0	0.0	0.45073309540748596	0.0	0.0	0.0	1.5390512943267822	0.7591421604156494	0.0	0.11047287285327911	0.7531628012657166	0.0	0.0	0.2307700365781784	0.16279128193855286	0.0	0.0	0.6965596675872803	2.477766752243042	1.2736637592315674	0.4253521263599396	0.38379767537117004	0.0	0.44589632749557495	0.8661837577819824	0.0	0.0	0.0	0.23885910212993622	0.032902274280786514	0.0	0.4531792402267456	0.5838407874107361	0.5629225373268127	0.0	0.0	0.37524524331092834	0.0	0.0	0.7122828364372253	0.6860032081604004	0.7906755208969116	1.8934165239334106	0.0	0.17725583910942078	1.193029761314392	0.0	0.0	0.4939439296722412	2.2202281951904297	1.5562424659729004	0.0	1.4388532638549805	0.0	0.7062661051750183	0.0	0.0	0.0	1.5502276420593262	0.7744057774543762	0.0	1.742313027381897	0.4623517394065857	2.20198655128479
0.0	0.0	0.43580853939056396	0.0	0.0	0.0	1.611445665359497	1.0981322526931763	0.0	0.2950167953968048	0.5577455759048462	0.0	0.0	0.41086629033088684	0.0	0.0	0.0	0.5832340717315674	2.4526188373565674	1.639626383781433	0.2787252366542816	0.7013126611709595	0.250416100025177	0.4090213179588318	0.690112829208374	0.0	0.080466628074646	0.0	0.7661959528923035	0.211492121219635	0.0	0.8092861175537109	0.5432574152946472	0.5858993530273438	0.0	0.27630385756492615	0.23397937417030334	0.0	0.0	1.085228681564331	0.6277799606323242	0.937005877494812	2.018608570098877	0.0	0.04481787234544754	0.9913120865821838	0.0	0.0	0.5026193261146545	2.3027119636535645	1.7001707553863525	0.0	1.7465959787368774	0.0	0.7377209663391113	0.0	0.0	0.0	1.9034696817398071	0.7192497253417969	0.0	1.4599908590316772	0.7735942006111145	2.309664249420166
0.0	0.0	0.4123519957065582	0.0	0.0	0.0	1.6323823928833008	1.1876001358032227	0.0	0.33980247378349304	0.5217686891555786	0.0	0.0	0.47856682538986206	0.03117404319345951	0.0	0.0	0.6248313784599304	2.5705478191375732	1.6153186559677124	0.34665659070014954	0.6717600226402283	0.0	0.38708990812301636	0.6526678204536438	0.0	0.0	0.0	0.6126083135604858	0.10998889058828354	0.0	0.7528457045555115	0.7523775696754456	0.5239706635475159	0.0	0.1480688452720642	0.3871225118637085	0.0	0.0	0.9710350036621094	0.6941394209861755	0.9647459387779236	2.1591944694519043	0.0	0.23893414437770844	1.0156021118164062	0.0	0.0	0.381379634141922	2.0485126972198486	1.4795924425125122	0.0	1.6434075832366943	0.0	0.647640585899353	0.10250712186098099	0.0	0.0	1.8369768857955933	0.607969343662262	0.0	1.8576278686523438	0.7339054942131042	2.219836950302124
0.0	0.0	0.40521275997161865	0.0	0.0	0.0	1.3613269329071045	1.026381015777588	0.0	0.23207807540893555	0.5322076082229614	0.0	0.0	0.31328192353248596	0.0	0.0	0.0	0.5365046262741089	2.404675245285034	1.5176481008529663	0.3202180564403534	0.548659086227417	0.0	0.44844403862953186	0.6729283332824707	0.0	0.0	0.0	0.6632476449012756	0.011142583563923836	0.0	0.597335934638977	0.5357620120048523	0.6565518379211426	0.0	0.0	0.23681046068668365	0.0	0.0	0.8483471274375916	0.7678832411766052	0.8066515922546387	1.9816582202911377	0.0	0.06056006997823715	1.037774682044983	0.0	0.0	0.5279773473739624	2.298126220703125	1.7518434524536133	0.0	1.42214834690094	0.0	0.6738334894180298	0.0	0.0	0.0	1.8777128458023071	0.6435565948486328	0.0	1.508961796760559	0.6917270421981812	2.1367928981781006
0.0	0.0	0.3539123237133026	0.0	0.0	0.0	1.5851961374282837	1.0052543878555298	0.0	0.3373412787914276	0.5435270071029663	0.0	0.0	0.1987084001302719	0.03523470088839531	0.0	0.0	0.7283982634544373	2.4615561962127686	1.5062899589538574	0.45110586285591125	0.39645037055015564	0.0	0.6011945009231567	0.7596957087516785	0.0	0.0	0.0	0.6920323371887207	0.07574982941150665	0.0	0.6770080327987671	0.7976723313331604	0.48105132579803467	0.0	0.0062320721335709095	0.3884146213531494	0.0	0.0	0.9509810209274292	0.8870755434036255	1.1899646520614624	2.094249963760376	0.0	0.06349565833806992	1.0635842084884644	0.0	0.0	0.6244155168533325	2.544215679168701	1.7263846397399902	0.0	1.3305675983428955	0.0	0.7616366744041443	0.0	0.0	0.0	1.600786805152893	0.5018745064735413	0.0	1.4257620573043823	0.6989477276802063	2.2232818603515625
0.0	0.0	0.3839420676231384	0.0	0.0	0.0	1.4718586206436157	0.9465623497962952	0.0	0.2681198716163635	0.6976507902145386	0.0	0.0	0.5696210265159607	0.06453322619199753	0.0	0.0	0.5581833124160767	2.5224502086639404	1.5682244300842285	0.32005593180656433	0.740935742855072	0.0	0.4145851731300354	0.6560490727424622	0.0	0.0	0.0	0.6976250410079956	0.09680743515491486	0.0	0.7235312461853027	0.933514416217804	0.5207728147506714	0.0	0.17778079211711884	0.31805795431137085	0.0	0.0	0.9557682871818542	0.5652545690536499	0.8101702928543091	1.9915627241134644	0.0	0.06895866990089417	1.0375913381576538	0.0	0.0	0.5834328532218933	2.3269426822662354	1.6348035335540771	0.0	1.7822906970977783	0.0	0.5880599021911621	0.0	0.0	0.0	1.7116608619689941	0.6702966094017029	0.0	1.6165235042572021	0.6877996921539307	2.251952648162842
0.0	0.0	0.49511945247650146	0.0	0.0	0.0	1.7404837608337402	0.9213687777519226	0.0	0.30858132243156433	0.8726139068603516	0.0	0.0	0.23696045577526093	0.0	0.0	0.0	0.4551001489162445	2.21734619140625	1.5937362909317017	0.35497531294822693	0.3333607614040375	0.0	0.7173161506652832	0.8472773432731628	0.09803131222724915	0.0	0.0	0.7773970365524292	0.11771740019321442	0.0	0.7715338468551636	0.6960122585296631	0.5873991847038269	0.0	0.0	0.2563003897666931	0.0	0.0	1.0370932817459106	0.4530287981033325	1.2539758682250977	1.8882776498794556	0.0	0.04357880726456642	1.165446400642395	0.0	0.0	0.7105464339256287	2.6993672847747803	1.6507128477096558	0.0	1.6294825077056885	0.0	0.9585286974906921	0.06429561227560043	0.0	0.0	1.6455862522125244	0.3967214524745941	0.0	1.5418791770935059	0.8894810080528259	2.513369083404541
0.0	0.20362429320812225	0.25110653042793274	0.0	0.0	0.0	1.7155630588531494	1.1916189193725586	0.0	0.48088499903678894	0.37828439474105835	0.0	0.0	0.6229561567306519	0.0	0.0	0.0	0.4286205768585205	2.6084342002868652	1.5858153104782104	0.28003033995628357	0.9518179893493652	0.0	0.07994833588600159	0.30640316009521484	0.0	0.33766451478004456	0.0	0.9447733759880066	0.5188606381416321	0.0	0.6567750573158264	0.771260142326355	0.4722473919391632	0.0	0.04177192971110344	0.3008497357368469	0.0	0.0	1.0148429870605469	0.5558498501777649	1.1775423288345337	1.9909443855285645	0.0	0.08927719295024872	0.9965760707855225	0.0	0.0	0.4949566423892975	1.8353455066680908	1.6370787620544434	0.0	1.5048195123672485	0.0	0.45350873470306396	0.0	0.0	0.0	1.8129253387451172	0.41954898834228516	0.0	1.2959386110305786	0.9844809174537659	2.265310525894165
0.0	0.0	0.37818101048469543	0.0	0.0	0.0	1.4679186344146729	0.8813137412071228	0.0	0.2508358657360077	0.6902605891227722	0.0	0.0	0.3194185793399811	0.0	0.0	0.0	0.5859667658805847	2.4149436950683594	1.437826156616211	0.2904299199581146	0.5635778307914734	0.0	0.5306795835494995	0.7736856937408447	0.0	0.0	0.0	0.4496197998523712	0.0	0.0	0.6488828063011169	0.6564480662345886	0.5478423833847046	0.0	0.049939338117837906	0.3128567636013031	0.0	0.0	0.8470138311386108	0.6940517425537109	0.794333279132843	2.003798723220825	0.0	0.14299319684505463	1.0860499143600464	0.0	0.0	0.48905664682388306	2.4290850162506104	1.6606730222702026	0.0	1.3775914907455444	0.0	0.762961745262146	0.0	0.0	0.0	1.7405964136123657	0.7398999333381653	0.0	1.8325835466384888	0.6858865022659302	2.0854547023773193
0.0	0.0	0.28907108306884766	0.0	0.0	0.0	1.6247373819351196	0.9096025824546814	0.0	0.3260715901851654	0.626075804233551	0.0	0.0	0.7227246165275574	0.03493918851017952	0.0	0.0	0.5350895524024963	2.4310832023620605	1.7986359596252441	0.29360073804855347	0.6935827136039734	0.0	0.3430291414260864	0.7150411605834961	0.0	0.038563672453165054	0.0	0.8042892217636108	0.21862424910068512	0.0	0.7260082960128784	0.6921534538269043	0.5572288632392883	0.0	0.3460943400859833	0.303429514169693	0.0	0.0	0.9527708292007446	0.5604710578918457	0.8593599200248718	2.1269524097442627	0.0	0.022973468527197838	1.061790108680725	0.0	0.0	0.6100764870643616	2.425522804260254	1.6136562824249268	0.0	1.7058193683624268	0.0	0.6430666446685791	0.0	0.0	0.0	1.6586861610412598	0.6019265055656433	0.0	1.35511314868927	0.7532374858856201	2.4084084033966064
0.0	0.0	0.32805225253105164	0.0	0.0	0.0	1.589562177658081	1.216902494430542	0.0	0.32484835386276245	0.5206220746040344	0.0	0.0	0.42994964122772217	0.0	0.0	0.0	0.5826989412307739	2.341228485107422	1.551053762435913	0.38433393836021423	0.8458834290504456	0.0	0.21791215240955353	0.30269917845726013	0.0	0.22865964472293854	0.0	0.8047224879264832	0.45320752263069153	0.0	0.637356698513031	0.9158596396446228	0.44527244567871094	0.0	0.040790870785713196	0.4445531666278839	0.0	0.0	0.8496015667915344	0.6751708984375	1.3182209730148315	2.056236743927002	0.0	0.0	1.3133550882339478	0.0	0.0	0.6273400187492371	1.874595284461975	1.7763066291809082	0.0	1.3886898756027222	0.0	0.6237590909004211	0.0	0.0	0.0	1.6328269243240356	0.28890082240104675	0.0	1.4523767232894897	0.8438687324523926	2.344327449798584
0.0	0.0	0.3766428232192993	0.0	0.0	0.0	1.710841417312622	1.2089604139328003	0.0	0.27910876274108887	0.6438475251197815	0.0	0.0	0.39411765336990356	0.0	0.0	0.0	0.8078804016113281	2.580078363418579	1.5434541702270508	0.44451797008514404	0.6234930753707886	0.0	0.3367965519428253	0.9374701380729675	0.0	0.0	0.0	0.5497128367424011	0.49914881587028503	0.0	0.7800158858299255	0.6352663040161133	0.674616277217865	0.0	0.0697019025683403	0.23299027979373932	0.0	0.0	0.9036312699317932	0.7680259943008423	1.1875280141830444	1.8490054607391357	0.0	0.020806998014450073	1.1141489744186401	0.0	0.0	0.5443114638328552	2.2922401428222656	1.6886481046676636	0.02062968909740448	1.4433176517486572	0.0	0.8755367994308472	0.0	0.0	0.0	1.8789492845535278	0.677460789680481	0.0	1.4424113035202026	0.6575294137001038	2.471400737762451
0.0	0.06741475313901901	0.30967363715171814	0.0	0.0	0.0	1.6617131233215332	1.0141228437423706	0.0	0.5229839086532593	0.6198183298110962	0.0	0.0	0.5082361698150635	0.10902772098779678	0.0	0.0	0.6413344740867615	2.554372549057007	1.7791904211044312	0.31753048300743103	0.8530480265617371	0.0	0.013783575035631657	0.606247067451477	0.0	0.25344520807266235	0.0	0.8336260914802551	0.613410472869873	0.0	0.6631863713264465	0.5800972580909729	0.5916061997413635	0.0	0.34764766693115234	0.48565709590911865	0.0	0.0	0.965879499912262	0.6322428584098816	1.1625031232833862	2.150341749191284	0.0	0.09698855876922607	1.0919122695922852	0.0	0.0	0.6194831132888794	2.2000274658203125	1.62295663356781	0.0	1.6422377824783325	0.0	0.739773154258728	0.0	0.0	0.0	1.7473156452178955	0.5229253172874451	0.005631190724670887	1.107535481452942	0.7547711133956909	2.431030511856079
0.0	0.0	0.18673312664031982	0.0	0.0	0.0	1.5514166355133057	0.8822711706161499	0.0	0.41846340894699097	0.5239347219467163	0.0	0.0	0.34227439761161804	0.0014600135618820786	0.0	0.0	0.5551645755767822	2.4857869148254395	1.7986204624176025	0.23117823898792267	0.8752431273460388	0.0	0.22354884445667267	0.565764844417572	0.0	0.1168910413980484	0.0	0.7950571179389954	0.13043075799942017	0.0	0.6756089329719543	0.45128878951072693	0.4597501754760742	0.0	0.5034389495849609	0.14343827962875366	0.0	0.0	0.9406259655952454	0.4811753034591675	0.959320068359375	2.0801329612731934	0.0	0.036203209310770035	1.1140015125274658	0.0	0.0	0.5347216129302979	2.3098649978637695	1.741222620010376	0.0	1.7190450429916382	0.0	0.6829602122306824	0.0	0.0	0.0	1.6949248313903809	0.6987236738204956	0.0	1.2044178247451782	0.7529672384262085	2.3824918270111084
0.0	0.0	0.33786484599113464	0.0	0.0	0.0	1.7170636653900146	0.8615812063217163	0.0	0.27730682492256165	0.7012090086936951	0.0	0.0	0.29994645714759827	0.1303538680076599	0.0	0.0	0.6406574249267578	2.4499685764312744	1.6146413087844849	0.3771103024482727	0.5026196837425232	0.0	0.5799259543418884	0.8979811072349548	0.0	0.0	0.0	0.4516230523586273	0.2872841954231262	0.0	0.7231684327125549	0.4827935993671417	0.4741624891757965	0.0	0.14152224361896515	0.2406749576330185	0.0	0.0	0.9715372920036316	0.6162718534469604	0.8531595468521118	1.9579261541366577	0.0	0.03562929108738899	1.1606265306472778	0.0	0.0	0.6453291773796082	2.4639341831207275	1.7326488494873047	0.0	1.6333978176116943	0.0	0.7645705938339233	0.0	0.0	0.0	1.705288290977478	0.675483763217926	0.0	1.4213852882385254	0.4260030686855316	2.3819422721862793
0.0	0.0	0.4037209749221802	0.0	0.0	0.0	1.5365639925003052	0.630655825138092	0.0	0.10282339155673981	0.7571303248405457	0.0	0.0	0.004345148801803589	0.0	0.0	0.0	0.6975283026695251	2.361349105834961	1.5386769771575928	0.3918103277683258	0.5664142370223999	0.0	0.5943986773490906	0.9423519968986511	0.0	0.0	0.0	0.3310094475746155	0.0	0.0	0.7736223340034485	0.06534558534622192	0.44157376885414124	0.0	0.551150381565094	0.06792427599430084	0.0	0.0	0.7198219895362854	0.7124179601669312	0.5058026313781738	1.8988914489746094	0.0	0.0	1.0985547304153442	0.0	0.0	0.6882524490356445	2.4707911014556885	1.836833119392395	0.0	1.499961495399475	0.0	0.786061704158783	0.0	0.0	0.0	1.670983910560608	0.7385462522506714	0.0	1.193084955215454	0.5144047141075134	2.1680514812469482
0.0	0.0	0.27741143107414246	0.0	0.0	0.0	1.5622458457946777	0.7685527205467224	0.0	0.16381891071796417	0.8352055549621582	0.0	0.0	0.3658122420310974	0.09012040495872498	0.0	0.0	0.5950815677642822	2.303368330001831	1.4318817853927612	0.44250354170799255	0.711736798286438	0.0	0.5534180998802185	0.8052861094474792	0.0	0.0	0.0	0.6910466551780701	0.08986978232860565	0.0	0.649145245552063	0.45308852195739746	0.4851019084453583	0.0	0.35456523299217224	0.28741177916526794	0.0	0.0	0.9071682691574097	0.6829879879951477	0.9109766483306885	2.012746572494507	0.0	0.0	1.1387076377868652	0.0	0.0	0.834930419921875	2.403186559677124	1.8234789371490479	0.0	1.6801730394363403	0.0	0.7913858890533447	0.0	0.0	0.0	1.6166679859161377	0.7006765007972717	0.0	1.3306180238723755	0.5891266465187073	2.2582550048828125
0.0	0.15507927536964417	0.06800829619169235	0.1181882917881012	0.0	0.0	1.3754271268844604	0.897785484790802	0.10818774998188019	0.7414346933364868	0.3585229516029358	0.0	0.0	0.402953565120697	0.0	0.1957937330007553	0.0	0.4096117615699768	2.4367926120758057	2.4110140800476074	0.44998446106910706	1.026626467704773	0.10976951569318771	0.2834374010562897	0.6312848329544067	0.0	0.15078634023666382	0.0	0.7559676170349121	0.44190946221351624	0.0	1.123006820678711	0.8215612769126892	0.7544939517974854	0.24257463216781616	0.8763524889945984	0.13988211750984192	0.0	0.0	1.482622504234314	0.5628790855407715	1.2043647766113281	2.154327392578125	0.0	0.0928664430975914	0.9843333959579468	0.0	0.0	0.9741262793540955	2.371993064880371	1.840114951133728	0.0	1.6648610830307007	0.0	0.663806676864624	0.0	0.0	0.38251107931137085	1.7726256847381592	1.220091700553894	0.0	1.2608554363250732	1.0530149936676025	2.473443031311035
0.0	0.0	0.33897048234939575	0.0	0.0	0.0	1.6217219829559326	0.8374674916267395	0.06514908373355865	0.5265193581581116	0.5018855333328247	0.0	0.0	0.5201370120048523	0.0	0.0	0.0	0.39228084683418274	2.4760255813598633	1.7482995986938477	0.18036876618862152	0.7807448506355286	0.0	0.3540583848953247	0.6252968907356262	0.265066921710968	0.07953348010778427	0.0	0.651638925075531	0.35469645261764526	0.0	0.8545726537704468	0.5725871324539185	0.6564921140670776	0.0	0.4692929983139038	0.3273340165615082	0.0	0.0	0.9912862777709961	0.4617503583431244	1.062349557876587	1.9876072406768799	0.0	0.0	1.029599666595459	0.0	0.0	0.5140640139579773	2.4667539596557617	1.6339271068572998	0.0	1.7217730283737183	0.0	0.569865882396698	0.0	0.0	0.0	1.6801153421401978	0.7224932312965393	0.0	1.413455605506897	0.9929280281066895	2.5184326171875
0.0	0.0	0.4514276087284088	0.0	0.0	0.0	1.4779707193374634	0.9638107419013977	0.0	0.30198949575424194	0.5227667093276978	0.0	0.0	0.4510580599308014	0.0	0.0	0.0	0.5700265765190125	2.380413293838501	1.5463502407073975	0.30345791578292847	0.6780338287353516	0.0	0.44763171672821045	0.7272210121154785	0.0	0.0	0.0	0.6398928761482239	0.18579714000225067	0.0	0.8967915773391724	0.6016874313354492	0.5664225816726685	0.0	0.1358010172843933	0.3787200152873993	0.0	0.0	0.876232922077179	0.7106671333312988	0.8550013899803162	2.062067747116089	0.0	0.17732156813144684	1.029761791229248	0.0	0.0	0.4349614381790161	2.306368112564087	1.5737003087997437	0.0	1.473315715789795	0.0	0.8176310658454895	0.0	0.0	0.0	1.8874706029891968	0.637833297252655	0.0	1.7296324968338013	0.9079325795173645	2.1126279830932617
0.0	0.0	0.35773518681526184	0.0	0.0	0.0	1.4527546167373657	0.8051588535308838	0.0	0.14992982149124146	0.6028316617012024	0.0	0.0	0.15917983651161194	0.11728034913539886	0.0	0.0	0.760938286781311	2.4319777488708496	1.268216848373413	0.45509475469589233	0.4111291170120239	0.0	0.5358026623725891	0.7564385533332825	0.0	0.0	0.0	0.21502277255058289	0.15106748044490814	0.0	0.49915388226509094	0.39063119888305664	0.4756801128387451	0.0	0.0	0.23913848400115967	0.0	0.0	0.868104875087738	0.7301560044288635	0.8736371397972107	1.9615767002105713	0.0	0.04133785516023636	1.0369420051574707	0.0	0.0	0.6427643895149231	2.3362932205200195	1.8586151599884033	0.0	1.4413297176361084	0.0	0.7694836258888245	0.0	0.0	0.0	1.6007059812545776	0.5264995694160461	0.0	1.454243779182434	0.6265995502471924	2.0770585536956787
0.0	0.0	0.32993727922439575	0.0	0.0	0.0	1.6360095739364624	0.9607572555541992	0.0	0.2746400237083435	0.610504686832428	0.0	0.0	0.5113651752471924	0.0	0.0	0.0	0.5243663787841797	2.3800103664398193	1.5478655099868774	0.32539162039756775	0.7602567076683044	0.0	0.4603271484375	0.8145775198936462	0.0	0.0	0.0	0.5925665497779846	0.1924535632133484	0.0	0.6062420010566711	0.694258987903595	0.5392405986785889	0.0	0.227812722325325	0.28918343782424927	0.0	0.0	1.0406285524368286	0.7114897966384888	0.8892307877540588	1.9987084865570068	0.0	0.08512648940086365	1.1367839574813843	0.0	0.0	0.5408833026885986	2.3879928588867188	1.691334843635559	0.0	1.5172818899154663	0.0	0.8456630110740662	0.0	0.0	0.0	1.7625232934951782	0.6457812786102295	0.0	1.4469698667526245	0.7245309948921204	2.3225626945495605
0.0	0.0	0.4566901624202728	0.0	0.0	0.0	1.601761817932129	0.9916982054710388	0.0	0.3291682302951813	0.5994950532913208	0.0	0.0	0.1982327550649643	0.0	0.0	0.0	0.6850967407226562	2.3379554748535156	1.5734930038452148	0.3743744194507599	0.5776302814483643	0.0	0.3342614471912384	0.714928925037384	0.0	0.0	0.0	0.58686763048172	0.09995496273040771	0.0	0.7049088478088379	0.6918497681617737	0.5757312774658203	0.0	0.028568554669618607	0.24428842961788177	0.0	0.0	0.7661283016204834	0.7493095993995667	0.9538602828979492	1.9307441711425781	0.0	0.0	1.1773055791854858	0.0	0.0	0.6815887689590454	2.165681838989258	1.7306914329528809	0.0	1.4371366500854492	0.0	0.963480532169342	0.0	0.0	0.0	1.6550990343093872	0.6797153949737549	0.0	1.4918434619903564	0.7069200873374939	2.407426595687866
0.0	0.0	0.3726195991039276	0.0	0.0	0.0	1.5096889734268188	0.9978501200675964	0.0	0.39901721477508545	0.7520362138748169	0.0	0.0	0.5767271518707275	0.025259925052523613	0.0	0.0	0.6248043775558472	2.6569666862487793	1.5304902791976929	0.3078921139240265	0.8209724426269531	0.0	0.3277069926261902	0.4201292097568512	0.0	0.060832031071186066	0.0	0.8953679203987122	0.3204450309276581	0.0	0.5479106307029724	1.0348953008651733	0.5664111375808716	0.0	0.08016801625490189	0.4427451193332672	0.0	0.0	0.9035041332244873	0.6882658004760742	1.0676463842391968	2.0995144844055176	0.0	0.1606348603963852	1.0642812252044678	0.0	0.0	0.5285428762435913	2.0805118083953857	1.7440752983093262	0.0	1.4477168321609497	0.0	0.5402369499206543	0.0	0.0	0.0	1.6909273862838745	0.6100204586982727	0.0	1.5671815872192383	0.847500205039978	2.194427013397217
0.0	0.0	0.12237915396690369	0.0	0.0	0.0	1.3781912326812744	0.8684579133987427	0.0	0.5161581635475159	0.577577531337738	0.0	0.0	0.44465574622154236	0.05148828402161598	0.0	0.0	0.5294305086135864	2.2562272548675537	1.5404671430587769	0.2572024464607239	0.9486082792282104	0.0	0.2629110813140869	0.3599145710468292	0.0	0.24497736990451813	0.0	1.0538403987884521	0.22442445158958435	0.0	0.7379277348518372	0.8499861359596252	0.4017188251018524	0.0	0.403279185295105	0.2827834188938141	0.0	0.0	1.1713649034500122	0.8043428659439087	1.3405427932739258	2.1491711139678955	0.0	0.05594448372721672	1.0466927289962769	0.0	0.0	0.5853797793388367	2.1181304454803467	1.6332765817642212	0.0	1.3151369094848633	0.0	0.46352922916412354	0.0	0.0	0.0	1.8579119443893433	0.38673949241638184	0.0	1.3190878629684448	1.083238124847412	2.154137134552002
0.0	0.0616195872426033	0.29775580763816833	0.0	0.0	0.0	1.8053009510040283	1.0211288928985596	0.0	0.3717558979988098	0.70486980676651	0.0	0.0	0.5353653430938721	0.09182988107204437	0.0	0.0	0.5948325991630554	2.316225528717041	1.6744292974472046	0.298357754945755	1.0215848684310913	0.0	0.18521656095981598	0.5079965591430664	0.0	0.2894076108932495	0.0	0.8663455247879028	0.3569108247756958	0.0	0.7744750380516052	0.6029204726219177	0.44821977615356445	0.0	0.551134467124939	0.42855408787727356	0.0	0.0	0.8643164038658142	0.6095990538597107	1.030849575996399	2.040245532989502	0.0	0.021148117259144783	1.1645734310150146	0.0	0.0	0.6006217002868652	2.124281883239746	1.775350570678711	0.0	1.5954391956329346	0.0	0.638770580291748	0.0	0.0	0.0	1.6093014478683472	0.6223815083503723	0.0	1.1074345111846924	0.7776322960853577	2.3243236541748047
0.0	0.0	0.16950111091136932	0.0	0.0	0.0	1.5230482816696167	0.9954811930656433	0.0	0.3328055739402771	0.6034457683563232	0.0	0.0	0.5413886308670044	0.04046403989195824	0.0	0.0	0.5049595236778259	2.497313976287842	1.824593186378479	0.29721248149871826	0.8698545098304749	0.0	0.005095719825476408	0.43945062160491943	0.0	0.17477552592754364	0.0	0.8810216784477234	0.3299421966075897	0.0	0.6509823799133301	0.7875869870185852	0.6083484888076782	0.0	0.3448391556739807	0.34952685236930847	0.0	0.0	0.9114816188812256	0.5537084341049194	0.9562727808952332	2.0082216262817383	0.0	0.0	1.0496091842651367	0.0	0.0	0.6034193634986877	2.0294809341430664	1.6357626914978027	0.0	1.6632720232009888	0.0	0.5580449104309082	0.0	0.0	0.0	1.760672688484192	0.5183992385864258	0.0	1.197224497795105	0.743484377861023	2.4014673233032227
0.0	0.08958394080400467	0.14949682354927063	0.0	0.0	0.0	1.3254257440567017	0.9331537485122681	0.0	0.8287368416786194	0.2308821678161621	0.0	0.0	0.6428995728492737	0.0	0.2696283757686615	0.0	0.21524879336357117	2.320326566696167	1.759904146194458	0.10955685377120972	0.942444920539856	0.0	0.2946851849555969	0.5416000485420227	0.0	0.0	0.0	1.0747352838516235	0.07175294309854507	0.0	0.9667983055114746	1.02653169631958	0.40318402647972107	0.02936652861535549	0.5290453433990479	0.48104363679885864	0.0	0.0	1.2847903966903687	0.5368660688400269	0.9639056324958801	2.2989444732666016	0.0	0.22275277972221375	1.0613632202148438	0.0	0.0	0.3272373378276825	2.7239573001861572	1.5274157524108887	0.0	1.4403915405273438	0.0	0.494895875453949	0.017586858943104744	0.0	0.0	1.8675365447998047	0.6049659848213196	0.01823676936328411	1.6798717975616455	1.1064229011535645	2.17948055267334
0.0	0.0	0.35939761996269226	0.0	0.0	0.0	1.5101875066757202	1.111142873764038	0.0	0.3099924921989441	0.5604719519615173	0.0	0.0	0.34992465376853943	0.09133882820606232	0.0	0.0	0.7174240946769714	2.410301446914673	1.4697959423065186	0.42708635330200195	0.7463745474815369	0.0	0.3947646915912628	0.7683944702148438	0.0	0.0	0.0	0.7087662816047668	0.2491678148508072	0.0	0.6237697601318359	0.6083871126174927	0.4365071952342987	0.0	0.13577692210674286	0.2562944293022156	0.0	0.0	0.8758289217948914	0.6993001103401184	1.205260992050171	1.9289836883544922	0.0	0.07176670432090759	1.0233062505722046	0.0	0.0	0.5329113006591797	2.257295608520508	1.723182201385498	0.0	1.4174789190292358	0.0	0.6618518829345703	0.0	0.0	0.0	1.858054280281067	0.6541549563407898	0.0	1.5497691631317139	0.9476227760314941	2.2222962379455566
0.0	0.0	0.3995096683502197	0.0	0.0	0.0	1.6890199184417725	1.0874457359313965	0.0	0.3517623245716095	0.5588420629501343	0.0	0.0	0.4240710735321045	0.0	0.021074874326586723	0.0	0.5690053105354309	2.3934059143066406	1.4780458211898804	0.26485419273376465	0.7996754050254822	0.0	0.2637704908847809	0.4981904625892639	0.0	0.0	0.0	0.6647923588752747	0.21311134099960327	0.0	0.6136700510978699	0.7565174102783203	0.5104494690895081	0.0	0.1824238896369934	0.3099116086959839	0.0	0.0	0.7595685720443726	0.7098188996315002	1.0688107013702393	1.955174207687378	0.0	0.02768600918352604	1.1540491580963135	0.0	0.0	0.6427838802337646	2.0112216472625732	1.8370229005813599	0.0	1.4321062564849854	0.0	0.7497522234916687	0.0	0.0	0.0	1.779577612876892	0.5093939900398254	0.0	1.3702170848846436	0.8907557129859924	2.5126380920410156
0.0	0.0	0.2395290583372116	0.0	0.0	0.0	1.6119471788406372	0.9464681148529053	0.0	0.3609016537666321	0.6106479167938232	0.0	0.0	0.5279425978660583	0.0	0.0	0.0	0.5646293759346008	2.575673818588257	1.921319603919983	0.2609400749206543	0.7960041165351868	0.037647902965545654	0.1686902791261673	0.5371601581573486	0.0	0.08146808296442032	0.0	0.8423459529876709	0.1719963401556015	0.0	0.8485265374183655	0.3252052366733551	0.46351975202560425	0.0	0.5512054562568665	0.26729318499565125	0.0	0.0	1.0320312976837158	0.5793167352676392	0.9285925030708313	1.9538135528564453	0.0	0.010354473255574703	1.0877211093902588	0.0	0.0	0.5139474272727966	2.27032470703125	1.603440761566162	0.0	1.5894004106521606	0.0	0.5861267447471619	0.0	0.0	0.0	1.7149314880371094	0.6484237313270569	0.0	1.273829698562622	0.8698239326477051	2.316399335861206
0.0	0.0	0.3441300690174103	0.0	0.0	0.0	1.6732070446014404	1.1225425004959106	0.0	0.507217288017273	0.3793807029724121	0.0	0.0	0.38694074749946594	0.08218754827976227	0.0	0.0	0.4932974874973297	2.482558250427246	1.4904152154922485	0.3283150792121887	0.8192459344863892	0.0	0.4329392611980438	0.47088804841041565	0.0	0.10563520342111588	0.0	0.8733331561088562	0.17595157027244568	0.0	0.7345607280731201	0.9586206078529358	0.39572176337242126	0.0	0.29117900133132935	0.3449956774711609	0.0	0.0	1.0189893245697021	0.6802530288696289	1.1219618320465088	2.183739423751831	0.0	0.08944161981344223	1.2759051322937012	0.0	0.0	0.5674271583557129	2.448261022567749	1.6776422262191772	0.0	1.4355616569519043	0.0	0.8114625215530396	0.0	0.0	0.0	1.8065407276153564	0.5567710399627686	0.0	1.7225178480148315	0.8903337717056274	2.1662027835845947
0.0	0.0	0.38136187195777893	0.0	0.0	0.0	1.5485070943832397	1.0049854516983032	0.0	0.3009827435016632	0.6784444451332092	0.0	0.0	0.39642277359962463	0.0751187726855278	0.012360477820038795	0.0	0.6995545029640198	2.4890849590301514	1.5326557159423828	0.37646105885505676	0.5341417789459229	0.0	0.3891207277774811	0.9422343969345093	0.0	0.0	0.0	0.6349708437919617	0.10461275279521942	0.0	0.7803187966346741	0.5757476091384888	0.534932017326355	0.0	0.10036757588386536	0.28470379114151	0.0	0.0	0.9357507824897766	0.6278673410415649	0.9841852784156799	2.0110859870910645	0.0	0.10825414955615997	1.181054711341858	0.0	0.0	0.47428813576698303	2.4168524742126465	1.6486434936523438	0.0	1.525732398033142	0.0	0.9805556535720825	0.0	0.0	0.0	1.6819806098937988	0.5611510276794434	0.0	1.576066017150879	0.5096069574356079	2.423985719680786
0.0	0.14453628659248352	0.23565346002578735	0.0202837772667408	0.0	0.0	1.4752695560455322	0.9953181147575378	0.002773567335680127	0.5342159271240234	0.5961648225784302	0.0	0.0	0.44717076420783997	0.217086523771286	0.06328151375055313	0.0	0.4977969527244568	2.494757652282715	1.5082011222839355	0.2791692316532135	0.8260244727134705	0.0	0.43935006856918335	0.5344976782798767	0.0	0.3094036877155304	0.0	0.8971560597419739	0.4574635326862335	0.0	0.7148250341415405	0.5979410409927368	0.5224294662475586	0.06732527166604996	0.3831799328327179	0.48500049114227295	0.0	0.0	1.1964644193649292	0.7229374647140503	1.1274429559707642	2.1844334602355957	0.0	0.10831595212221146	1.0488851070404053	0.0	0.0	0.6379780769348145	2.575937271118164	1.7684036493301392	0.0	1.557239294052124	0.0	0.6086862087249756	0.0	0.0	0.0	1.563675880432129	0.5292112231254578	0.0	1.4042587280273438	0.9934732913970947	2.2503981590270996
0.0	0.0	0.5350805521011353	0.0	0.0	0.0	1.671528935432434	0.9727194905281067	0.0	0.17750804126262665	0.6700476408004761	0.0	0.0	0.21508891880512238	0.00708024762570858	0.0	0.0	0.6826185584068298	2.3780107498168945	1.6960994005203247	0.2865697145462036	0.4339221715927124	0.0	0.5718771815299988	0.9761662483215332	0.012607715092599392	0.0	0.0	0.5825944542884827	0.012578449212014675	0.0	0.6847161650657654	0.3667915463447571	0.5420988202095032	0.0	0.13179302215576172	0.13616834580898285	0.0	0.0	0.9468891620635986	0.5756291151046753	0.65470951795578	1.8854988813400269	0.0	0.058255940675735474	1.099829912185669	0.0	0.0	0.48244932293891907	2.479410409927368	1.6201038360595703	0.0	1.5733147859573364	0.0	0.8945765495300293	0.0	0.0	0.0	1.7418923377990723	0.6451530456542969	0.0	1.558906078338623	0.6183467507362366	2.354501962661743
0.0	0.0	0.5443273782730103	0.0	0.0	0.0	1.8060632944107056	1.1643284559249878	0.0260654054582119	0.2574566900730133	0.5643386840820312	0.0	0.0	0.30483904480934143	0.056114520877599716	0.0	0.0	0.6191898584365845	2.550692081451416	1.3754006624221802	0.2396862953901291	0.6466526985168457	0.0	0.5911960005760193	0.8955036401748657	0.0	0.0	0.0	0.7047485709190369	0.13133268058300018	0.0	0.7062557935714722	0.7161493897438049	0.6219701766967773	0.0	0.0	0.29454049468040466	0.0	0.0	0.8878173232078552	0.6044895648956299	0.9402315020561218	1.979069471359253	0.0	0.020591702312231064	1.1008148193359375	0.0	0.0	0.5816043615341187	2.4418017864227295	1.6768635511398315	0.0	1.468097448348999	0.0	0.875353991985321	0.0	0.0	0.0	1.655859112739563	0.7045546174049377	0.0	1.6202563047409058	0.6590003371238708	2.5400850772857666
0.0	0.0	0.08712366223335266	0.0	0.0	0.0	1.604427456855774	1.0882940292358398	0.132479727268219	0.6050983667373657	0.4083482027053833	0.0	0.0	0.5008499026298523	0.09340199828147888	0.0	0.0	0.5021249651908875	2.368755340576172	1.6352262496948242	0.4153957664966583	1.0027636289596558	0.0	0.2341572493314743	0.5831054449081421	0.0	0.31782686710357666	0.0	0.8212971687316895	0.44441813230514526	0.0	0.6072151064872742	0.6529937386512756	0.4668429493904114	0.0	0.25563231110572815	0.19544334709644318	0.0	0.0	0.8692120313644409	0.6810705065727234	0.957434356212616	2.129197120666504	0.0	0.0047514899633824825	1.0834424495697021	0.0	0.0	0.6458707451820374	2.2645580768585205	1.6814576387405396	0.0	1.599098563194275	0.0	0.5967006087303162	0.0	0.0	0.0	1.66045343875885	0.5642897486686707	0.0	1.1828100681304932	0.8989940881729126	2.403331995010376
0.0	0.6385790109634399	0.0	0.4271348714828491	0.0	0.0	1.4770272970199585	0.8249832987785339	0.21795599162578583	0.33421775698661804	0.5545202493667603	0.0	0.0	0.4706763029098511	0.0	0.0	0.0	0.18210993707180023	2.3216323852539062	2.3812804222106934	0.2667587101459503	1.224095344543457	0.0	0.14351318776607513	0.4877903461456299	0.0	0.46396777033805847	0.029285870492458344	1.0759339332580566	0.23784203827381134	0.0	0.9040818214416504	0.0	0.33213281631469727	0.46716007590293884	1.159384846687317	0.010808140970766544	0.0	0.0	1.14919912815094	0.4432716369628906	0.5542647242546082	1.9224587678909302	0.0	0.12444836646318436	0.9424924850463867	0.0	0.0	0.8496555685997009	2.5320446491241455	1.7499440908432007	0.1509457528591156	1.6359730958938599	0.0	0.48287370800971985	0.0	0.0	0.0	1.648795247077942	0.9550148248672485	0.25525662302970886	0.9410164952278137	1.20123291015625	2.1883316040039062
0.0	0.0	0.4203357994556427	0.0	0.0	0.0	1.5946427583694458	1.0991246700286865	0.0	0.3231430947780609	0.5258716344833374	0.0	0.0	0.34937673807144165	0.09901692718267441	0.0	0.0	0.5446235537528992	2.3518807888031006	1.4828975200653076	0.3446628749370575	0.7895463109016418	0.0	0.34909576177597046	0.5581258535385132	0.0	0.052900344133377075	0.0	0.6926912069320679	0.2920707166194916	0.0	0.7093289494514465	0.7417494654655457	0.6410744786262512	0.0	0.17656655609607697	0.4238823652267456	0.0	0.0	0.9408174157142639	0.6385528445243835	1.363419532775879	2.0967769622802734	0.0	0.0	1.063948392868042	0.0	0.0	0.7024717926979065	2.2112345695495605	1.8112759590148926	0.0	1.5101573467254639	0.0	0.7395749688148499	0.0	0.0	0.0	1.6452152729034424	0.5475867986679077	0.0	1.4316924810409546	0.8304670453071594	2.524812936782837
0.0	0.0	0.21299132704734802	0.0	0.0	0.0	1.5614495277404785	0.9420650601387024	0.0	0.654809296131134	0.39847320318222046	0.0	0.0	0.5407382249832153	0.00797346979379654	0.0	0.0	0.5056907534599304	2.4869866371154785	1.9725362062454224	0.2676127552986145	0.8878439664840698	0.0	0.1971389800310135	0.49050822854042053	0.0	0.04762190207839012	0.0	1.0785484313964844	0.18994177877902985	0.0	0.8872945308685303	0.7152181267738342	0.5137496590614319	0.0	0.48857641220092773	0.20616209506988525	0.0	0.0	1.1123285293579102	0.7379359006881714	1.1292226314544678	2.1485414505004883	0.0	0.17129087448120117	1.086216688156128	0.0	0.0	0.43493685126304626	2.299619436264038	1.7325096130371094	0.0	1.5007432699203491	0.0	0.6210317611694336	0.0	0.0	0.0	1.7811455726623535	0.622255802154541	0.0	1.2943849563598633	0.9757914543151855	2.371926784515381
0.0	0.0	0.3400230407714844	0.0	0.0	0.0	1.51942777633667	0.8923040628433228	0.0	0.2708389461040497	0.5878428816795349	0.0	0.0	0.3411741554737091	0.0	0.0	0.0	0.6781108379364014	2.4153783321380615	1.618192434310913	0.4280136823654175	0.7529117465019226	0.0	0.33188602328300476	0.8853772282600403	0.0	0.0	0.0	0.6527053117752075	0.1056036725640297	0.0	0.8136222958564758	0.6058729887008667	0.4789036512374878	0.0	0.33786165714263916	0.2968677878379822	0.0	0.0	0.8721023201942444	0.8023666143417358	0.7531346082687378	2.011500120162964	0.0	0.048898980021476746	1.0774803161621094	0.0	0.0	0.6808152794837952	2.277979850769043	1.7275795936584473	0.0	1.5735013484954834	0.0	0.8347484469413757	0.0	0.0	0.0	1.8843225240707397	0.7728620767593384	0.0	1.3447785377502441	0.7562128305435181	2.251121759414673
0.0	0.0	0.5681767463684082	0.0	0.0	0.0	1.5192326307296753	0.8865091800689697	0.0	0.04869653284549713	0.6468244194984436	0.0	0.0	0.49576321244239807	0.0	0.0	0.0	0.6753408312797546	2.305870532989502	1.570635437965393	0.5044086575508118	0.5028621554374695	0.0	0.27566468715667725	0.7149240970611572	0.0	0.0	0.0	0.5497409105300903	0.0	0.0	0.4743266999721527	0.5259723663330078	0.6192378997802734	0.0	0.0	0.282840371131897	0.0	0.0	0.690092921257019	0.7156655192375183	0.7273150086402893	1.9763046503067017	0.0	0.06919927150011063	1.108785629272461	0.0	0.0	0.5926892161369324	2.080164909362793	1.7130036354064941	0.0	1.5037951469421387	0.0	0.8256071209907532	0.0	0.0	0.0	1.8598283529281616	0.7437635064125061	0.0	1.4446556568145752	0.4858802258968353	2.2089712619781494
0.0	0.0	0.3412793278694153	0.0	0.0	0.0	1.3809583187103271	0.6204932928085327	0.0	0.0632556602358818	0.7577811479568481	0.0	0.0	0.2209554761648178	0.0	0.0	0.0	0.5382356643676758	2.399183511734009	1.3197513818740845	0.30150508880615234	0.4525327980518341	0.09556711465120316	0.7301127910614014	0.8371904492378235	0.0	0.0	0.0	0.22528204321861267	0.0	0.0	0.6635518074035645	0.3761040270328522	0.6152339577674866	0.0	0.05420749634504318	0.19300201535224915	0.0	0.0	0.7997262477874756	0.6067617535591125	0.5319787859916687	1.922701358795166	0.0	0.09295825660228729	1.0637283325195312	0.0	0.0	0.5061222910881042	2.36545729637146	1.7187391519546509	0.0	1.544498085975647	0.0	0.6435341835021973	0.0	0.0	0.0	1.6028685569763184	0.6320192813873291	0.0	1.6795213222503662	0.755740225315094	2.00553035736084
0.0	0.0	0.5758066773414612	0.0	0.0	0.0	1.6270171403884888	0.9701919555664062	0.0	0.23423461616039276	0.6503345370292664	0.0	0.0	0.2940075099468231	0.013063929975032806	0.0	0.0	0.6261277794837952	2.261403799057007	1.5336474180221558	0.34823355078697205	0.4692557156085968	0.0	0.6911208033561707	0.7079982757568359	0.0	0.0	0.0	0.6774510741233826	0.0	0.0	0.7873784303665161	0.5899922251701355	0.5601191520690918	0.0	0.0	0.3265640139579773	0.0	0.0	0.9875804781913757	0.5697075128555298	1.111470103263855	1.9476451873779297	0.0	0.08227137476205826	1.1342006921768188	0.0	0.0	0.47063103318214417	2.6278693675994873	1.607582449913025	0.0	1.5376800298690796	0.0	0.9156296849250793	0.0	0.0	0.0	1.7261803150177002	0.5262519121170044	0.0	1.532651424407959	0.7076208591461182	2.423306703567505
0.05417248234152794	0.0	0.1687680333852768	0.0	0.0	0.0	1.5313551425933838	0.716650128364563	0.0	0.4327394962310791	0.4303959310054779	0.0	0.0	0.5925974249839783	0.0	0.0	0.0	0.37281012535095215	2.2734034061431885	1.8638302087783813	0.4866337180137634	0.7226858139038086	0.0	0.44281142950057983	1.0277605056762695	0.0	0.0	0.0	0.8609364032745361	0.0	0.0	0.9356886148452759	1.001571774482727	0.5087209939956665	0.0	0.5177359580993652	0.3554847836494446	0.0	0.0	1.2137649059295654	0.5570056438446045	1.1547415256500244	2.3378214836120605	0.0	0.23159992694854736	1.0633093118667603	0.0	0.0	0.4206894338130951	2.641054153442383	1.3896867036819458	0.0	1.4775805473327637	0.0	0.6449806690216064	0.0	0.0	0.0	1.692295789718628	0.8239809274673462	0.0	1.6436560153961182	0.8263381719589233	2.1296072006225586
0.0	0.08427996188402176	0.3027735948562622	0.0	0.0	0.0	1.6584317684173584	1.1130439043045044	0.0	0.317931205034256	0.5769438147544861	0.0	0.0	0.5818847417831421	0.07745052129030228	0.0	0.0	0.6475858688354492	2.601016044616699	1.7453763484954834	0.3022399842739105	0.924637496471405	0.0	0.03052474930882454	0.47385627031326294	0.0	0.2643595039844513	0.0	0.9964078664779663	0.449531614780426	0.0	0.6768352389335632	0.5203348994255066	0.4337983727455139	0.0	0.3631224036216736	0.2765042185783386	0.0	0.0	0.8955737948417664	0.5265305042266846	1.1248785257339478	2.1076910495758057	0.0	0.04966338351368904	1.0919504165649414	0.0	0.0	0.5686719417572021	2.015911817550659	1.6373788118362427	0.0	1.6306325197219849	0.0	0.6432913541793823	0.0	0.0	0.0	1.7544307708740234	0.5349570512771606	0.0	1.2159028053283691	0.7351606488227844	2.2640888690948486
0.0	0.2250117063522339	0.0	0.09987476468086243	0.0	0.0	1.3708101511001587	0.7817829251289368	0.050142496824264526	0.5836035013198853	0.40056443214416504	0.0	0.0	0.48175883293151855	0.0	0.0	0.0	0.24363809823989868	2.405996084213257	2.3053507804870605	0.17675361037254333	1.073696255683899	0.0	0.1974879652261734	0.625866174697876	0.0	0.37148433923721313	0.0	0.9910062551498413	0.13647933304309845	0.0	0.6959682106971741	0.6050229072570801	0.42616206407546997	0.2727293372154236	0.9284447431564331	0.0	0.0	0.0	1.050378441810608	0.5255983471870422	0.706569492816925	1.9687875509262085	0.0	0.046254340559244156	1.0869821310043335	0.0	0.0	0.6980487108230591	2.5260889530181885	1.737830400466919	0.04775727912783623	1.7126340866088867	0.0	0.4561038315296173	0.0	0.0	0.0	1.720122218132019	0.94981849193573	0.0	1.1424790620803833	0.8586773872375488	2.420259714126587
0.0	0.0	0.37509506940841675	0.0	0.050950344651937485	0.0	1.6666076183319092	1.003663420677185	0.0	0.37217721343040466	0.6669341325759888	0.0	0.0	0.668461263179779	0.037173688411712646	0.0	0.0	0.7017278671264648	2.5833497047424316	1.6555095911026	0.3695273697376251	0.6682078838348389	0.15638583898544312	0.2675606906414032	0.77534019947052	0.0	0.06997726112604141	0.0	0.7360351085662842	0.2980060577392578	0.004390377551317215	0.641749382019043	0.8868005871772766	0.5984921455383301	0.0	0.07461018860340118	0.45045337080955505	0.0	0.0	0.8191849589347839	0.47578591108322144	1.1050182580947876	1.9958804845809937	0.0	0.1342984288930893	1.2216588258743286	0.0	0.0	0.4323105216026306	2.2632665634155273	1.5539426803588867	0.0	1.5533671379089355	0.0	0.6038905382156372	0.0	0.0	0.0	1.6937144994735718	0.5156930685043335	0.0	1.625889539718628	0.6779078245162964	2.2080514430999756
0.0	0.0	0.05760840326547623	0.0	0.0	0.0	1.415775179862976	0.9005407691001892	0.0	0.5435474514961243	0.4396892786026001	0.0	0.0	0.5596125721931458	0.0	0.0	0.0	0.40402859449386597	2.3840787410736084	1.547783374786377	0.1944705843925476	1.037890911102295	0.1845705509185791	0.20228104293346405	0.44701454043388367	0.0	0.17335329949855804	0.0	1.0237168073654175	0.14198820292949677	0.0	0.6684451699256897	0.9344043135643005	0.3260612487792969	0.0	0.34938937425613403	0.31102144718170166	0.0	0.0	0.9616937637329102	0.6883484125137329	1.0810290575027466	2.1319546699523926	0.0	0.12452361732721329	1.0899499654769897	0.0	0.0	0.44971963763237	2.1847591400146484	1.5835481882095337	0.0	1.3307451009750366	0.0	0.5143900513648987	0.0	0.0	0.0	1.7916158437728882	0.426525741815567	0.0	1.3830814361572266	1.0145117044448853	2.126213550567627
0.04250689223408699	0.0	0.2419036328792572	0.0	0.0	0.0	1.457155466079712	1.0401495695114136	0.0	0.6851056814193726	0.3462072014808655	0.0	0.0	0.41140711307525635	0.0	0.0	0.0	0.5959301590919495	2.2821760177612305	1.4853664636611938	0.21000732481479645	0.6470737457275391	0.0	0.4840734601020813	1.0203617811203003	0.0	0.0	0.0	0.8898950815200806	0.1674387902021408	0.0	0.7165473103523254	0.8744242787361145	0.4725034236907959	0.0	0.13719211518764496	0.4253738820552826	0.0	0.0	1.03873872756958	0.8367560505867004	1.0910111665725708	2.236783266067505	0.0	0.11474968492984772	1.2955200672149658	0.0	0.0	0.6240562796592712	2.621382236480713	1.6496167182922363	0.0	1.2613723278045654	0.0	0.9606961607933044	0.0	0.0	0.0	1.8498181104660034	0.6232384443283081	0.0	1.5729659795761108	0.9509040713310242	2.158738613128662
0.0	0.0	0.08177708089351654	0.0	0.0	0.0	1.4445587396621704	0.7160486578941345	0.0	0.4081948399543762	0.5445472002029419	0.0	0.0	0.3465908169746399	0.0	0.0	0.0	0.3266312777996063	2.3503541946411133	2.0152742862701416	0.1962226927280426	0.7436638474464417	0.10759363323450089	0.454293817281723	0.6635386347770691	0.0	0.07299299538135529	0.0	0.6194223165512085	0.0	0.0	0.812977135181427	0.38096943497657776	0.6745834946632385	0.0	0.6367788314819336	0.0	0.0	0.0	0.9544529318809509	0.5186911821365356	0.5782124996185303	2.020341396331787	0.0	0.06699030101299286	1.0303746461868286	0.0	0.0	0.5802353620529175	2.382758378982544	1.6738840341567993	0.13930398225784302	1.7241321802139282	0.0	0.6037759780883789	0.0	0.0	0.0	1.7463129758834839	0.8053627610206604	0.0	1.3058841228485107	0.7856334447860718	2.2599093914031982
0.0	0.0	0.2960522472858429	0.0	0.05204036459326744	0.0	1.5131244659423828	0.908543050289154	0.0	0.3728977143764496	0.5741233825683594	0.0	0.0	0.5226282477378845	0.007001986727118492	0.0	0.0	0.5875312685966492	2.3797450065612793	1.5286821126937866	0.3940046429634094	0.8965989947319031	0.0	0.25351420044898987	0.4476529061794281	0.0	0.30804866552352905	0.0	0.8590213060379028	0.22994732856750488	0.0	0.5713189840316772	0.8437435626983643	0.4463456869125366	0.0	0.32126694917678833	0.46894240379333496	0.0	0.0	0.8118855357170105	0.5616737604141235	1.029201865196228	2.1293869018554688	0.0	0.0	1.1465388536453247	0.0	0.0	0.6223230957984924	2.077296257019043	1.8189985752105713	0.0	1.595650315284729	0.0	0.6984955072402954	0.0	0.0	0.0	1.6338000297546387	0.5585712790489197	0.0	1.296002984046936	0.7344309687614441	2.3701038360595703
0.0	0.0	0.364947646856308	0.0	0.0	0.0	1.6240116357803345	0.8583810925483704	0.15878522396087646	0.13692763447761536	0.6832655668258667	0.0	0.0	0.21930541098117828	0.027212047949433327	0.0	0.0	0.5840668678283691	2.365630626678467	1.473469614982605	0.36636781692504883	0.5081422924995422	0.0	0.6303478479385376	0.8407394886016846	0.0	0.0	0.0	0.36449798941612244	0.0	0.0	0.6226435899734497	0.2738839089870453	0.5124723315238953	0.0	0.2859899699687958	0.11595559865236282	0.0	0.0	0.8227772116661072	0.5367827415466309	0.7494363784790039	1.9181582927703857	0.0	0.03006739914417267	1.0813591480255127	0.0	0.0	0.8918249011039734	2.635427713394165	1.754620909690857	0.0	1.4447616338729858	0.0	0.8161788582801819	0.0	0.0	0.0	1.6245146989822388	0.5858782529830933	0.0	1.460291862487793	0.620144248008728	2.3329761028289795
0.0	0.0	0.12983591854572296	0.0	0.0	0.0	1.73403000831604	0.8382614254951477	0.0	0.3452714681625366	0.5543856620788574	0.0	0.0	0.5341625809669495	0.05426909029483795	0.0	0.0	0.6982896327972412	2.3714187145233154	1.6441081762313843	0.3472710847854614	0.9236696362495422	0.0	0.1154913380742073	0.4451551139354706	0.0	0.3189293444156647	0.0	0.8476147651672363	0.22484137117862701	0.0	0.5395632982254028	0.7070422768592834	0.48357799649238586	0.0	0.45621493458747864	0.36985787749290466	0.0	0.0	0.8694298267364502	0.5905325412750244	0.943853497505188	2.1170613765716553	0.0	0.01890537701547146	1.1672117710113525	0.0	0.0	0.6150911450386047	2.1691105365753174	1.8052958250045776	0.0	1.6538218259811401	0.0	0.6480685472488403	0.0	0.0	0.0	1.712573766708374	0.6682784557342529	0.0	1.059637427330017	0.7152653336524963	2.344557046890259
0.0	0.0	0.22490867972373962	0.0	0.0	0.0	1.6076605319976807	0.9948683977127075	0.0	0.49978575110435486	0.670437753200531	0.0	0.0	0.5979170799255371	0.1868823766708374	0.0	0.0	0.7722194790840149	2.539233922958374	1.8017961978912354	0.5192475914955139	0.9818584322929382	0.0	0.07082191854715347	0.7098560333251953	0.0	0.2850174605846405	0.0	0.8199252486228943	0.4062802195549011	0.0	0.6036167144775391	0.5006531476974487	0.5729381442070007	0.0	0.443543016910553	0.5604018568992615	0.0	0.0	0.9853770732879639	0.562183678150177	0.9680346250534058	2.173245668411255	0.0	0.025077657774090767	1.145276665687561	0.0	0.0	0.6450406312942505	2.062943935394287	1.7577450275421143	0.0	1.6262130737304688	0.0	0.5970337986946106	0.0	0.0	0.0	1.7400771379470825	0.7977855205535889	0.0	1.1942836046218872	0.6515567898750305	2.442352771759033
0.0	0.0	0.43917691707611084	0.0	0.0	0.0	1.7090212106704712	0.9749428629875183	0.0	0.340605229139328	0.6462357640266418	0.0	0.0	0.48147597908973694	0.0	0.0	0.0	0.5560827255249023	2.3538639545440674	1.866655945777893	0.2953225374221802	0.5825766324996948	0.0	0.4270910918712616	0.9839125871658325	0.15198825299739838	0.0	0.0	0.6807122826576233	0.2559279799461365	0.0	0.8299959301948547	0.4181881248950958	0.650861382484436	0.0	0.2778148055076599	0.2326825112104416	0.0	0.0	1.005657434463501	0.4478602111339569	1.2198671102523804	2.0050041675567627	0.0	0.17016920447349548	1.0181516408920288	0.0	0.0	0.49054571986198425	2.4659690856933594	1.7159985303878784	0.006852149032056332	1.6383211612701416	0.0	0.820061206817627	0.0	0.0	0.0	1.875097632408142	0.7246463298797607	0.0	1.4646519422531128	0.9015547633171082	2.6084165573120117
0.0	0.0	0.35932448506355286	0.0	0.0	0.0	1.5178745985031128	1.1626585721969604	0.0	0.5808871388435364	0.44463884830474854	0.0	0.0	0.6568866968154907	0.18019315600395203	0.0	0.0	0.6350411772727966	2.5172042846679688	1.4368386268615723	0.533743143081665	0.6647275686264038	0.02761732041835785	0.30359938740730286	0.9902738928794861	0.0	0.0	0.0	0.8065302968025208	0.24974529445171356	0.0	0.8589214086532593	1.0358096361160278	0.5339164137840271	0.0	0.0	0.48896652460098267	0.0	0.0	1.07553231716156	0.6588592529296875	1.2448005676269531	2.2295024394989014	0.0	0.032834842801094055	1.2150253057479858	0.0	0.0	0.39498773217201233	2.3363099098205566	1.449386715888977	0.0	1.397225022315979	0.0	0.8467572927474976	0.16836987435817719	0.0	0.0	1.802842140197754	0.4411790668964386	0.0	1.5547058582305908	0.8944198489189148	2.3280768394470215
0.0	0.0	0.3846314251422882	0.0	0.0	0.0	1.6574485301971436	1.060678482055664	0.05236579850316048	0.31295761466026306	0.6276420950889587	0.0	0.0	0.6364048719406128	0.09052811563014984	0.039726946502923965	0.0	0.647919774055481	2.332317590713501	1.5584903955459595	0.46867236495018005	0.9464359283447266	0.0	0.0576021671295166	0.29599326848983765	0.0	0.3447321057319641	0.0	0.925650954246521	0.394694060087204	0.0	0.4946788549423218	0.711867094039917	0.49101611971855164	0.0	0.06018683314323425	0.5698968172073364	0.0	0.0	0.8418843150138855	0.6802200078964233	1.2580132484436035	2.110433578491211	0.0	0.05336788669228554	1.1405839920043945	0.0	0.0	0.6963578462600708	1.9337353706359863	1.7443840503692627	0.0	1.3044854402542114	0.0	0.7113229036331177	0.0	0.0	0.0	1.6888138055801392	0.4165034592151642	0.0	1.1277152299880981	0.8522626757621765	2.409895658493042
0.0	0.0	0.3314308524131775	0.0	0.0	0.0	1.5281617641448975	1.0937223434448242	0.0	0.5801970362663269	0.5061110854148865	0.0	0.0	0.3228815197944641	0.01159600354731083	0.0	0.0	0.3416103422641754	2.339200019836426	1.4563685655593872	0.08155115693807602	0.8557239174842834	0.0	0.5851752161979675	0.6582192182540894	0.0	0.0	0.0	0.8287440538406372	0.13626328110694885	0.0	0.777306318283081	0.9165816903114319	0.49140802025794983	0.0	0.2883725166320801	0.2963736057281494	0.0	0.0	1.0539032220840454	0.6150582432746887	1.1879916191101074	2.176711320877075	0.0	0.1270330846309662	1.1207562685012817	0.0	0.0	0.47318267822265625	2.652364492416382	1.546454906463623	0.0	1.2892506122589111	0.0	0.7552987337112427	0.0789610892534256	0.0	0.0	1.791301965713501	0.45452046394348145	0.0	1.6866415739059448	1.0316919088363647	2.2331736087799072
0.0	0.0	0.35390588641166687	0.0	0.0	0.0	1.4576283693313599	0.8131311535835266	0.006806460674852133	0.3364722430706024	0.7814768552780151	0.0	0.0	0.45568516850471497	0.0	0.0	0.0	0.4681389033794403	2.3715076446533203	1.57048761844635	0.3217925429344177	0.9118013381958008	0.0	0.5180875658988953	0.6891529560089111	0.0	0.0	0.0	0.6169099807739258	0.0	0.0	0.7077887058258057	0.6741833090782166	0.5425050854682922	0.0	0.371243953704834	0.26956069469451904	0.0	0.0	0.9824564456939697	0.5568390488624573	0.8012663722038269	2.025130271911621	0.0	0.0	1.107130765914917	0.0	0.0	0.6017585396766663	2.343264102935791	1.6512969732284546	0.006851011887192726	1.6128835678100586	0.0	0.5965524315834045	0.0	0.0	0.0	1.6754138469696045	0.5583572387695312	0.0	1.3934675455093384	0.7685713171958923	2.2469513416290283
0.0	0.0	0.44237250089645386	0.0	0.26461777091026306	0.0	1.5431947708129883	0.8121035099029541	0.0	0.12165913730859756	0.7053725719451904	0.0	0.0	0.45868679881095886	0.0	0.0	0.0	0.495717316865921	2.376190185546875	1.6371006965637207	0.33958977460861206	0.4418341815471649	0.0	0.5214759111404419	0.9367468357086182	0.0	0.0	0.09218677878379822	0.44592031836509705	0.11430101841688156	0.0	0.6911278367042542	0.4131225645542145	0.5475888252258301	0.0	0.09640426933765411	0.2061878740787506	0.0	0.0	0.8877485394477844	0.571581244468689	0.6500361561775208	1.913973093032837	0.0	0.15666571259498596	1.1002508401870728	0.0	0.0	0.48567071557044983	2.4342246055603027	1.5638467073440552	0.0	1.7541859149932861	0.0	0.6561909317970276	0.0	0.0	0.0	1.6841022968292236	0.7427495718002319	0.0	1.5978831052780151	0.615080714225769	2.356156349182129
0.0	0.0	0.4202113151550293	0.0	0.0	0.0	1.6352657079696655	1.175663709640503	0.0	0.44539952278137207	0.6569910645484924	0.0	0.0	0.3267040550708771	0.003507034620270133	0.0	0.0	0.6099897623062134	2.318411350250244	1.5139756202697754	0.38127604126930237	0.6303801536560059	0.0	0.47825542092323303	0.8300009965896606	0.0	0.0	0.0	0.613109290599823	0.1720210313796997	0.0	0.6820673942565918	0.7316510081291199	0.5578453540802002	0.0	0.17266502976417542	0.27245721220970154	0.0	0.0	0.8390340209007263	0.7283368110656738	0.8514139652252197	1.9298244714736938	0.0	0.0	1.0503727197647095	0.0	0.0	0.6410185694694519	2.1760048866271973	1.739954948425293	0.0	1.634688138961792	0.0	0.8604089617729187	0.0	0.0	0.0	1.7572319507598877	0.587809681892395	0.0	1.5712313652038574	0.6766445636749268	2.407266616821289
0.0	0.0	0.31930020451545715	0.0	0.0	0.0	1.5229140520095825	0.8107826113700867	0.0	0.22674472630023956	0.8776302933692932	0.0	0.0	0.48868998885154724	0.043315641582012177	0.0	0.0	0.7019876837730408	2.34696626663208	1.4443057775497437	0.5202270150184631	0.4644678235054016	0.0	0.4934629499912262	0.8915361166000366	0.0	0.0	0.0	0.6042119264602661	0.25216227769851685	0.0	0.7514951229095459	0.41212740540504456	0.639184296131134	0.0	0.12869982421398163	0.3035041093826294	0.0	0.0	0.9960208535194397	0.604343056678772	0.9971314072608948	1.9751439094543457	0.0	0.0	0.9897233843803406	0.0	0.0	0.6916707754135132	2.4427270889282227	1.679396152496338	0.0	1.6836720705032349	0.0	0.6974495649337769	0.0	0.0	0.0	1.621630072593689	0.6678112149238586	0.0	1.2180739641189575	0.575814425945282	2.3980937004089355
0.0	0.0	0.23215098679065704	0.0	0.07224366068840027	0.0	1.55322265625	0.9056262373924255	0.0	0.2796400487422943	0.6452503204345703	0.0	0.0	0.5808491706848145	0.0	0.0	0.0	0.49320319294929504	2.5279929637908936	1.7023935317993164	0.31680259108543396	0.7197641730308533	0.0	0.28275787830352783	0.6579359173774719	0.0	0.12564095854759216	0.0	0.6891880035400391	0.1184043288230896	0.0	0.6050071716308594	0.7776243090629578	0.43709972500801086	0.0	0.20293688774108887	0.30990123748779297	0.0	0.0	0.9595180153846741	0.5236977338790894	0.8017857074737549	2.022038698196411	0.0	0.130756214261055	1.0595529079437256	0.0	0.0	0.5546025633811951	2.3528528213500977	1.6408171653747559	0.0	1.6708590984344482	0.0	0.5940849184989929	0.0	0.0	0.0	1.6464624404907227	0.6906053423881531	0.0	1.4312257766723633	0.7342340350151062	2.2988460063934326
0.0	0.0	0.2788187861442566	0.0	0.0	0.0	1.5363826751708984	1.0300562381744385	0.0	0.46700653433799744	0.5630590319633484	0.0	0.0	0.5898729562759399	0.09972266107797623	0.0	0.0	0.7239919304847717	2.517606019973755	1.512389898300171	0.4478588104248047	0.7327460050582886	0.10373608022928238	0.04020271822810173	0.3403923809528351	0.0	0.34189265966415405	0.0	0.8563737273216248	0.3584955036640167	0.0	0.5219894647598267	0.8720948696136475	0.4790215492248535	0.0	0.0	0.5736518502235413	0.0	0.0	0.8057166337966919	0.6808509826660156	1.1443781852722168	2.083235502243042	0.0	0.09568076580762863	1.2470659017562866	0.0	0.0	0.39077404141426086	1.7426220178604126	1.5229613780975342	0.0	1.5009937286376953	0.0	0.5432853698730469	0.0	0.0	0.0	1.6561894416809082	0.4417755603790283	0.0	1.3216421604156494	0.7141653895378113	2.2101786136627197
0.0	0.0	0.41259753704071045	0.0	0.0	0.0	1.3433001041412354	0.6796989440917969	0.0	0.08016817271709442	0.7760783433914185	0.0	0.0	0.15510158240795135	0.0	0.0	0.0	0.4487995207309723	2.282583713531494	1.3832881450653076	0.2946702539920807	0.3636777400970459	0.0	0.563571035861969	0.7788442373275757	0.0	0.0	0.0	0.26701414585113525	0.0	0.0	0.5731860995292664	0.370132178068161	0.6974334716796875	0.0	0.0	0.1806212216615677	0.0	0.0	0.8573041558265686	0.5549589395523071	0.5103243589401245	1.8942930698394775	0.0	0.10683279484510422	1.0018454790115356	0.0	0.0	0.6049207448959351	2.4193851947784424	1.7341209650039673	0.0	1.472403645515442	0.0	0.6492419838905334	0.0	0.0	0.0	1.6542764902114868	0.62067711353302	0.0	1.7258679866790771	0.5740273594856262	2.009793519973755
0.0	0.0	0.31500008702278137	0.0	0.0	0.0	0.9841997623443604	0.319423645734787	0.0	0.3632233440876007	0.3313084840774536	0.0	0.0	0.8516374826431274	0.0	0.0	0.0	0.16735556721687317	2.398300886154175	1.0127992630004883	0.11210927367210388	0.08833298832178116	0.0	0.36296024918556213	0.8637529015541077	0.0	0.0	0.0	0.27526992559432983	0.0	0.0	1.065592646598816	1.462128758430481	0.6366743445396423	0.0	0.0	0.47905659675598145	0.0	0.0	1.0995920896530151	0.14286521077156067	0.7363057732582092	2.0046942234039307	0.0	0.07608213275671005	0.7033567428588867	0.0	0.0	0.023666836321353912	2.0998058319091797	0.9433552026748657	0.0	1.4458836317062378	0.0	0.5845290422439575	0.09962532669305801	0.0	0.0	1.7806130647659302	0.6120071411132812	0.0	2.2508769035339355	1.0135042667388916	1.880288004875183
0.0	0.0	0.2309563308954239	0.0	0.0	0.0	1.5774624347686768	1.1559510231018066	0.0	0.5121847987174988	0.5005296468734741	0.0	0.0	0.5983114242553711	0.04134707152843475	0.0	0.0	0.6713790893554688	2.493914842605591	1.6259783506393433	0.4496980905532837	0.9488902688026428	0.0	0.12650229036808014	0.5702337622642517	0.0	0.18828974664211273	0.0	0.9413886666297913	0.30893608927726746	0.0	0.6354426145553589	0.6530531048774719	0.4832680821418762	0.0	0.32501038908958435	0.5306165218353271	0.0	0.0	0.9772955775260925	0.6792694926261902	1.2804378271102905	2.2203738689422607	0.0	0.06278659403324127	1.1952111721038818	0.0	0.0	0.46844083070755005	2.1649136543273926	1.6685024499893188	0.0	1.4304777383804321	0.0	0.7044035792350769	0.0	0.0	0.0	1.7138378620147705	0.6435849070549011	0.0	1.3200277090072632	0.8772269487380981	2.385517120361328
0.0	0.0	0.48076608777046204	0.0	0.0	0.0	1.445735216140747	0.8691602349281311	0.0	0.0	0.7051985263824463	0.0	0.0	0.21882960200309753	0.0	0.0	0.0	0.6265437006950378	2.3914899826049805	1.379517912864685	0.5107950568199158	0.2440265268087387	0.0	0.6108425259590149	1.0027618408203125	0.0	0.0	0.0	0.20685917139053345	0.0	0.0	0.6608926057815552	0.39889052510261536	0.8151659965515137	0.0	0.0	0.20731569826602936	0.0	0.0	0.7906550168991089	0.6655572056770325	0.6718102097511292	1.8491847515106201	0.0	0.05615890026092529	0.9772216081619263	0.0	0.0	0.5604650974273682	2.390869617462158	1.662460446357727	0.0	1.6181215047836304	0.0	0.7978237271308899	0.0	0.0	0.0	1.6777371168136597	0.8334454894065857	0.0	1.6052402257919312	0.5915420055389404	2.277057409286499
0.0	0.0	0.15268021821975708	0.0	0.0	0.0	1.345169186592102	0.8226927518844604	0.0	0.6688453555107117	0.25772157311439514	0.0	0.0	0.5146512389183044	0.0	0.0	0.0	0.36631903052330017	2.341623306274414	1.5469564199447632	0.20676742494106293	0.8577256202697754	0.0	0.2951306998729706	0.6172112226486206	0.0	0.0	0.0	0.9670348763465881	0.0	0.0	1.0070339441299438	1.0300421714782715	0.2936723530292511	0.0	0.41810354590415955	0.3335334360599518	0.0	0.0	1.0574954748153687	0.6482650637626648	1.0593925714492798	2.390833854675293	0.0	0.1698327213525772	1.1434428691864014	0.0	0.0	0.38513293862342834	2.2965071201324463	1.534224033355713	0.0	1.4441146850585938	0.0	0.6875177025794983	0.0	0.0	0.0	1.821286678314209	0.7360609173774719	0.0	1.50393545627594	0.9709982872009277	2.1131367683410645
0.0	0.09035317599773407	0.1914799064397812	0.0	0.0	0.0	1.570924162864685	0.9672418236732483	0.0	0.3940787613391876	0.5885272026062012	0.0	0.0	0.5189231634140015	0.0	0.0	0.0	0.5525851249694824	2.4743733406066895	1.7251132726669312	0.36169925332069397	0.8078974485397339	0.0	0.03547560051083565	0.3903719186782837	0.0	0.2701162099838257	0.0	0.9466116428375244	0.3750104308128357	0.0	0.6469239592552185	0.5754468441009521	0.3969351351261139	0.0	0.35797223448753357	0.3141772150993347	0.0	0.0	0.9842119216918945	0.5335902571678162	0.9266232252120972	2.210552453994751	0.0	0.015492907725274563	1.0927975177764893	0.0	0.0	0.5486017465591431	2.1190097332000732	1.637671947479248	0.0	1.5927375555038452	0.0	0.576163649559021	0.0	0.0	0.0	1.7360732555389404	0.6527310609817505	0.0	1.1897997856140137	0.850296676158905	2.2981836795806885
0.0	0.0	0.39488115906715393	0.0	0.0	0.0	1.7938216924667358	1.1059834957122803	0.0	0.36665284633636475	0.5090100765228271	0.0	0.0	0.39787691831588745	0.0	0.0	0.0	0.6463828682899475	2.424346685409546	1.5786930322647095	0.36150678992271423	0.7778289318084717	0.0	0.44074779748916626	0.5559861660003662	0.0	0.16136522591114044	0.0	0.7363973259925842	0.39960652589797974	0.0	0.6426701545715332	0.6142110228538513	0.4645927846431732	0.0	0.3091430366039276	0.2804453372955322	0.0	0.0	1.0667283535003662	0.660218358039856	0.9520084857940674	2.0270650386810303	0.0	0.08460547029972076	1.1287484169006348	0.0	0.0	0.49360474944114685	2.304018259048462	1.667098879814148	0.0	1.5783816576004028	0.0	0.8186975717544556	0.0	0.0	0.0	1.7615056037902832	0.6009907126426697	0.0	1.2697360515594482	0.7071371674537659	2.303866386413574
0.0	0.0	0.25471335649490356	0.0	0.0	0.0	1.533919334411621	0.929421067237854	0.0	0.40531182289123535	0.491424560546875	0.0	0.0	0.4735584259033203	0.002283683978021145	0.0	0.0	0.4664921462535858	2.445568323135376	1.676170825958252	0.23676298558712006	0.8612807989120483	0.0	0.24791313707828522	0.6241887211799622	0.0	0.007661404088139534	0.0	0.7982968091964722	0.18382470309734344	0.0	0.712677538394928	0.6353112459182739	0.4060022532939911	0.0	0.37903308868408203	0.3095910847187042	0.0	0.0	0.9180370569229126	0.46461188793182373	0.9992406964302063	1.950237512588501	0.0	0.032688844949007034	1.135927677154541	0.0	0.0	0.488775372505188	2.401858329772949	1.6253708600997925	0.0	1.541345238685608	0.0	0.6231046319007874	0.0	0.0	0.0	1.8076072931289673	0.4977348744869232	0.0	1.4378063678741455	0.7989482879638672	2.3593668937683105
0.0	0.689166247844696	0.0	0.4393579661846161	0.0	0.0	1.4334475994110107	0.8670159578323364	0.13268297910690308	0.3540649712085724	0.6343808174133301	0.0	0.0	0.6921960711479187	0.0	0.0	0.0	0.26000040769577026	2.3518168926239014	2.5462350845336914	0.3967214822769165	1.1021578311920166	0.0	0.2342490404844284	0.7300451993942261	0.0	0.6151725053787231	0.0	1.135160207748413	0.3607719838619232	0.0	1.0225697755813599	0.0	0.6452684998512268	0.6424673795700073	1.1357684135437012	0.0	0.0	0.0	1.2337356805801392	0.4008367359638214	0.5928414463996887	1.9761245250701904	0.0	0.1807890683412552	1.1004526615142822	0.0	0.0	0.8357037305831909	2.4467341899871826	1.7910906076431274	0.08738850057125092	1.711096167564392	0.0	0.5427846312522888	0.0	0.0	0.0	1.6641626358032227	1.0776441097259521	0.25220808386802673	1.0770859718322754	0.9683448076248169	2.338076591491699
0.0	0.0	0.626176655292511	0.0	0.0	0.0	1.559178352355957	0.9466819167137146	0.0	0.12693233788013458	0.6326230764389038	0.0	0.0	0.4376383125782013	0.0	0.0	0.0	0.5210235714912415	2.5112762451171875	1.5733654499053955	0.30519941449165344	0.572014570236206	0.0	0.5257476568222046	0.8700913190841675	0.014622977003455162	0.0	0.0	0.5778762102127075	0.0	0.0	0.7472016215324402	0.6603571772575378	0.5427047610282898	0.0	0.0	0.23912864923477173	0.0	0.0	0.955256998538971	0.5320665836334229	0.7292224168777466	2.025721788406372	0.0	0.22519606351852417	1.0635334253311157	0.0	0.0	0.4076145589351654	2.603212594985962	1.596449851989746	0.13859134912490845	1.6204956769943237	0.0	0.7566910982131958	0.0	0.0	0.0	1.8632991313934326	0.677749752998352	0.0	1.6242729425430298	0.7170793414115906	2.2743446826934814
0.0	0.0	0.2538321912288666	0.0	0.0	0.0	1.3967628479003906	0.5402364730834961	0.0	0.16257838904857635	0.6721512675285339	0.0	0.0	0.2610960900783539	0.017643630504608154	0.0	0.0	0.44658973813056946	2.3220467567443848	1.7070270776748657	0.20190325379371643	0.5790290236473083	0.0	0.6356244683265686	1.0304492712020874	0.005349958781152964	0.0	0.0	0.6000930666923523	0.0	0.0	0.8583842515945435	0.30267009139060974	0.6177130341529846	0.0	0.33733710646629333	0.02301861345767975	0.0	0.0	0.9850397706031799	0.4275205731391907	0.41274747252464294	1.9448907375335693	0.0	0.10438353568315506	1.1288641691207886	0.0	0.0	0.6011412143707275	2.575059413909912	1.6581988334655762	0.0	1.5314809083938599	0.0	0.8435961008071899	0.0	0.0	0.0	1.721977710723877	0.7840695381164551	0.0	1.6307199001312256	0.6061440706253052	2.128582000732422
0.0	0.0	0.43605539202690125	0.0	0.0	0.0	1.6686428785324097	1.0419793128967285	0.0	0.3100632131099701	0.6633760333061218	0.0	0.0	0.44745683670043945	0.0	0.0	0.0	0.6688191294670105	2.412813901901245	1.5002312660217285	0.4147609770298004	0.5686466097831726	0.0	0.36588653922080994	0.6178743243217468	0.0	0.0	0.0	0.6564798951148987	0.18163664638996124	0.0	0.6312599778175354	0.6912833452224731	0.5151097774505615	0.0	0.0	0.324290931224823	0.0	0.0	0.779362142086029	0.7417888045310974	0.9031034111976624	2.0088908672332764	0.0	0.11343193054199219	1.1351789236068726	0.0	0.0	0.4596942663192749	2.061568021774292	1.620790719985962	0.0	1.3918992280960083	0.0	0.6793343424797058	0.02764015458524227	0.0	0.0	1.7432782649993896	0.6507741212844849	0.0	1.636458158493042	0.7939306497573853	2.13820219039917
0.0	0.0	0.16642709076404572	0.0	0.04864022508263588	0.0	1.5033190250396729	0.778700053691864	0.0	0.5713527798652649	0.35655245184898376	0.0	0.0	0.5360773205757141	0.10457085818052292	0.0	0.0	0.49825066328048706	2.4706709384918213	1.5274168252944946	0.19517885148525238	0.8756533861160278	0.0	0.4240250885486603	0.6296316385269165	0.0	0.0	0.0	0.8349911570549011	0.013726814649999142	0.0	0.6154811382293701	0.9979432821273804	0.40902310609817505	0.0	0.3586459755897522	0.39978182315826416	0.0	0.0	0.9734600782394409	0.5927992463111877	0.9544141888618469	2.2756881713867188	0.0	0.19266918301582336	1.1057299375534058	0.0	0.0	0.3798985779285431	2.268282413482666	1.5631109476089478	0.0	1.4880632162094116	0.0	0.7092947959899902	0.0	0.0	0.0	1.675930142402649	0.6694380640983582	0.0	1.7465713024139404	0.7811242938041687	2.166483163833618
0.0	0.10748042166233063	0.20296858251094818	0.0	0.0	0.0	1.6158374547958374	0.9094256162643433	0.01966940425336361	0.3815203607082367	0.4373595416545868	0.0	0.0	0.5204664468765259	0.0	0.17210271954536438	0.0	0.5357691645622253	2.5518295764923096	1.803100347518921	0.24472638964653015	0.9262346625328064	0.0	0.23006203770637512	0.477977991104126	0.0	0.08182115107774734	0.0	0.9020509123802185	0.21183790266513824	0.0	0.5935958027839661	0.6674231290817261	0.5109682083129883	0.0	0.44473156332969666	0.2659130394458771	0.0	0.0	1.0132769346237183	0.5561361312866211	0.8923133611679077	2.07106351852417	0.0	0.1002986952662468	1.1787219047546387	0.0	0.0	0.590879499912262	2.242237091064453	1.6541608572006226	0.0	1.561042308807373	0.0	0.6601018309593201	0.0	0.0	0.0	1.668245553970337	0.6878944635391235	0.0	1.1658902168273926	0.8957542181015015	2.4989728927612305
0.0	0.0	0.4128738343715668	0.0	0.0	0.0	1.5974164009094238	0.9745585918426514	0.0	0.18518121540546417	0.7439488768577576	0.0	0.0	0.28653857111930847	0.06866326183080673	0.0	0.0	0.8081870675086975	2.3732099533081055	1.4889618158340454	0.4378519058227539	0.6903106570243835	0.0	0.37366536259651184	0.6683059334754944	0.0	0.0	0.0	0.6048264503479004	0.09703098982572556	0.0	0.49059411883354187	0.49518635869026184	0.4727463126182556	0.0	0.2628648281097412	0.2642740309238434	0.0	0.0	0.8659111261367798	0.8102685809135437	0.68038409948349	1.9757335186004639	0.0	0.014302294701337814	1.1662009954452515	0.0	0.0	0.6573479175567627	2.2293007373809814	1.772956371307373	0.0	1.3939892053604126	0.0	0.6664147973060608	0.0	0.0	0.0	1.6982090473175049	0.8530487418174744	0.0	1.3846330642700195	0.566002368927002	2.1143131256103516
0.0	0.0	0.26139870285987854	0.0	0.0	0.0	1.6463892459869385	0.8086257576942444	0.0	0.24028198421001434	0.682140052318573	0.0	0.0	0.475469172000885	0.07784577459096909	0.0	0.0	0.5866560935974121	2.440185070037842	1.6363484859466553	0.455838680267334	0.740911602973938	0.0	0.19407859444618225	0.5494848489761353	0.0	0.09618975222110748	0.0	0.7283619046211243	0.32514476776123047	0.0	0.5013905167579651	0.5612362027168274	0.3829379081726074	0.0	0.33791691064834595	0.39068272709846497	0.0	0.0	0.8855071067810059	0.5670324563980103	0.8882009983062744	2.081679344177246	0.0	0.1293317675590515	1.2042006254196167	0.0	0.0	0.553490936756134	2.2677228450775146	1.6663538217544556	0.0	1.713493824005127	0.0	0.5321511626243591	0.0	0.0	0.0	1.599797010421753	0.6193137764930725	0.0	1.2741349935531616	0.6172651052474976	2.314143419265747
0.0	0.0	0.16295015811920166	0.0	0.0	0.0	1.498758316040039	0.9802061915397644	0.0	0.6356312036514282	0.3857613801956177	0.0	0.0	0.48866185545921326	0.07773613184690475	0.0	0.0	0.5098804235458374	2.4739558696746826	1.66335928440094	0.23461076617240906	1.0567814111709595	0.04838927835226059	0.1915801614522934	0.4133952558040619	0.0	0.3474624454975128	0.0	0.9299715757369995	0.45533132553100586	0.0	0.6633151769638062	0.6757846474647522	0.442523717880249	0.0	0.3837117552757263	0.4801052212715149	0.0	0.0	1.0753650665283203	0.660645067691803	1.0546765327453613	2.095237970352173	0.0	0.16136205196380615	1.0783584117889404	0.0	0.0	0.5112098455429077	2.063103675842285	1.8058726787567139	0.0	1.504353404045105	0.0	0.5425987839698792	0.0	0.0	0.0	1.7613979578018188	0.45185840129852295	0.0	1.2584168910980225	0.9753008484840393	2.133065938949585
0.0	0.0	0.6699562072753906	0.0	0.0	0.0	1.6355060338974	1.2243365049362183	0.0	0.3725121021270752	0.6091654896736145	0.0	0.0	0.3822501003742218	0.0	0.0	0.0	0.5213714241981506	2.245727300643921	1.398788571357727	0.3608942925930023	0.6986305713653564	0.0	0.3516872823238373	0.498877614736557	0.0	0.15578994154930115	0.0	0.7982733249664307	0.3064277172088623	0.0	0.687393844127655	0.9212940335273743	0.6007314920425415	0.0	0.09618780761957169	0.5365155339241028	0.0	0.0	0.9827144145965576	0.6593700647354126	1.3087154626846313	2.137890577316284	0.0	0.0012514643603935838	1.2023608684539795	0.0	0.0	0.6095360517501831	2.182039976119995	1.8449760675430298	0.0	1.3075792789459229	0.0	0.8295450806617737	0.0	0.0	0.0	1.6458945274353027	0.42821812629699707	0.0	1.3925764560699463	0.8166564106941223	2.341630697250366
0.0064821974374353886	0.0	0.5635133981704712	0.0	0.0	0.0	1.5247275829315186	0.7252740263938904	0.0	0.040113743394613266	0.7871264219284058	0.0	0.0	0.18103650212287903	0.0	0.0	0.0	0.7355834245681763	2.093538284301758	1.3349926471710205	0.49310624599456787	0.3842911422252655	0.0	0.6827915906906128	0.7337663173675537	0.0	0.0	0.0	0.3622334599494934	0.08883967250585556	0.0	0.47280609607696533	0.5255289077758789	0.6715577244758606	0.0	0.03982283174991608	0.3393339514732361	0.0	0.0	0.692693293094635	0.8739588856697083	0.8514321446418762	1.9357385635375977	0.0	0.0025408887304365635	1.133368968963623	0.0	0.0	0.7537306547164917	2.490821599960327	1.953450322151184	0.0	1.5158283710479736	0.0	0.9458739161491394	0.0	0.0	0.0	1.5443462133407593	0.6854512095451355	0.0	1.4390848875045776	0.6365256309509277	2.2855234146118164
0.0	0.0	0.26497599482536316	0.0	0.0	0.0	1.414265513420105	0.9304443597793579	0.028530756011605263	0.36742427945137024	0.4781506657600403	0.0	0.0	0.47362789511680603	0.0	0.0	0.0	0.3366868197917938	2.3032774925231934	2.0399630069732666	0.11538892984390259	1.1429911851882935	0.0	0.25283581018447876	0.5108059644699097	0.0	0.1559356153011322	0.0	0.9693573713302612	0.16908858716487885	0.0	0.741397500038147	0.4974428117275238	0.4844016134738922	0.03309537097811699	0.647362470626831	0.1985771805047989	0.0	0.0	1.1668320894241333	0.45251718163490295	0.9537050724029541	1.9768860340118408	0.0	0.019046662375330925	1.0500870943069458	0.0	0.0	0.5451807975769043	2.234799385070801	1.7134720087051392	0.0	1.7279654741287231	0.0	0.5495015382766724	0.0	0.0	0.0	1.7463237047195435	0.6227342486381531	0.0	1.4940742254257202	0.8954675197601318	2.301154851913452
0.0	0.0	0.32942479848861694	0.0	0.0	0.0	1.5438154935836792	0.9897386431694031	0.05012886971235275	0.3546428978443146	0.5671749114990234	0.0	0.0	0.45849716663360596	0.0068704308941960335	0.0	0.0	0.36264684796333313	2.422577142715454	1.430872917175293	0.40643802285194397	0.7349817156791687	0.0	0.5500954389572144	0.670882523059845	0.0	0.0	0.0	0.6621101498603821	0.14366482198238373	0.0	0.823750913143158	0.6159254908561707	0.5808172821998596	0.0	0.4280882775783539	0.2336241900920868	0.0	0.0	1.3062100410461426	0.6439744830131531	1.0730549097061157	2.0987460613250732	0.0	0.13967017829418182	0.982067883014679	0.0	0.0	0.7041907906532288	2.4789514541625977	1.698707103729248	0.0	1.7104146480560303	0.0	0.6116147041320801	0.0	0.0	0.0	1.7009598016738892	0.8002832531929016	0.0	1.4216996431350708	0.9376944899559021	2.424426317214966
0.0	0.0	0.17572174966335297	0.0	0.0	0.0	1.4538540840148926	0.8668190240859985	0.0	0.5482274293899536	0.4421716034412384	0.0	0.0	0.6647737622261047	0.0966639593243599	0.0	0.0	0.4754651188850403	2.430696725845337	1.6135896444320679	0.2724195718765259	0.7730574607849121	0.0	0.23542533814907074	0.58992999792099	0.0	0.030242932960391045	0.0	0.9274486303329468	0.05419178307056427	0.0	0.7146232724189758	0.9900924563407898	0.3432897627353668	0.0	0.2623051404953003	0.37960463762283325	0.0	0.0	1.025733470916748	0.6667469143867493	0.984340488910675	2.2472381591796875	0.0	0.11374961584806442	1.0927367210388184	0.0	0.0	0.3876558542251587	2.2812094688415527	1.4669475555419922	0.0	1.5178505182266235	0.0	0.6684167981147766	0.0	0.0	0.0	1.733167052268982	0.3638691306114197	0.0	1.5778392553329468	0.9146406054496765	2.2214248180389404
0.0	0.0	0.49293163418769836	0.0	0.11971712857484818	0.0	1.5398603677749634	0.903330385684967	0.0	0.26503875851631165	0.8214350938796997	0.0	0.0	0.3673373758792877	0.241042822599411	0.0	0.0	0.7149673104286194	2.518474578857422	1.496251106262207	0.4241868853569031	0.384200781583786	0.0	0.4861895740032196	0.9346804618835449	0.0	0.0	0.0	0.5892482995986938	0.0	0.0	0.736702024936676	0.8945658206939697	0.5679404735565186	0.0	0.04521346837282181	0.4094690978527069	0.0	0.0	0.9240952730178833	0.5744324326515198	0.9286149740219116	1.9296741485595703	0.0	0.09573694318532944	1.0475677251815796	0.0	0.0	0.4694012403488159	2.454061985015869	1.517898440361023	0.0	1.523120403289795	0.0	0.7859618663787842	0.0	0.0	0.0	1.7003153562545776	0.7157523036003113	0.0	1.6624561548233032	0.7156693339347839	2.261944532394409
0.0	0.0	0.44501397013664246	0.0	0.0	0.0	1.7060872316360474	1.1529552936553955	0.0	0.4486943781375885	0.438761442899704	0.0	0.0	0.4342391788959503	0.06351305544376373	0.0	0.0	0.6064357161521912	2.4899330139160156	1.5235127210617065	0.37824875116348267	0.758210301399231	0.0	0.33543938398361206	0.5650034546852112	0.0	0.0868595764040947	0.0	0.8243056535720825	0.3048533499240875	0.0	0.5601944923400879	0.7644892930984497	0.4381122887134552	0.0	0.0	0.3395242393016815	0.0	0.0	0.8897238969802856	0.6597854495048523	1.0476723909378052	2.078263998031616	0.0	0.21718178689479828	1.1615649461746216	0.0	0.0	0.4649205803871155	2.309826612472534	1.526341199874878	0.0	1.4189144372940063	0.0	0.7169157266616821	0.0	0.0	0.0	1.7623507976531982	0.5105510354042053	0.0	1.5145375728607178	0.8380678296089172	2.2195136547088623
0.0	0.0	0.3438713848590851	0.0	0.0	0.0	1.8376524448394775	1.0824463367462158	0.0	0.2956818640232086	0.6061785817146301	0.0	0.0	0.4864498972892761	0.015686511993408203	0.0	0.0	0.6580058336257935	2.4577341079711914	1.8401072025299072	0.34116557240486145	0.6492137908935547	0.0	0.3573640286922455	0.7610578536987305	0.0	0.0	0.0	0.724934995174408	0.4650363624095917	0.0	0.825368344783783	0.44859421253204346	0.45999112725257874	0.0	0.21503384411334991	0.24285554885864258	0.0	0.04051334410905838	1.0025639533996582	0.48755696415901184	1.1650210618972778	1.9644279479980469	0.0	0.08179134875535965	1.12087082862854	0.0	0.0	0.6163681745529175	2.3928587436676025	1.6774630546569824	0.0	1.6131467819213867	0.0	0.7605336904525757	0.0	0.0	0.0	1.7229284048080444	0.610504686832428	0.0	1.326690435409546	0.7803615927696228	2.3946499824523926
0.0	0.0	0.2465888261795044	0.0	0.0	0.0	1.4965205192565918	1.2664599418640137	0.0	0.5210704207420349	0.5833362936973572	0.0	0.0	0.4154225289821625	0.03373153507709503	0.08459462970495224	0.0	0.6027463674545288	2.4351859092712402	1.4416617155075073	0.2093053013086319	0.7244435548782349	0.0	0.4920102059841156	0.523444414138794	0.0	0.0	0.0	0.7380374073982239	0.20308665931224823	0.0	0.8511018753051758	0.8332545161247253	0.4271530508995056	0.0	0.260808527469635	0.23435688018798828	0.0	0.0	0.9737306833267212	0.6286849975585938	1.2079800367355347	1.9322887659072876	0.0	0.0	1.1088522672653198	0.0	0.0	0.5790378451347351	2.3207485675811768	1.7748703956604004	0.0	1.3087502717971802	0.0	0.7064507007598877	0.0	0.0	0.0	1.6292425394058228	0.494543194770813	0.0	1.4772155284881592	0.9161351323127747	2.3566884994506836
0.0	0.0	0.2381535768508911	0.0	0.08169518411159515	0.0	1.4530459642410278	0.6397069096565247	0.09070766717195511	0.4222245216369629	0.6003023386001587	0.0	0.0	0.297426700592041	0.01996655948460102	0.0	0.0	0.4334605038166046	2.4326391220092773	1.6083968877792358	0.396451473236084	0.719149112701416	0.0	0.43107518553733826	0.7281621098518372	0.0	0.0	0.0	0.5877447128295898	0.06629835814237595	0.0	0.5904368162155151	0.6231542825698853	0.5351348519325256	0.0	0.309001088142395	0.22638992965221405	0.0	0.0	0.8936287760734558	0.5117560029029846	0.6505728363990784	1.9718550443649292	0.0	0.083527572453022	1.0732789039611816	0.0	0.0	0.7531007528305054	2.308694839477539	1.7287781238555908	0.0	1.7054495811462402	0.0	0.5389522314071655	0.0	0.0	0.0	1.5237120389938354	0.5699746012687683	0.0	1.5666332244873047	0.855731189250946	2.2344629764556885
0.0	0.020692242309451103	0.23736485838890076	0.0	0.0	0.0	1.4461652040481567	1.0014146566390991	0.0	0.4892924726009369	0.3957272171974182	0.0	0.0	0.648956298828125	0.0	0.0	0.0	0.36890584230422974	2.4573025703430176	1.691869854927063	0.17654991149902344	0.968984842300415	0.0	0.27938371896743774	0.4437653422355652	0.0	0.18126638233661652	0.0	0.864978015422821	0.5136659741401672	0.0	0.7836772799491882	0.8019530177116394	0.43807095289230347	0.0	0.45636141300201416	0.2820662260055542	0.0	0.0	1.128936767578125	0.5566962361335754	1.0079752206802368	2.169342041015625	0.0	0.23980101943016052	1.0355621576309204	0.0	0.0	0.5447524785995483	2.2613677978515625	1.617144227027893	0.0	1.5539523363113403	0.0	0.5149029493331909	0.0	0.0	0.0	1.9128555059432983	0.6258670091629028	0.0	1.5151013135910034	1.0454879999160767	2.290560007095337
0.0	0.2468711882829666	0.17439991235733032	0.0	0.0	0.0	1.729720950126648	1.0796425342559814	0.08993903547525406	0.5265795588493347	0.41061046719551086	0.0	0.0	0.6374220252037048	0.0	0.0	0.0	0.5337304472923279	2.478273868560791	1.8792048692703247	0.2225451022386551	1.1245694160461426	0.0019199101952835917	0.03085317090153694	0.3984118103981018	0.0	0.5023719072341919	0.0	1.0272254943847656	0.5845749378204346	0.0	0.8115139007568359	0.44635140895843506	0.4208734929561615	0.0	0.687525749206543	0.2713191509246826	0.0	0.011074161157011986	0.8428289294242859	0.49258530139923096	1.2725111246109009	1.9895827770233154	0.0	0.028375137597322464	1.0463210344314575	0.0	0.0	0.6078110337257385	2.1216979026794434	1.6619305610656738	0.0	1.5192670822143555	0.0	0.6640628576278687	0.0	0.0	0.0	1.7600634098052979	0.6219422221183777	0.16943831741809845	0.975912868976593	1.0475432872772217	2.379216432571411
0.0	0.0	0.3706894814968109	0.0	0.03209487721323967	0.0	1.7801936864852905	1.141785740852356	0.0	0.3572896122932434	0.5879392027854919	0.0	0.0	0.31264767050743103	0.07463622093200684	0.0	0.0	0.5666208267211914	2.3977692127227783	1.6436368227005005	0.3473609685897827	0.940915048122406	0.0	0.5075523853302002	0.5432683229446411	0.0	0.1462571918964386	0.0	0.7673899531364441	0.23189480602741241	0.0	0.7549475431442261	0.6932452321052551	0.5070611834526062	0.0	0.4862729609012604	0.24948810040950775	0.0	0.0	0.9563432335853577	0.645231306552887	1.1224095821380615	2.002959966659546	0.0	0.0	1.1577956676483154	0.0	0.0	0.603829026222229	2.326460123062134	1.7625404596328735	0.0	1.5534156560897827	0.0	0.7896677255630493	0.0	0.0	0.0	1.6962496042251587	0.561975359916687	0.0	1.3769466876983643	0.6803857088088989	2.304584503173828
0.0	0.0	0.18102194368839264	0.0	0.0	0.0	1.6089987754821777	0.9706152677536011	0.0	0.3631048798561096	0.5547358989715576	0.0	0.0	0.6722122430801392	0.0	0.0	0.0	0.6688048243522644	2.5140488147735596	1.7954210042953491	0.481899619102478	0.9602340459823608	0.0	0.0	0.6725023984909058	0.0	0.24306266009807587	0.0	0.7604774236679077	0.36168089509010315	0.0	0.6855056881904602	0.5987772941589355	0.6004618406295776	0.0	0.3191037178039551	0.5244616270065308	0.0	0.0068178800866007805	0.910237729549408	0.5819640755653381	1.0593434572219849	2.109952926635742	0.0	0.0922890156507492	0.9971962571144104	0.0	0.0	0.5451543927192688	1.7894436120986938	1.5853115320205688	0.0	1.5810960531234741	0.0	0.5972171425819397	0.0	0.0	0.0	1.7748886346817017	0.6645494103431702	0.0	1.254967212677002	0.7674151062965393	2.364403486251831
0.0	0.08338680118322372	0.1997622400522232	0.0	0.0	0.0	1.7083332538604736	0.9196596741676331	0.0	0.3725311756134033	0.5056127309799194	0.0	0.0	0.6051857471466064	0.0598105825483799	0.0	0.0	0.49847516417503357	2.5728297233581543	1.8629021644592285	0.2505582273006439	0.8524786829948425	0.0	0.09737473726272583	0.4960011839866638	0.0	0.16440019011497498	0.3053343892097473	0.7844085097312927	0.25843289494514465	0.0	0.7789073586463928	0.5019288063049316	0.5355972051620483	0.0	0.4482833445072174	0.23462744057178497	0.0	0.0	0.9373911023139954	0.46783140301704407	1.01285719871521	2.0012810230255127	0.0	0.11407894641160965	1.0703374147415161	0.0	0.0	0.5188984274864197	2.1871275901794434	1.7090996503829956	0.0	1.6600137948989868	0.0	0.6450125575065613	0.0	0.0	0.0	1.6882381439208984	0.6379746198654175	0.0	1.1558910608291626	0.8036408424377441	2.4533138275146484
0.0	0.0	0.1752670854330063	0.0	0.0	0.0	1.529050350189209	0.9433948993682861	0.006058037281036377	0.5090466737747192	0.47105810046195984	0.0	0.0	0.48341235518455505	0.0	0.048295602202415466	0.0	0.3348133862018585	2.3952696323394775	1.7135556936264038	0.4015849530696869	0.75071120262146	0.2127441018819809	0.28692078590393066	0.6460047364234924	0.0	0.0	0.0	0.610850989818573	0.2528320848941803	0.0	0.9513893127441406	0.6461635828018188	0.6982148885726929	0.0	0.357909232378006	0.18374153971672058	0.0	0.0	1.1081104278564453	0.5273957848548889	1.1234591007232666	2.1303162574768066	0.0	0.11002647131681442	0.9702089428901672	0.0	0.0	0.6649956703186035	2.416416645050049	1.6837201118469238	0.0	1.5661592483520508	0.0	0.6969826817512512	0.0	0.0	0.0	1.7442536354064941	0.895550549030304	0.0	1.2838644981384277	0.992189884185791	2.546365976333618
0.0	0.0	0.5293617844581604	0.0	0.0	0.0	1.6034295558929443	1.0523943901062012	0.0	0.4171403646469116	0.7254750728607178	0.0	0.0	0.2968098223209381	0.0	0.0	0.0	0.5073909759521484	2.3845622539520264	1.4349925518035889	0.34953635931015015	0.448698490858078	0.0	0.4964863657951355	0.6783174276351929	0.0	0.0	0.0	0.6448103785514832	0.15830616652965546	0.0	0.637719452381134	0.5674051642417908	0.65677410364151	0.0	0.0	0.29031404852867126	0.0	0.0	0.7859349846839905	0.6882363557815552	0.960438072681427	1.8433822393417358	0.0	0.02749168500304222	1.0757197141647339	0.0	0.0	0.5612881779670715	2.280350685119629	1.7616184949874878	0.0	1.4829137325286865	0.0	0.6803146004676819	0.0	0.0	0.0	1.6926329135894775	0.7068461179733276	0.0	1.5579864978790283	0.6628372073173523	2.28808856010437
0.0	0.32708677649497986	0.08113072067499161	0.0	0.0	0.0	1.631651520729065	1.0382641553878784	0.2408880591392517	0.392658531665802	0.3920569121837616	0.0	0.0	0.42831549048423767	0.0	0.059301815927028656	0.0	0.28806865215301514	2.4344542026519775	2.2725157737731934	0.22909468412399292	1.0745112895965576	0.0	0.07160455733537674	0.4062260389328003	0.0	0.34811997413635254	0.0	1.0205650329589844	0.5878045558929443	0.0	0.8108342289924622	0.2441786825656891	0.4531237483024597	0.19241473078727722	0.7552648782730103	0.0	0.0	0.0	1.2173233032226562	0.49921146035194397	1.1555110216140747	1.9197889566421509	0.0	0.009149336256086826	0.979882538318634	0.0	0.0	0.6843169927597046	2.449690341949463	1.818415641784668	0.0	1.6347452402114868	0.0	0.5870831608772278	0.0	0.0	0.0	1.8009343147277832	0.8680946826934814	0.12164178490638733	0.9061046242713928	1.1068339347839355	2.4697518348693848
0.0	0.0	0.36757972836494446	0.0	0.0	0.0	1.7551888227462769	1.1788209676742554	0.0	0.5432788133621216	0.5895894765853882	0.0	0.0	0.4314563572406769	0.02271704189479351	0.0	0.0	0.4764387607574463	2.377408027648926	1.523386001586914	0.2579509913921356	0.9022595286369324	0.0	0.3202185332775116	0.42318931221961975	0.0	0.14923541247844696	0.0	0.7798635363578796	0.3901147246360779	0.0	0.7115405201911926	0.7042352557182312	0.48342418670654297	0.0	0.22999194264411926	0.298462837934494	0.0	0.0	0.9032659530639648	0.5985130071640015	1.203823447227478	1.974707007408142	0.0	0.0232610534876585	1.0717628002166748	0.0	0.0	0.6791679263114929	2.180868625640869	1.7994760274887085	0.0	1.4764522314071655	0.0	0.7292522192001343	0.0	0.0	0.0	1.68104088306427	0.4957370460033417	0.0	1.2873318195343018	0.8765823245048523	2.3629047870635986
0.0	0.3378419578075409	0.11824249476194382	0.0	0.0	0.0	1.745227575302124	0.9842104315757751	0.0	0.42594724893569946	0.39249661564826965	0.0	0.0	0.6057892441749573	0.0	0.0	0.0	0.40856146812438965	2.416806221008301	2.0978286266326904	0.11720973998308182	1.0140913724899292	0.0	0.03802616149187088	0.3417682647705078	0.0	0.35704436898231506	0.0	1.0508567094802856	0.6955113410949707	0.0	0.760009229183197	0.2857345640659332	0.5819920897483826	0.2355564534664154	0.7155701518058777	0.06331931054592133	0.0	0.0	1.0762653350830078	0.48040908575057983	1.327837347984314	1.9506070613861084	0.0	0.004596214275807142	0.9840869903564453	0.0	0.0	0.5755200386047363	2.1468799114227295	1.7941679954528809	0.0	1.611682415008545	0.0	0.568770170211792	0.0	0.0	0.0	1.8285198211669922	0.8254260420799255	0.25310811400413513	1.0241379737854004	0.9674122333526611	2.4051809310913086
0.0	0.002966423984616995	0.18305879831314087	0.0	0.15912429988384247	0.0	1.6003423929214478	0.9734718799591064	0.0	0.4957357943058014	0.5383979678153992	0.0	0.0	0.5508751273155212	0.17154541611671448	0.0	0.0	0.6008484363555908	2.489323854446411	1.6216661930084229	0.2461111843585968	1.0587881803512573	0.0	0.20872187614440918	0.5606861114501953	0.0	0.3443106412887573	0.0	0.9366075396537781	0.2656041085720062	0.0	0.527331531047821	0.7827407121658325	0.46125560998916626	0.0	0.37730830907821655	0.37397274374961853	0.0	0.0	0.9551960229873657	0.5967533588409424	1.1369966268539429	2.0682921409606934	0.0	0.03660105541348457	1.1818561553955078	0.0	0.0	0.49196404218673706	2.208592653274536	1.7183173894882202	0.0	1.606795072555542	0.0	0.6301755309104919	0.0	0.0	0.0	1.699937105178833	0.43186748027801514	0.0736759603023529	1.279113531112671	0.8418824076652527	2.250357151031494
0.0	0.0	0.32871538400650024	0.0	0.0	0.0	1.5629351139068604	0.813453197479248	0.0	0.31286734342575073	0.531663179397583	0.0	0.0	0.27520328760147095	0.0	0.0	0.0	0.47773414850234985	2.3328869342803955	1.5160771608352661	0.2851552963256836	0.7159664034843445	0.0	0.5063972473144531	0.8962545394897461	0.0	0.0	0.0	0.4253929555416107	0.033041711896657944	0.0	0.7184393405914307	0.5690003037452698	0.5533931255340576	0.0	0.3387991189956665	0.10604802519083023	0.0	0.0	0.809948742389679	0.5380415916442871	0.810259222984314	1.8735491037368774	0.0	0.0	1.0629041194915771	0.0	0.0	0.6563590168952942	2.399402618408203	1.7753486633300781	0.0	1.5759530067443848	0.0	0.8578164577484131	0.0	0.0	0.0	1.7666574716567993	0.803521990776062	0.0	1.4162882566452026	0.7232866883277893	2.460660696029663
0.0	0.0	0.3935343027114868	0.0	0.0	0.0	1.5899531841278076	1.1610422134399414	0.0	0.3388172686100006	0.6691505312919617	0.0	0.0	0.11565233767032623	0.11740908026695251	0.0	0.0	0.7984974384307861	2.5219197273254395	1.3488048315048218	0.5121920704841614	0.46896153688430786	0.0	0.4812365770339966	0.5980606079101562	0.0	0.0	0.0	0.6286222338676453	0.13275106251239777	0.0	0.5838788747787476	0.6409004330635071	0.6310531497001648	0.0	0.0	0.32900962233543396	0.0	0.0	0.8109033703804016	0.8735044002532959	1.2136149406433105	1.890316128730774	0.0	0.0	1.1370326280593872	0.0	0.0	0.6562040448188782	2.167708158493042	1.7403522729873657	0.0	1.2584651708602905	0.0	0.6729488372802734	0.0	0.0	0.0	1.6734117269515991	0.6524239778518677	0.0	1.4206711053848267	0.7568471431732178	2.3963375091552734
0.0	0.0	0.20840367674827576	0.0	0.0	0.0	1.7781094312667847	0.9733216762542725	0.0	0.3123732805252075	0.5402567386627197	0.0	0.0	0.46392741799354553	0.0	0.0	0.0	0.4447047710418701	2.3351380825042725	1.9035602807998657	0.2605021595954895	1.051657795906067	0.0	0.228257954120636	0.46644356846809387	0.0	0.22691942751407623	0.0	0.8533345460891724	0.3889295756816864	0.0	0.7215449213981628	0.3717458248138428	0.5107895731925964	0.0	0.5916909575462341	0.29299551248550415	0.0	0.0	0.8911079168319702	0.5508355498313904	1.1280453205108643	1.9127070903778076	0.0	0.0	1.1830331087112427	0.0	0.0	0.6888612508773804	2.0660595893859863	1.90999174118042	0.0	1.5994915962219238	0.0	0.8132010102272034	0.0	0.0	0.0	1.7501928806304932	0.7473207116127014	0.0	0.9526614546775818	0.8079748749732971	2.3329875469207764
0.0	0.0	0.6067743897438049	0.0	0.0	0.0	1.667392611503601	1.0672410726547241	0.0	0.24451063573360443	0.6599839329719543	0.0	0.0	0.4559705853462219	0.02515743300318718	0.0	0.0	0.6330547332763672	2.3654732704162598	1.4286638498306274	0.40709060430526733	0.4109245538711548	0.0	0.704380452632904	0.7129291296005249	0.0	0.0	0.0	0.5384690165519714	0.1843900978565216	0.0	0.7117982506752014	0.7715150117874146	0.5187310576438904	0.0	0.0	0.32955846190452576	0.0	0.0	0.9260469079017639	0.6120472550392151	1.0801159143447876	2.1352767944335938	0.0	0.0	1.1723265647888184	0.0	0.0	0.42025816440582275	2.6378564834594727	1.6341463327407837	0.0	1.5129480361938477	0.0	0.8248876929283142	0.008200041949748993	0.0	0.0	1.647939682006836	0.5510866641998291	0.0	1.809918999671936	0.7035719156265259	2.3486478328704834
0.0	0.07240941375494003	0.27743223309516907	0.0	0.0	0.0	1.6116113662719727	1.313149333000183	0.0	0.4726209342479706	0.4979088008403778	0.0	0.0	0.4642879068851471	0.0	0.0	0.0	0.5148553848266602	2.330514430999756	1.4791450500488281	0.25895369052886963	0.8282572627067566	0.23649197816848755	0.6592380404472351	0.5035659074783325	0.0	0.25427737832069397	0.0	0.7863961458206177	0.3529520630836487	0.0	0.8107326030731201	0.657967209815979	0.6035172939300537	0.0	0.15431542694568634	0.22318752110004425	0.0	0.0	1.4715464115142822	0.6725021600723267	1.4489721059799194	2.2155849933624268	0.0	0.14744047820568085	0.9130058884620667	0.0	0.0	0.5700488686561584	2.5136961936950684	1.6090047359466553	0.0	1.4992133378982544	0.0	0.6235210299491882	0.042933929711580276	0.0	0.0	1.8015294075012207	0.6390081644058228	0.0	1.3383634090423584	1.320988416671753	2.257443904876709
0.0	0.0	0.1715516299009323	0.0	0.0	0.0	1.3374578952789307	0.8273103833198547	0.0	0.5624772310256958	0.28926727175712585	0.0	0.0	0.33452489972114563	0.0	0.06202688440680504	0.0	0.488614946603775	2.38044810295105	1.6194171905517578	0.16152313351631165	0.6816307902336121	0.0	0.5836570262908936	0.9523757696151733	0.0	0.0	0.0	0.8671747446060181	0.0	0.0	0.9904502034187317	0.8932791948318481	0.30732646584510803	0.0	0.44893020391464233	0.3063519597053528	0.0	0.10631229728460312	1.3775248527526855	0.8112569451332092	0.9564940929412842	2.401435136795044	0.0	0.28421446681022644	1.1591763496398926	0.0	0.0	0.4723493754863739	2.749004364013672	1.5563777685165405	0.0	1.3182289600372314	0.0	0.843072772026062	0.0	0.0	0.0	1.7602366209030151	0.5675764679908752	0.0	1.6781262159347534	0.9962680339813232	2.2790160179138184
0.0	0.0	0.5116305351257324	0.0	0.0	0.0	1.6061375141143799	0.8205453753471375	0.0	0.19817307591438293	0.6201198101043701	0.0	0.0	0.41132742166519165	0.0	0.0	0.0	0.729739785194397	2.339639663696289	1.559483528137207	0.5127342939376831	0.4964560270309448	0.0	0.5187537670135498	0.7462275624275208	0.0	0.0	0.0	0.7024400234222412	0.16388839483261108	0.0	0.5928375720977783	0.5695087909698486	0.5123252868652344	0.0	0.0	0.28891050815582275	0.0	0.0	0.9008028507232666	0.7023307681083679	0.9220584630966187	1.9737478494644165	0.0	0.0916859358549118	1.1332398653030396	0.0	0.0	0.5744810700416565	2.495100736618042	1.6220272779464722	0.0	1.622512698173523	0.0	0.8260064125061035	0.0	0.0	0.0	1.8538137674331665	0.7539647817611694	0.0	1.4847532510757446	0.6043974161148071	2.2970762252807617
0.0	0.0	0.40453338623046875	0.0	0.0	0.0	1.5122984647750854	0.7146586775779724	0.0	0.1668376922607422	0.7555896043777466	0.0	0.0	0.29329025745391846	0.0	0.0	0.0	0.636177122592926	2.296891927719116	1.5576272010803223	0.33431369066238403	0.5413340926170349	0.0	0.5537270903587341	0.8357929587364197	0.0	0.0	0.0	0.39142754673957825	0.0	0.0	0.685749888420105	0.5583519339561462	0.5487934947013855	0.0	0.1745232790708542	0.08054347336292267	0.0	0.0	0.9069137573242188	0.6541240811347961	0.4888930916786194	1.8514645099639893	0.0	0.0	1.1135680675506592	0.0	0.0	0.6870186924934387	2.4373438358306885	1.812207579612732	0.0	1.551037311553955	0.0	0.8060973286628723	0.0	0.0	0.0	1.7265647649765015	0.6986846923828125	0.0	1.4175699949264526	0.6498761773109436	2.1650173664093018
0.0	0.0	0.36738622188568115	0.0	0.0	0.0	1.7966965436935425	1.0792298316955566	0.0	0.3466357886791229	0.53217613697052	0.0	0.0	0.3830915093421936	0.03296516463160515	0.0	0.0	0.6766905188560486	2.389616012573242	1.646054744720459	0.3663978576660156	0.7567296028137207	0.0	0.41239598393440247	0.5751441121101379	0.1796501874923706	0.09171560406684875	0.0	0.8142098784446716	0.2939339280128479	0.0	0.616068959236145	0.5005291104316711	0.4439944326877594	0.0	0.28758561611175537	0.2589218020439148	0.0	0.0	0.9356667995452881	0.7064062356948853	0.947730302810669	2.066288709640503	0.0	0.014593050815165043	1.131130576133728	0.0	0.0	0.5074319839477539	2.2813773155212402	1.7032331228256226	0.0	1.4150583744049072	0.0	0.8597857356071472	0.0	0.0	0.0	1.790335774421692	0.587382972240448	0.0	1.3225940465927124	0.793228805065155	2.3465681076049805
0.0	0.0	0.42104554176330566	0.0	0.0	0.0	1.74931001663208	0.934038519859314	0.0	0.1325148046016693	0.6265364289283752	0.0	0.0	0.4213385581970215	0.07603240013122559	0.0	0.0	0.7572960257530212	2.379129648208618	1.6215264797210693	0.44744372367858887	0.5008068680763245	0.0	0.44300517439842224	0.7079865336418152	0.0	0.0	0.24312815070152283	0.6667945981025696	0.04714973643422127	0.0	0.5945321321487427	0.5155324935913086	0.4870040714740753	0.0	0.1435537487268448	0.21132799983024597	0.0	0.0	0.8597676157951355	0.7042312026023865	0.9397385716438293	1.9972013235092163	0.0	0.06653612852096558	1.161604642868042	0.0	0.0	0.5238940715789795	2.3872830867767334	1.689119577407837	0.0	1.554831624031067	0.0	0.8226085901260376	0.0	0.0	0.0	1.685583472251892	0.7140734195709229	0.0	1.3972669839859009	0.5770562291145325	2.3381786346435547
0.0	0.0	0.5394331812858582	0.0	0.0	0.0	1.6321897506713867	1.0218546390533447	0.0	0.26722145080566406	0.6057106256484985	0.0	0.0	0.3895561099052429	0.0	0.0	0.0	0.6724757552146912	2.4498910903930664	1.493230938911438	0.3914911150932312	0.41463789343833923	0.0	0.39951226115226746	0.7992371320724487	0.0	0.0	0.0	0.4753892421722412	0.0	0.0	0.526079535484314	0.6807008981704712	0.546848714351654	0.0	0.0	0.3128429055213928	0.0	0.0	0.8534416556358337	0.7883410453796387	0.7628581523895264	1.9922419786453247	0.0	0.04658792167901993	1.110791802406311	0.0	0.0	0.5148388743400574	2.2729735374450684	1.6866681575775146	0.0	1.4359817504882812	0.0	0.8403497338294983	0.0	0.0	0.0	1.7100589275360107	0.731905996799469	0.0	1.5231982469558716	0.5521008372306824	2.309953212738037
0.0	0.0	0.34460461139678955	0.0	0.0	0.0	1.5617311000823975	0.7793882489204407	0.0	0.22913123667240143	0.7206442952156067	0.0	0.0	0.18224942684173584	0.0	0.08216924965381622	0.0	0.5302444696426392	2.2371785640716553	1.4054176807403564	0.4310000240802765	0.6160694360733032	0.0	0.7464954853057861	0.8075533509254456	0.0	0.0	0.0	0.40780431032180786	0.0	0.0	0.6217790842056274	0.4607754051685333	0.5189960598945618	0.0	0.3316265046596527	0.16909480094909668	0.0	0.0	0.7487056255340576	0.7176596522331238	0.8301658630371094	1.9118448495864868	0.0	0.0	1.1928048133850098	0.0	0.0	0.7557013630867004	2.451375961303711	1.832587480545044	0.0	1.5339311361312866	0.0	0.8456047177314758	0.0	0.0	0.0	1.605674147605896	0.6822142004966736	0.0	1.5217429399490356	0.6869659423828125	2.3363749980926514
0.0	0.0	0.3426647186279297	0.0	0.0	0.0	1.546657919883728	0.7730780839920044	0.0	0.3349630534648895	0.6461430788040161	0.0	0.0	0.5693041682243347	0.05490310862660408	0.0	0.0	0.5553034543991089	2.4573473930358887	1.6145511865615845	0.326580673456192	0.6853494048118591	0.0	0.1857622116804123	0.6002652645111084	0.0	0.12737809121608734	0.0	0.7360302805900574	0.07298338413238525	0.0	0.6761847138404846	0.8136494755744934	0.5714223980903625	0.0	0.22158382833003998	0.35639292001724243	0.0	0.0	0.8854796290397644	0.5718852281570435	0.81142258644104	2.031036376953125	0.0	0.10254248976707458	1.0382513999938965	0.0	0.0	0.5482608079910278	2.203017234802246	1.6251925230026245	0.0	1.5577878952026367	0.0	0.6713201403617859	0.0	0.0	0.0	1.6989750862121582	0.6513789296150208	0.0	1.3562949895858765	0.8477181792259216	2.3422605991363525
0.0	0.0	0.6146076917648315	0.0	0.0	0.0	1.6841756105422974	1.0835645198822021	0.0	0.11636243015527725	0.7377733588218689	0.0	0.0	0.4633896052837372	0.0	0.0	0.0	0.712908148765564	2.390185594558716	1.8188409805297852	0.44770607352256775	0.4585373103618622	0.0	0.5496440529823303	1.1433682441711426	0.0	0.0	0.0	0.3043203055858612	0.07767821103334427	0.0	0.7431356906890869	0.47219207882881165	0.5979090332984924	0.0	0.0754743218421936	0.1400650441646576	0.0	0.0	1.0869635343551636	0.5955828428268433	0.6715717911720276	2.021707773208618	0.0	0.0613432340323925	1.1023716926574707	0.0	0.0	0.5058760046958923	2.4467358589172363	1.6723710298538208	0.0	1.451123595237732	0.0	0.8672013878822327	0.0	0.0	0.0	1.7348769903182983	0.8716024160385132	0.0	1.563646674156189	0.5501070618629456	2.289548873901367
0.0	0.030961478129029274	0.2352965623140335	0.0	0.0	0.0	1.7145203351974487	1.0172349214553833	0.0	0.2662893235683441	0.5559394359588623	0.0	0.0	0.554498016834259	0.0	0.0	0.0	0.5347111225128174	2.467869520187378	2.03102707862854	0.29152733087539673	0.8137651085853577	0.0	0.12002237141132355	0.6022723913192749	0.0	0.12789815664291382	0.0	0.8700044751167297	0.34634655714035034	0.0	0.7856197953224182	0.31502896547317505	0.5370486974716187	0.0	0.5240393877029419	0.255462110042572	0.0	0.0	1.1146016120910645	0.415818452835083	0.9801668524742126	1.9982486963272095	0.0	0.03186816722154617	1.0550117492675781	0.0	0.0	0.5445812344551086	2.3013694286346436	1.6226409673690796	0.0	1.6462286710739136	0.0	0.6608684062957764	0.0	0.0	0.0	1.7615326642990112	0.725326657295227	0.0	1.1636712551116943	0.8453170657157898	2.378631830215454
0.0	0.0	0.36208224296569824	0.0	0.0	0.0	1.5029728412628174	1.1306225061416626	0.0	0.1767885982990265	0.7396978735923767	0.0	0.0	0.41480904817581177	0.06233833730220795	0.0	0.0	0.7995172142982483	2.436722993850708	1.548069715499878	0.5527383685112	0.5901668071746826	0.0	0.3244153559207916	0.7878868579864502	0.0	0.0	0.0	0.5177611708641052	0.16723626852035522	0.0	0.6117018461227417	0.5356959700584412	0.5467787981033325	0.0	0.013546785339713097	0.2811184823513031	0.0	0.0	0.7909523844718933	0.7585857510566711	0.9136650562286377	1.8411304950714111	0.0	0.0049327677115798	1.1782946586608887	0.0	0.0	0.7507346272468567	2.0354487895965576	1.7270935773849487	0.0	1.358115792274475	0.0	0.6431217789649963	0.0	0.0	0.0	1.6891074180603027	0.5973121523857117	0.0	1.368936538696289	0.5726087689399719	2.286892890930176
0.0	0.40601494908332825	0.04781287536025047	0.16281230747699738	0.0	0.0	1.51723051071167	1.1002106666564941	0.10814186930656433	0.6986127495765686	0.2603052258491516	0.0	0.0	0.5213937759399414	0.0	0.0	0.0	0.2466060221195221	2.4572463035583496	1.9674304723739624	0.05001995712518692	1.223488450050354	0.0	0.06963872909545898	0.2849738597869873	0.0	0.3046666979789734	0.0	1.1745754480361938	0.8158023953437805	0.0	0.9478132724761963	0.5039141774177551	0.39266854524612427	0.4558967053890228	0.8778412938117981	0.2784011960029602	0.0	0.0	1.1774346828460693	0.4576539993286133	1.204275131225586	2.010206460952759	0.0	0.22372901439666748	1.0567905902862549	0.0	0.0	0.6383789777755737	2.053349733352661	1.7265115976333618	0.0	1.5044916868209839	0.0	0.47197505831718445	0.0	0.0	0.0	1.8668441772460938	0.5117040872573853	0.15017761290073395	1.3701305389404297	1.1036655902862549	2.2334578037261963
0.0	0.0	0.22801432013511658	0.0	0.0	0.0	1.534134864807129	0.9577295184135437	0.0	0.31292277574539185	0.5536995530128479	0.0	0.0	0.5400469303131104	0.0	0.0	0.0	0.5787105560302734	2.3911962509155273	1.7482620477676392	0.30974647402763367	0.7848533987998962	0.0	0.02795134112238884	0.5801315307617188	0.0	0.12316028028726578	0.0	0.7284547686576843	0.14069674909114838	0.0	0.5627520084381104	0.6224536895751953	0.44022127985954285	0.0	0.23812058568000793	0.24649330973625183	0.0	0.0	0.8862927556037903	0.5852870941162109	0.7823842763900757	2.0267179012298584	0.0	0.014330007135868073	1.1007448434829712	0.0	0.0	0.5241045951843262	2.103029251098633	1.5787746906280518	0.0	1.651360273361206	0.0	0.5926167368888855	0.0	0.0	0.0	1.7861607074737549	0.5854619145393372	0.0	1.2730954885482788	0.7175264358520508	2.280945301055908
0.0	0.0	0.34626898169517517	0.0	0.0	0.0	1.6321845054626465	1.18494713306427	0.017465917393565178	0.48428982496261597	0.4479089677333832	0.0	0.0	0.4208059012889862	0.10438235104084015	0.0	0.0	0.530246913433075	2.3713791370391846	1.4553359746932983	0.3208760917186737	0.8450996279716492	0.0	0.44236865639686584	0.7054834961891174	0.0	0.0219366904348135	0.0	0.9395236968994141	0.41399136185646057	0.0	0.6913638710975647	0.7912242412567139	0.3933066725730896	0.0	0.2914002537727356	0.37977054715156555	0.0	0.0	0.9589727520942688	0.7451601624488831	1.2077093124389648	2.162788152694702	0.0	0.14791813492774963	1.132912516593933	0.0	0.0	0.6348806023597717	2.366142511367798	1.5759013891220093	0.0	1.4726544618606567	0.0	0.6056966185569763	0.0	0.0	0.0	1.7255042791366577	0.6511473059654236	0.0	1.5141814947128296	0.8917907476425171	2.26426100730896
0.0	0.0	0.2567777931690216	0.0	0.0	0.0	1.5543681383132935	0.9778546094894409	0.0	0.5885074138641357	0.5211686491966248	0.0	0.0	0.5698096752166748	0.2120799720287323	0.14135825634002686	0.0	0.49948880076408386	2.5712273120880127	1.6004225015640259	0.28017425537109375	0.8079919815063477	0.15576258301734924	0.15387225151062012	0.48091235756874084	0.0	0.2626279294490814	0.0	0.8079288601875305	0.3260628283023834	0.0	0.6274561285972595	1.004723310470581	0.4185653328895569	0.0	0.16205084323883057	0.42109623551368713	0.0	0.0	0.9397100806236267	0.5280023217201233	1.0914448499679565	2.0223326683044434	0.0	0.14464575052261353	1.009779930114746	0.0	0.0	0.3927193284034729	2.236098527908325	1.54948890209198	0.0	1.7103593349456787	0.0	0.5951783657073975	0.0	0.0	0.0	1.6918748617172241	0.38797158002853394	0.0	1.7136870622634888	0.8595705628395081	2.3459341526031494
0.0	0.012193775735795498	0.27035343647003174	0.0	0.0	0.0	1.5644640922546387	1.0785075426101685	0.0	0.44842320680618286	0.4931967854499817	0.0	0.0	0.48773306608200073	0.0	0.020130764693021774	0.0	0.5649042725563049	2.4274497032165527	1.6121307611465454	0.23298139870166779	0.9450409412384033	0.0	0.15754374861717224	0.39096197485923767	0.0	0.3705635666847229	0.0	0.9382153153419495	0.35615870356559753	0.0	0.6964808106422424	0.8204402923583984	0.3856981694698334	0.0	0.37790507078170776	0.3922542631626129	0.0	0.0	0.9518053531646729	0.5634576678276062	1.3123043775558472	2.1111905574798584	0.0	0.0	1.1646864414215088	0.0	0.0	0.5073249340057373	2.0798206329345703	1.8094704151153564	0.0	1.5052952766418457	0.0	0.7549655437469482	0.0	0.0	0.0	1.6378531455993652	0.39861130714416504	0.0	1.148918867111206	0.9991528391838074	2.337252140045166
0.0	0.0	0.39491164684295654	0.0	0.0	0.0	1.6215739250183105	1.1780043840408325	0.0	0.2563926875591278	0.5083920359611511	0.0	0.0	0.36372166872024536	0.0	0.0	0.0	0.6646430492401123	2.427356243133545	1.4744771718978882	0.4482947885990143	0.6676903963088989	0.0	0.3255279064178467	0.7037559747695923	0.0	0.0	0.0	0.7271960377693176	0.14886035025119781	0.0	0.7433931827545166	0.7446319460868835	0.47375884652137756	0.0	0.12265379726886749	0.4332888126373291	0.0	0.0	0.9794439673423767	0.8831253051757812	1.0476841926574707	2.2419044971466064	0.0	0.1741575300693512	1.1970666646957397	0.0	0.0	0.4738345742225647	2.231412649154663	1.6360297203063965	0.0	1.3680700063705444	0.0	0.8108125925064087	0.0	0.0	0.0	1.701572060585022	0.5908133387565613	0.0	1.575989842414856	0.7151758074760437	2.173428773880005
0.0	0.0	0.37429946660995483	0.0	0.0	0.0	1.5504990816116333	0.9303776621818542	0.0	0.2815471291542053	0.669682502746582	0.0	0.0	0.2769729495048523	0.0	0.0	0.0	0.5509786605834961	2.4269216060638428	1.5609029531478882	0.36953502893447876	0.7726469039916992	0.0	0.5961146354675293	0.8636507391929626	0.0	0.0	0.0	0.4866131842136383	0.07788979262113571	0.0	0.677273690700531	0.6540948748588562	0.4966854751110077	0.0	0.31232136487960815	0.1338147670030594	0.0	0.0	0.844180703163147	0.7109838128089905	0.7372487783432007	1.967355728149414	0.0	0.0	1.1735050678253174	0.0	0.0	0.7141731381416321	2.3950586318969727	1.8355594873428345	0.0	1.480437994003296	0.0	0.9137599468231201	0.0	0.0	0.0	1.7204383611679077	0.5984212160110474	0.0	1.4892364740371704	0.6005539894104004	2.218498945236206
0.0	0.7550368905067444	0.0	0.3529961407184601	0.0	0.0	1.525423526763916	1.1160852909088135	0.2690369188785553	0.6787757873535156	0.3072390854358673	0.0	0.0	0.46884411573410034	0.0	0.18970826268196106	0.0	0.07300841063261032	2.2034213542938232	2.436715841293335	0.27226462960243225	1.2326875925064087	0.0	0.23245902359485626	0.34540823101997375	0.006098815705627203	0.6416359543800354	0.0	1.2095108032226562	0.39496466517448425	0.0	0.7338322401046753	0.47003233432769775	0.5483468174934387	0.5241909623146057	1.2115833759307861	0.0	0.0	0.0	1.247245192527771	0.5074281096458435	1.1059601306915283	1.9707525968551636	0.0	0.19685155153274536	1.0166181325912476	0.0	0.0	0.8212134838104248	2.420563220977783	1.7140361070632935	0.5507283210754395	1.5699927806854248	0.0	0.4611748456954956	0.0	0.0	0.2556447982788086	1.7687093019485474	1.0064034461975098	0.0	1.0058871507644653	1.2239452600479126	2.4965147972106934
0.0	0.0	0.3397084176540375	0.0	0.0	0.0	1.640998125076294	0.955596923828125	0.0	0.1873241364955902	0.6273854374885559	0.0	0.0	0.3796195089817047	0.0	0.0	0.0	0.6202923655509949	2.3400559425354004	1.433100938796997	0.4249930679798126	0.6804897785186768	0.16568180918693542	0.3364824950695038	0.8112438321113586	0.0	0.0	0.0	0.47187772393226624	0.07276357710361481	0.0	0.6214039921760559	0.6053399443626404	0.5669881105422974	0.0	0.00995809119194746	0.26453131437301636	0.0	0.0	0.8204280138015747	0.7078405618667603	0.9856775403022766	2.006471633911133	0.0	0.015096742659807205	1.0965405702590942	0.0	0.0	0.6298985481262207	2.3888649940490723	1.7322953939437866	0.0	1.3941115140914917	0.0	0.7799919247627258	0.0	0.0	0.0	1.957761526107788	0.6570918560028076	0.0	1.5302311182022095	0.6460655927658081	2.3833706378936768
0.0	0.0	0.2816026508808136	0.0	0.0	0.0	1.530455470085144	0.9036788940429688	0.0	0.3414492607116699	0.6091141104698181	0.0	0.0	0.6087893843650818	0.0	0.0	0.0	0.5853245258331299	2.5168027877807617	1.6708821058273315	0.1852870136499405	0.8619034290313721	0.0	0.21065686643123627	0.6047983169555664	0.0	0.11731241643428802	0.0	0.8162270188331604	0.2162008136510849	0.0	0.7590569853782654	0.6813493371009827	0.5657231211662292	0.0	0.36699268221855164	0.32625874876976013	0.0	0.0	0.9197370409965515	0.5227745175361633	0.9001234173774719	2.0042872428894043	0.0	0.1374824196100235	1.046231746673584	0.0	0.0	0.5334734320640564	2.2495691776275635	1.583693027496338	0.0	1.6664531230926514	0.0	0.5514343976974487	0.0	0.0	0.0	1.7839311361312866	0.6273233294487	0.0	1.35298752784729	0.8858302235603333	2.3917717933654785
0.0	0.0	0.4636196494102478	0.0	0.0	0.0	1.5478241443634033	0.896310031414032	0.0	0.14222998917102814	0.658189594745636	0.0	0.0	0.1683635711669922	0.0	0.0	0.0	0.6454437971115112	2.406439781188965	1.548673152923584	0.38282617926597595	0.4473096430301666	0.0	0.7105172276496887	0.9477750658988953	0.0	0.0	0.0	0.39100128412246704	0.0	0.0	0.6348983645439148	0.46928709745407104	0.469451367855072	0.0	0.009343200363218784	0.2523633539676666	0.0	0.0	0.9343245029449463	0.6377303600311279	0.6898495554924011	1.8775681257247925	0.0	0.10125511884689331	1.136181116104126	0.0	0.0	0.5147337913513184	2.618342876434326	1.6410651206970215	0.0	1.5713751316070557	0.0	0.7298460602760315	0.0	0.0	0.0	1.6368019580841064	0.6892552375793457	0.0	1.5905463695526123	0.5199748873710632	2.2591097354888916
0.0	0.0	0.37965908646583557	0.0	0.0	0.0	1.6174137592315674	0.927086353302002	0.0	0.3279150128364563	0.7738047242164612	0.0	0.0	0.2589319050312042	0.06322930753231049	0.0	0.0	0.568560779094696	2.3087069988250732	1.4343794584274292	0.2892521023750305	0.5710968971252441	0.0	0.5759475827217102	1.0361194610595703	0.11386296153068542	0.0	0.0	0.4652073085308075	0.131708562374115	0.0	0.7422338128089905	0.463819295167923	0.6614073514938354	0.0	0.1870957314968109	0.2339686155319214	0.0	0.0	0.7823472619056702	0.6221421957015991	0.9268783926963806	1.8524922132492065	0.0	0.1178988665342331	1.1496210098266602	0.0	0.0	0.6689248085021973	2.5395755767822266	1.712660312652588	0.0	1.5750783681869507	0.0	0.9064803123474121	0.0	0.0	0.0	1.6979002952575684	0.67972332239151	0.0	1.6545472145080566	0.6895531415939331	2.405513286590576
0.056670933961868286	0.5815472602844238	0.0	0.4701648950576782	0.0	0.0	1.4637610912322998	0.862684428691864	0.16154634952545166	0.8822082281112671	0.31591668725013733	0.0	0.0	0.30472952127456665	0.0	0.22221995890140533	0.0	0.16361205279827118	2.2138688564300537	2.248227834701538	0.19074736535549164	1.0766127109527588	0.16014902293682098	0.14385290443897247	0.5671413540840149	0.0	0.48277679085731506	0.0	1.0377172231674194	0.5384945869445801	0.0	0.8859683275222778	0.6083720326423645	0.4439181983470917	0.3511759340763092	1.2751643657684326	0.008554934523999691	0.0	0.0	1.3538309335708618	0.49940621852874756	1.134739875793457	1.954875111579895	0.0	0.3357729911804199	0.9996913075447083	0.0	0.0	0.956770658493042	2.55855131149292	1.6906869411468506	0.1819888949394226	1.636021614074707	0.0	0.6341745257377625	0.0	0.0	0.2612961232662201	1.83647882938385	1.1136208772659302	0.0	1.1068494319915771	1.2193915843963623	2.6493711471557617
0.0	0.1330743134021759	0.16849036514759064	0.0	0.0	0.0	1.6896322965621948	0.9166415333747864	0.0	0.2918008863925934	0.6106157898902893	0.0	0.0	0.5879448652267456	0.03292309492826462	0.0	0.0	0.7635679841041565	2.5742058753967285	2.0419912338256836	0.39963486790657043	1.021754264831543	0.0	0.06853096187114716	0.6856067776679993	0.0	0.2547107934951782	0.0	1.0226554870605469	0.485012024641037	0.0	0.8765234351158142	0.12331131100654602	0.4590725898742676	0.0	0.6105701923370361	0.13944536447525024	0.0	0.0	0.9002106785774231	0.5080727934837341	0.9287287592887878	1.9794201850891113	0.0	0.05287329852581024	1.21479070186615	0.0	0.0	0.5420924425125122	2.091984510421753	1.6635379791259766	0.0	1.8519861698150635	0.0	0.659695029258728	0.0	0.0	0.0	1.697174310684204	0.5891592502593994	0.0	1.0603026151657104	0.699266791343689	2.3535845279693604
0.0	0.0	0.21943946182727814	0.0	0.0	0.0	1.661354899406433	0.8412101864814758	0.0	0.34513938426971436	0.5692059397697449	0.0	0.0	0.5528354048728943	0.3897455632686615	0.0	0.0	0.6342320442199707	2.4362497329711914	1.7181907892227173	0.4573354125022888	0.7979328036308289	0.0	0.16502724587917328	0.5923728346824646	0.0	0.2240043729543686	0.0	0.8084991574287415	0.2983744144439697	0.0	0.6548711061477661	0.6116799116134644	0.4629450738430023	0.0	0.3966519236564636	0.36414146423339844	0.0	0.0	0.8175267577171326	0.5584545135498047	1.0007483959197998	2.057894229888916	0.0	0.023815957829356194	1.2093913555145264	0.0	0.0	0.5312167406082153	2.0669374465942383	1.6826260089874268	0.0	1.7420344352722168	0.0	0.6428345441818237	0.0	0.0	0.0	1.704398512840271	0.577727198600769	0.0	1.1460061073303223	0.6607056260108948	2.437582492828369
0.0	0.0	0.4294964075088501	0.0	0.0	0.0	1.5134730339050293	0.6723122000694275	0.0	0.12162891030311584	0.8967534899711609	0.0	0.0	0.043906256556510925	0.06692901998758316	0.0	0.0	0.7162780165672302	2.2639822959899902	1.440236210823059	0.5605573654174805	0.3756783902645111	0.0	0.4916309416294098	0.8908998966217041	0.0	0.0	0.0	0.18433038890361786	0.0	0.0	0.5445080399513245	0.2073460817337036	0.5600669980049133	0.0	0.3630695641040802	0.16264738142490387	0.0	0.0	0.8614581823348999	0.679118275642395	0.6460210680961609	1.8307502269744873	0.0	0.0057463753037154675	1.144598364830017	0.0	0.0	0.8911529183387756	2.336090326309204	1.855807900428772	0.0	1.5587140321731567	0.0	0.7539753913879395	0.0	0.0	0.0	1.6123268604278564	0.7054775953292847	0.0	1.2751359939575195	0.5730226039886475	2.198075771331787
0.0	0.08536691963672638	0.15711897611618042	0.0	0.0	0.0	1.631941795349121	1.077465295791626	0.0	0.4311617314815521	0.5860685110092163	0.0	0.0	0.6296776533126831	0.009590962901711464	0.0	0.0	0.653808057308197	2.592613697052002	1.575771450996399	0.3538675904273987	0.8975329399108887	0.0	0.0	0.335626482963562	0.0	0.3275652527809143	0.0	0.9206510186195374	0.4552549719810486	0.0	0.5217791795730591	0.7219781279563904	0.3790792226791382	0.0	0.10878006368875504	0.4997973144054413	0.0	0.0	0.8596820831298828	0.627070426940918	1.1452969312667847	2.0896315574645996	0.0	0.09715255349874496	1.011618971824646	0.0	0.0	0.48032331466674805	1.8730781078338623	1.577641248703003	0.0	1.4800809621810913	0.0	0.564279317855835	0.0	0.0	0.0	1.7533502578735352	0.4372514486312866	0.0	1.2386119365692139	0.8384340405464172	2.191361665725708
0.0	0.0	0.38557589054107666	0.0	0.0	0.0	1.5319880247116089	1.132463812828064	0.0	0.4871905744075775	0.6219430565834045	0.0	0.0	0.2687818706035614	0.17349781095981598	0.0	0.0	0.6426385045051575	2.5054149627685547	1.465252161026001	0.3027784526348114	0.5899599194526672	0.0	0.48821723461151123	0.6309675574302673	0.0	0.0	0.0	0.7775270342826843	0.2299223691225052	0.0	0.5595108866691589	0.5561891198158264	0.4347299337387085	0.0	0.18950901925563812	0.27660611271858215	0.0	0.0	0.9662681221961975	0.8527252674102783	1.1659868955612183	1.99109947681427	0.0	0.0	1.1893506050109863	0.0	0.0	0.6125527620315552	2.349625825881958	1.7367589473724365	0.0	1.197912573814392	0.0	0.8064756989479065	0.0	0.0	0.0	1.698075532913208	0.43792524933815	0.0	1.3855035305023193	0.7829009294509888	2.2662887573242188
0.0	0.0	0.4326378107070923	0.0	0.0	0.0	1.5159087181091309	0.8756197690963745	0.0	0.23278403282165527	0.3636675179004669	0.0	0.0	0.47815102338790894	0.0	0.0	0.0	0.4237591028213501	2.381213665008545	1.6361984014511108	0.18787045776844025	0.5599966645240784	0.0	0.4779265224933624	0.6656129956245422	0.0	0.0	0.0	0.7326788306236267	0.008421733044087887	0.0	0.7528752684593201	0.557141900062561	0.47420141100883484	0.0	0.20940133929252625	0.18604424595832825	0.0	0.0	0.9978347420692444	0.6522729396820068	0.7877534627914429	2.1207056045532227	0.0	0.23907560110092163	1.0147722959518433	0.0	0.0	0.37929436564445496	2.4144821166992188	1.604408860206604	0.0	1.7162666320800781	0.0	0.758295476436615	0.0	0.0	0.0	1.8360508680343628	0.568676769733429	0.0	1.8634464740753174	0.8213448524475098	2.210073232650757
0.0	0.0	0.30233222246170044	0.0	0.0	0.0	1.634338140487671	0.8943540453910828	0.0	0.20341746509075165	0.7391015887260437	0.0	0.0	0.5589127540588379	0.01221612747758627	0.0	0.0	0.7119211554527283	2.5889666080474854	1.6322646141052246	0.483160138130188	0.617219090461731	0.0	0.23626074194908142	0.6445509195327759	0.0	0.02383238635957241	0.0	0.7663521766662598	0.18910376727581024	0.0	0.6539468169212341	0.6125189661979675	0.49994027614593506	0.0	0.17965912818908691	0.5356988906860352	0.0	0.0	0.8089167475700378	0.6769586205482483	0.8311958312988281	2.077716112136841	0.0	0.06265533715486526	1.1999809741973877	0.0	0.0	0.5343978404998779	2.166813850402832	1.6207022666931152	0.0	1.4889657497406006	0.0	0.5473682284355164	0.0	0.0	0.0	1.5919266939163208	0.5935998558998108	0.0	1.2821197509765625	0.4596850872039795	2.3444783687591553
0.0	0.014400975778698921	0.14871719479560852	0.0	0.0	0.0	1.6870580911636353	0.8802703619003296	0.0	0.4476057291030884	0.5723046064376831	0.0	0.0	0.5356654524803162	0.07073887437582016	0.0	0.0	0.5420809388160706	2.5364294052124023	1.8722304105758667	0.3419736921787262	0.8832707405090332	0.0	0.10214251279830933	0.4487641453742981	0.0	0.26091086864471436	0.0	0.9362587928771973	0.3537207841873169	0.0	0.6283829808235168	0.30621811747550964	0.3473564386367798	0.0	0.5018667578697205	0.24160157144069672	0.0	0.04890850931406021	0.9410304427146912	0.5555418729782104	0.8836914300918579	2.0724306106567383	0.0	0.08490864932537079	1.0974103212356567	0.0	0.0	0.5665743350982666	2.222017288208008	1.6490247249603271	0.0	1.6544148921966553	0.0	0.5291293263435364	0.0	0.0	0.0	1.6922097206115723	0.7094091176986694	0.0	1.050113558769226	0.7800613641738892	2.2849016189575195
0.0	0.0	0.40654924511909485	0.0	0.0	0.0	1.8505295515060425	1.3073480129241943	0.0	0.45270776748657227	0.571864664554596	0.0	0.0	0.48069703578948975	0.004098506178706884	0.0	0.0	0.6850045919418335	2.4427177906036377	1.7569998502731323	0.375559002161026	0.7769610285758972	0.0	0.15222994983196259	0.4880581796169281	0.0	0.0	0.0	0.7451944947242737	0.5900346636772156	0.0	0.7934401035308838	0.49791043996810913	0.5709100365638733	0.0	0.19333063066005707	0.3322313129901886	0.0	0.0	0.9342331886291504	0.7114964127540588	1.2454742193222046	1.9667733907699585	0.0	0.008316042833030224	1.0947754383087158	0.0	0.0	0.5635730028152466	1.9847935438156128	1.7472091913223267	0.0	1.4639180898666382	0.0	0.7098100185394287	0.0	0.0	0.0	1.8568565845489502	0.6562806367874146	0.0	1.2933160066604614	0.7173141241073608	2.4766182899475098
0.0	0.0498175211250782	0.27521267533302307	0.0	0.0	0.0	1.816480040550232	1.1011629104614258	0.0	0.45232605934143066	0.571382462978363	0.0	0.0	0.5813412070274353	0.05108010023832321	0.4805944561958313	0.0	0.47720828652381897	2.5452771186828613	1.795706868171692	0.36914685368537903	0.8996507525444031	0.0	0.014365030452609062	0.47122934460639954	0.0	0.30861642956733704	0.0	0.9204359650611877	0.3557596206665039	0.0	0.695264995098114	0.5161238312721252	0.4425126016139984	0.0	0.4448910653591156	0.41430822014808655	0.0	0.0	0.9394598007202148	0.5471066832542419	1.0859030485153198	2.0666019916534424	0.0	0.07423514872789383	1.2272621393203735	0.0	0.0	0.6807366013526917	2.11354660987854	1.6658744812011719	0.0	1.6342206001281738	0.0	0.5741975903511047	0.0	0.0	0.0	1.8004555702209473	0.5349441766738892	0.0	1.065754771232605	0.8015222549438477	2.3074285984039307
0.0	0.0	0.2416839450597763	0.0	0.0	0.0	1.5924521684646606	0.9496729969978333	0.0	0.6698011159896851	0.3331216275691986	0.0	0.0	0.14774668216705322	0.03130677714943886	0.0	0.0	0.44105982780456543	2.3271515369415283	1.467835545539856	0.21608121693134308	0.684007465839386	0.0	0.6619446873664856	0.6618677973747253	0.0	0.0	0.0	0.7441577911376953	0.042943358421325684	0.0	0.8235569000244141	0.8475316762924194	0.37835371494293213	0.0	0.46372801065444946	0.24165639281272888	0.0	0.0	0.962971031665802	0.8750417828559875	1.170724630355835	2.160065174102783	0.0	0.22350135445594788	1.027116060256958	0.0	0.0	0.5632453560829163	2.6780107021331787	1.6436126232147217	0.0	1.2532645463943481	0.0	0.7917845845222473	0.0	0.0	0.0	1.6919398307800293	0.5820582509040833	0.0	1.4606781005859375	0.9906426668167114	2.259457588195801
0.0	0.0	0.13792866468429565	0.027393808588385582	0.0	0.0	1.3719892501831055	0.7327579855918884	0.0	0.6803528070449829	0.41245901584625244	0.0	0.0	0.33023807406425476	0.08699723333120346	0.34351101517677307	0.0	0.41047927737236023	2.236917495727539	1.6047247648239136	0.2842315435409546	0.6614197492599487	0.0	0.6607909798622131	0.5411414504051208	0.0	0.0	0.0	0.9731151461601257	0.22202371060848236	0.0	0.7770929336547852	0.8375373482704163	0.5615690350532532	0.08343924582004547	0.4005405008792877	0.3562077283859253	0.0	0.0	1.1599041223526	0.8776764869689941	1.1688916683197021	2.242842197418213	0.0	0.15356263518333435	1.0483554601669312	0.0	0.0	0.5704533457756042	2.693500280380249	1.6158517599105835	0.0	1.2480443716049194	0.0	0.8057605624198914	0.0	0.0	0.0	1.6518981456756592	0.5109343528747559	0.0	1.428476095199585	1.2343189716339111	2.1999478340148926
0.0	0.0	0.30281203985214233	0.0	0.0	0.0	1.534795880317688	0.8952719569206238	0.0	0.2943785488605499	0.6224852800369263	0.0	0.0	0.6389195322990417	0.042421821504831314	0.06024053320288658	0.0	0.5422263741493225	2.6266844272613525	1.6819785833358765	0.2768338918685913	0.8070700764656067	0.0	0.29653021693229675	0.5502641797065735	0.0	0.10756561905145645	0.0	0.7537537217140198	0.2753497362136841	0.0	0.6274940967559814	0.8466055989265442	0.5762917399406433	0.0	0.17508776485919952	0.30684757232666016	0.0	0.0	0.8900523781776428	0.4989798963069916	0.8915184140205383	2.0351271629333496	0.0	0.10715872049331665	1.0255646705627441	0.0	0.0	0.5594915151596069	2.119504928588867	1.7029873132705688	0.0	1.6414566040039062	0.0	0.5223118662834167	0.0	0.0	0.0	1.7447192668914795	0.5984681248664856	0.0	1.7431137561798096	0.7606634497642517	2.3890318870544434
0.0	0.0	0.26699402928352356	0.0	0.1907666176557541	0.0	1.4516639709472656	0.8669458031654358	0.0	0.3640822768211365	0.6363053321838379	0.0	0.0	0.7563618421554565	0.021883541718125343	0.0	0.0	0.6579672694206238	2.3782691955566406	1.580618143081665	0.3309343755245209	0.6862347722053528	0.0	0.35976776480674744	0.795060932636261	0.0	0.02384292148053646	0.0	0.69300377368927	0.031914498656988144	0.0	0.7379148602485657	0.9307443499565125	0.518320620059967	0.0	0.07725444436073303	0.41535577178001404	0.0	0.0	0.9325093626976013	0.7617324590682983	1.046505093574524	2.0667078495025635	0.0	0.027609435841441154	1.1371208429336548	0.0	0.0	0.592098593711853	2.3133528232574463	1.608549952507019	0.0	1.4089971780776978	0.0	0.6097738146781921	0.0	0.0	0.0	1.725416898727417	0.48639458417892456	0.0	1.5404043197631836	0.763489305973053	2.253161907196045
0.0	0.2537939250469208	0.24371646344661713	0.0	0.0	0.0	1.5247248411178589	0.9174707531929016	0.0	0.6284174919128418	0.4353836476802826	0.0	0.0	0.5160804390907288	0.025423478335142136	0.12664221227169037	0.0	0.4656757712364197	2.569061279296875	1.8359951972961426	0.21733355522155762	1.016270637512207	0.0	0.2177942544221878	0.44385719299316406	0.0	0.16735327243804932	0.0	1.2512247562408447	0.27121564745903015	0.0	0.8551485538482666	0.6965053677558899	0.4528490900993347	0.0	0.487798273563385	0.23457582294940948	0.0	0.0	1.1379228830337524	0.6555201411247253	1.1591733694076538	2.0979220867156982	0.0	0.13050217926502228	0.9730446338653564	0.0	0.0	0.49763840436935425	2.4097537994384766	1.7273321151733398	0.0	1.4595798254013062	0.0	0.6104385256767273	0.0	0.0	0.0	1.7922338247299194	0.5753616094589233	0.0	1.293094515800476	1.071665644645691	2.3088455200195312
0.0	0.0	0.4082793891429901	0.0	0.0	0.0	1.670724630355835	1.1432225704193115	0.0	0.35527369379997253	0.6818644404411316	0.0	0.0	0.25016018748283386	0.06609151512384415	0.0	0.0	0.7305387854576111	2.3809146881103516	1.4197734594345093	0.41166841983795166	0.659161388874054	0.0	0.6201514601707458	0.6712486147880554	0.0	0.0	0.0	0.6494749188423157	0.22645129263401031	0.0	0.597436249256134	0.607099711894989	0.46453434228897095	0.0	0.0	0.27859988808631897	0.0	0.0	0.9103645086288452	0.823162853717804	1.1770328283309937	1.9741114377975464	0.0	0.0009315123897977173	1.237091302871704	0.0	0.0	0.6108168959617615	2.399564027786255	1.8254947662353516	0.004478755872696638	1.2364801168441772	0.0	0.7997844815254211	0.0	0.0	0.0	1.6138393878936768	0.5071004033088684	0.0	1.4219199419021606	0.7386866211891174	2.4397287368774414
0.0	0.0	0.24999044835567474	0.0	0.0	0.0	1.5790034532546997	1.1234688758850098	0.0	0.31455090641975403	0.43659767508506775	0.0	0.0	0.1113247200846672	0.0	0.0	0.0	0.4712058901786804	2.339660406112671	1.5389115810394287	0.18297317624092102	0.6820422410964966	0.16550490260124207	0.5018402934074402	0.6535711884498596	0.0	0.0	0.0	0.6243686676025391	0.1686495840549469	0.0	0.7658770084381104	0.5556718111038208	0.6268846988677979	0.0	0.22320939600467682	0.1197202205657959	0.0	0.0	0.9048753976821899	0.7108990550041199	1.128377079963684	2.0069985389709473	0.0	0.0	1.1297874450683594	0.0	0.0	0.5973672270774841	2.4880635738372803	1.8696496486663818	0.0	1.2368199825286865	0.0	0.8112448453903198	0.0	0.0	0.0	1.7699795961380005	0.5374297499656677	0.0	1.370862603187561	0.9386277794837952	2.252106189727783
0.0	0.0	0.18618892133235931	0.0	0.0	0.0	1.5759519338607788	0.9430136680603027	0.05416160449385643	0.4142678380012512	0.7106873393058777	0.0	0.0	0.4216531217098236	0.051506802439689636	0.0	0.0	0.5038530826568604	2.4567832946777344	1.473089575767517	0.2417837381362915	0.8023538589477539	0.0	0.39666423201560974	0.5833649039268494	0.0	0.16396944224834442	0.0	0.9490727782249451	0.1824508160352707	0.0	0.696243941783905	0.6271094083786011	0.4760638475418091	0.0	0.32524919509887695	0.2773444950580597	0.0	0.0	0.9709771275520325	0.6216411590576172	1.0961146354675293	2.209150552749634	0.0	0.087206169962883	1.020917534828186	0.0	0.0	0.7844305038452148	2.5485267639160156	1.8366554975509644	0.0	1.5066717863082886	0.0	0.6394671201705933	0.0	0.0	0.0	1.5940542221069336	0.7922877669334412	0.0	1.368303656578064	0.890358030796051	2.2318618297576904
0.0	0.0	0.5394588112831116	0.0	0.0	0.0	1.5252727270126343	1.0063973665237427	0.0	0.30868518352508545	0.8142390251159668	0.0	0.0	0.3212304413318634	0.11647263169288635	0.10009258985519409	0.0	0.7279986143112183	2.2741880416870117	1.2678779363632202	0.6178998351097107	0.4670427441596985	0.0	0.8376152515411377	0.6102807521820068	0.0	0.0	0.0	0.6559486985206604	0.21630778908729553	0.0	0.4139976501464844	0.5764915347099304	0.4118545651435852	0.0	0.0	0.31655848026275635	0.0	0.0	0.8433110117912292	0.9943046569824219	1.0857552289962769	1.9260309934616089	0.0	0.0	1.2505271434783936	0.0	0.0	0.8053271770477295	2.2619333267211914	1.7963417768478394	0.0	1.2467018365859985	0.0	0.7311413288116455	0.048004865646362305	0.0	0.0	1.5238078832626343	0.5133444666862488	0.0	1.4439988136291504	0.7070918083190918	2.3378045558929443
0.0	0.24755676090717316	0.1802462935447693	0.0	0.0	0.0	1.7060043811798096	1.1196651458740234	0.1848377138376236	0.4730378985404968	0.47723957896232605	0.0	0.0	0.5985051393508911	0.0	0.29299330711364746	0.0	0.38433781266212463	2.340822458267212	1.808400273323059	0.2133578509092331	1.0653246641159058	0.0	0.18036088347434998	0.43486109375953674	0.0	0.46776312589645386	0.0	0.9572446942329407	0.5123927593231201	0.0	0.6577250361442566	0.5724741816520691	0.44105392694473267	0.0	0.5265545845031738	0.19022803008556366	0.0	0.0	1.011388897895813	0.5092779994010925	1.0637884140014648	1.9841588735580444	0.0	0.0	1.0542194843292236	0.0	0.0	0.5982200503349304	2.288417339324951	1.607316493988037	0.0	1.642180323600769	0.0	0.6319075226783752	0.0	0.0	0.0	1.7452192306518555	0.5406344532966614	0.0	1.1526600122451782	0.9049110412597656	2.311689615249634
0.0	0.0	0.23889006674289703	0.0	0.0	0.0	1.527578353881836	0.8616273403167725	0.0	0.2583778500556946	0.7210601568222046	0.0	0.0	0.5725645422935486	0.0	0.0	0.0	0.6182625889778137	2.3560163974761963	1.6998279094696045	0.4055024981498718	0.6408939361572266	0.0	0.21480496227741241	0.6224316954612732	0.0	0.07374167442321777	0.0	0.6797466278076172	0.152279794216156	0.0	0.6778011322021484	0.6434865593910217	0.49681583046913147	0.0	0.23714162409305573	0.3224407434463501	0.0	0.0	0.9487666487693787	0.617479145526886	0.8432191014289856	2.0462536811828613	0.0	0.0	1.104799747467041	0.0	0.0	0.5247361660003662	2.3425793647766113	1.616526484489441	0.0	1.637978434562683	0.0	0.6625089049339294	0.0	0.0	0.0	1.7054625749588013	0.7771865129470825	0.0	1.2734206914901733	0.6136504411697388	2.360517978668213
0.0	0.0	0.21422061324119568	0.0	0.0	0.0	1.3443117141723633	0.892772912979126	0.0	0.6933393478393555	0.2232385277748108	0.0	0.0	0.28475087881088257	0.0	0.0	0.0	0.3782471716403961	2.3275146484375	1.571412444114685	0.21477235853672028	0.6938756108283997	0.0	0.5456717014312744	0.72662752866745	0.02766413241624832	0.0	0.0	0.8471097350120544	0.0	0.0	0.894831120967865	0.8928495645523071	0.5015973448753357	0.0017237511929124594	0.633673369884491	0.3115844428539276	0.0	0.0	1.2157851457595825	0.8337027430534363	0.9788700342178345	2.479813814163208	0.0	0.22124357521533966	1.1127640008926392	0.0	0.0	0.4531852900981903	2.826803684234619	1.5000406503677368	0.0	1.191680908203125	0.0	0.9370757341384888	0.0	0.0	0.05107657611370087	1.7568131685256958	0.7215844392776489	0.0	1.64495050907135	0.8815560936927795	2.247194290161133
0.0	0.07876615971326828	0.2935277223587036	0.0	0.0	0.0	1.5665491819381714	0.8406540751457214	0.09110981225967407	0.3882947862148285	0.6825307011604309	0.0	0.0	0.670388400554657	0.039872974157333374	0.0	0.0	0.4681103527545929	2.418017864227295	1.712571382522583	0.3151559829711914	0.7838414907455444	0.0	0.27025362849235535	0.7304409742355347	0.0	0.2014555037021637	0.0	0.7042589783668518	0.183812215924263	0.0	0.7880856394767761	0.6704565286636353	0.5667499303817749	0.013415198773145676	0.3464718163013458	0.2799168825149536	0.0	0.0	1.0808662176132202	0.4582352042198181	0.8896766901016235	2.172247886657715	0.0	0.0	1.0773519277572632	0.0	0.0	0.5450774431228638	2.280416488647461	1.6100499629974365	0.0	1.7310487031936646	0.0	0.6199572682380676	0.0	0.0	0.0	1.660964846611023	0.5711948275566101	0.0	1.2966419458389282	0.703159749507904	2.493945598602295
0.3075663149356842	0.0	0.3955681324005127	0.0	0.0	0.0	1.5947545766830444	1.0971460342407227	0.08568824082612991	0.2394661009311676	0.72397381067276	0.2117980271577835	0.0	0.4585399627685547	0.06340866535902023	0.0	0.04238082468509674	0.8849424719810486	2.421112537384033	1.6142429113388062	0.8806763887405396	0.6306664943695068	0.0	0.72244793176651	1.0212492942810059	0.0	0.0	0.0	0.6135882139205933	0.39244961738586426	0.0	0.9431115984916687	0.5061259865760803	0.8570889830589294	0.0	0.12574607133865356	0.2886430025100708	0.0	0.0	1.2261711359024048	0.6608054041862488	1.1731553077697754	1.975920557975769	0.0	0.18548555672168732	0.8548991084098816	0.0	0.0	0.5748372077941895	2.4642186164855957	1.5250836610794067	0.0	1.6584322452545166	0.0	0.6634088754653931	0.0	0.0	0.17032821476459503	1.818935751914978	1.2234703302383423	0.0	1.5142079591751099	0.9365032315254211	2.603149175643921
0.0	0.0	0.3116091787815094	0.0	0.0	0.0	1.584980845451355	1.1045277118682861	0.0	0.30290207266807556	0.6644741892814636	0.0	0.0	0.28583911061286926	0.053680285811424255	0.0	0.0	0.7471680641174316	2.3802781105041504	1.3943084478378296	0.5104058980941772	0.680996298789978	0.0	0.4950350224971771	0.6578556895256042	0.0	0.0	0.0	0.5096157789230347	0.12522852420806885	0.0	0.5610188841819763	0.5815042853355408	0.5250809788703918	0.0	0.013655651360750198	0.3382844626903534	0.0	0.0	0.7258153557777405	0.7496300339698792	0.8958647847175598	1.9956722259521484	0.0	0.04112977162003517	1.10697340965271	0.0	0.0	0.6978960633277893	2.1864147186279297	1.7652113437652588	0.0	1.4427614212036133	0.0	0.6489762663841248	0.0	0.0	0.0	1.6580780744552612	0.695431649684906	0.0	1.344578504562378	0.6486697196960449	2.3021252155303955
0.0	0.0	0.4274395704269409	0.0	0.0	0.0	1.5077731609344482	1.0071336030960083	0.0	0.21068352460861206	0.5153620839118958	0.0	0.0	0.31924936175346375	0.0	0.0	0.0	0.6222657561302185	2.3537051677703857	1.5435936450958252	0.3882913291454315	0.667059063911438	0.0	0.3733888864517212	0.6272595524787903	0.0	0.0030891750939190388	0.0	0.7485852837562561	0.11775005608797073	0.0	0.6254570484161377	0.6156690716743469	0.55414217710495	0.0	0.02030319720506668	0.30480512976646423	0.0	0.0	0.861828088760376	0.7401314377784729	0.8430914878845215	2.0209596157073975	0.0	0.13874559104442596	1.1383260488510132	0.0	0.0	0.6202173829078674	2.0555646419525146	1.6518560647964478	0.0	1.4157096147537231	0.0	0.6427960991859436	0.0	0.0	0.0	1.8085801601409912	0.6221320629119873	0.0	1.5716652870178223	0.7260210514068604	2.125623941421509
0.0	0.0	0.4334365427494049	0.0	0.0	0.0	1.456712007522583	0.8617099523544312	0.0	0.026829442009329796	0.6869410276412964	0.0	0.0	0.2481418401002884	0.0	0.0	0.0	0.5141971707344055	2.413196325302124	1.4009590148925781	0.35816600918769836	0.3972649574279785	0.0	0.7186415195465088	0.9333543181419373	0.0	0.0	0.0	0.30085188150405884	0.0	0.0	0.7046089172363281	0.45662814378738403	0.5542051196098328	0.0	0.0	0.14678031206130981	0.0	0.0	0.8246601223945618	0.5631060004234314	0.7361378073692322	1.8888542652130127	0.0	0.17778536677360535	0.9408332109451294	0.0	0.0	0.7179495692253113	2.4833757877349854	1.7302128076553345	0.0	1.503938913345337	0.0	0.801798939704895	0.0	0.0	0.0	1.685573935508728	0.6339054703712463	0.0	1.6068857908248901	0.7592138051986694	2.230456829071045
0.0	0.0	0.26063549518585205	0.0	0.0	0.0	1.600661277770996	0.8431748151779175	0.0	0.27102339267730713	0.6862662434577942	0.0	0.0	0.6596055030822754	0.00786173902451992	0.0	0.0	0.7064460515975952	2.4738330841064453	1.7853868007659912	0.5157702565193176	0.6413215398788452	0.0	0.17967304587364197	0.8602031469345093	0.0	0.0	0.0	0.7091172337532043	0.21396443247795105	0.0	0.8734791278839111	0.5670384764671326	0.5626111626625061	0.0	0.2712658941745758	0.290126234292984	0.0	0.0	0.9887799620628357	0.4666881859302521	0.755357027053833	2.092844247817993	0.0	0.042742930352687836	1.0293699502944946	0.0	0.0	0.5466436743736267	2.22123646736145	1.5732550621032715	0.0	1.697108268737793	0.0	0.6212732791900635	0.0	0.0	0.0	1.7162567377090454	0.676521360874176	0.0	1.3369498252868652	0.691548228263855	2.3692705631256104
0.0	0.0	0.10379135608673096	0.0	0.0	0.0	1.5591487884521484	1.0669413805007935	0.0	0.5084096193313599	0.5449317097663879	0.0	0.0	0.5674577355384827	0.0	0.0	0.0	0.4591580629348755	2.480341672897339	1.852366328239441	0.2545008659362793	1.002052903175354	0.0	0.02668604999780655	0.4651210606098175	0.0	0.36347782611846924	0.0	0.9971808791160583	0.35504159331321716	0.0	0.7711800932884216	0.606067419052124	0.40044206380844116	0.0	0.538456380367279	0.20982757210731506	0.0	0.0	0.9856263995170593	0.5309962630271912	0.94077068567276	2.021867513656616	0.0	0.0367487408220768	1.11500883102417	0.0	0.0	0.5399665832519531	2.112485885620117	1.635682463645935	0.0	1.6973142623901367	0.0	0.5953258275985718	0.0	0.0	0.0	1.796756625175476	0.6315137147903442	0.0	1.1022441387176514	0.8419851660728455	2.3451790809631348
0.0	0.0	0.2180074006319046	0.0	0.0	0.0	1.7294785976409912	0.9285753965377808	0.0	0.3655085265636444	0.7026115655899048	0.0	0.0	0.5927792191505432	0.15955433249473572	0.0	0.0	0.6110806465148926	2.455094575881958	1.7599972486495972	0.3378541171550751	1.0489497184753418	0.0	0.25426700711250305	0.5521831512451172	0.0	0.2151312381029129	0.0	0.7981302738189697	0.28906768560409546	0.0	0.7975339889526367	0.5569407939910889	0.4757544696331024	0.0	0.43104061484336853	0.38880079984664917	0.0	0.0	0.9633241295814514	0.512025773525238	0.9454008340835571	2.146120548248291	0.0	0.0	1.2219703197479248	0.0	0.0	0.557167649269104	2.124220371246338	1.7506953477859497	0.0	1.612612009048462	0.0	0.6405394077301025	0.0	0.0	0.0	1.6254370212554932	0.6169596910476685	0.0	1.0571242570877075	0.7864871621131897	2.3684964179992676
0.0	0.0	0.3720666468143463	0.0	0.0	0.0	1.4266248941421509	0.6853855848312378	0.0	0.00268522254191339	0.9084582924842834	0.0	0.0	0.37663504481315613	0.022670656442642212	0.0	0.0	0.7756995558738708	2.2956390380859375	1.3585667610168457	0.5334740877151489	0.30724164843559265	0.0	0.42856448888778687	0.6933051347732544	0.0	0.0	0.0	0.39724817872047424	0.0	0.0	0.3484276831150055	0.4690330922603607	0.4351544678211212	0.0	0.0	0.4169457256793976	0.0	0.0	0.6725079417228699	0.711654007434845	0.6921021938323975	2.0127971172332764	0.0	0.06943848729133606	1.1675623655319214	0.0	0.0	0.6227105855941772	2.3744661808013916	1.782004952430725	0.0	1.5774519443511963	0.0	0.6480648517608643	0.0	0.0	0.0	1.5648027658462524	0.6295235753059387	0.0	1.5230604410171509	0.389523446559906	1.9743350744247437
0.0	0.0	0.1982533484697342	0.0	0.0	0.0	1.3951308727264404	0.8776510953903198	0.0	0.5667849183082581	0.5348037481307983	0.0	0.0	0.43680185079574585	0.018715212121605873	0.0	0.0	0.4762716293334961	2.3928065299987793	1.422784686088562	0.35813969373703003	0.8654231429100037	0.0	0.4165915548801422	0.612739622592926	0.0	0.0	0.0	0.7571688890457153	0.12413571774959564	0.0	0.9264590740203857	0.9723301529884338	0.38813892006874084	0.0	0.324245810508728	0.20846952497959137	0.0	0.0	1.0260387659072876	0.7034604549407959	1.1465299129486084	1.9994277954101562	0.0	0.07293155789375305	1.1179158687591553	0.0	0.0	0.4980728328227997	2.2173235416412354	1.705793857574463	0.0	1.3681563138961792	0.0	0.7344835996627808	0.0	0.0	0.0	1.704545021057129	0.5667725801467896	0.0	1.521704912185669	0.9722623825073242	2.417297124862671
0.0	0.0	0.24091580510139465	0.0	0.0	0.0	1.3948248624801636	1.1304656267166138	0.0	0.4778285622596741	0.28435230255126953	0.0	0.0	0.5356331467628479	0.0	0.0	0.0	0.38073235750198364	2.3717026710510254	1.447986364364624	0.13611993193626404	0.8308939933776855	0.0	0.026988044381141663	0.4509859085083008	0.0	0.15506483614444733	0.0	0.9524474740028381	0.03681420162320137	0.0	0.8236569166183472	0.8199385404586792	0.5712026357650757	0.11227204650640488	0.0	0.3894771337509155	0.0	0.0	1.125229835510254	0.6065616011619568	1.1449185609817505	2.037912607192993	0.0	0.0969463512301445	1.0597745180130005	0.0	0.0	0.48044586181640625	1.849581241607666	1.613633394241333	0.0	1.2846885919570923	0.0	0.6257257461547852	0.0	0.0	0.0	1.8358632326126099	0.46308383345603943	0.0	1.533738374710083	1.130155324935913	2.2927029132843018
0.0	0.0	0.1810859888792038	0.0	0.0	0.0	1.5891543626785278	0.9786874651908875	0.0	0.2612893581390381	0.5708892941474915	0.0	0.0	0.6831119060516357	0.09987960010766983	0.0	0.0	0.7285372018814087	2.471547842025757	1.6532615423202515	0.5015535950660706	0.7382857203483582	0.0	0.008045515045523643	0.583863377571106	0.0	0.17214980721473694	0.0	0.8041589260101318	0.3599863648414612	0.0	0.5288848280906677	0.6152932643890381	0.5385626554489136	0.0	0.09429270029067993	0.49963465332984924	0.0	0.0	0.9324966669082642	0.6450613737106323	1.0389862060546875	2.091478109359741	0.0	0.05685892328619957	1.0386496782302856	0.0	0.0	0.529221773147583	1.9824379682540894	1.6900526285171509	0.0	1.5763823986053467	0.0	0.7147837281227112	0.0	0.0	0.0	1.7442004680633545	0.6515876054763794	0.0	1.147803783416748	0.6924887895584106	2.2180652618408203
0.0	0.0	0.27952298521995544	0.0	0.0	0.0	1.4570329189300537	0.8953377604484558	0.0	0.3721597194671631	0.46648719906806946	0.0	0.0	0.6329298615455627	0.06195724382996559	0.0	0.0	0.4494410455226898	2.611013412475586	1.6287459135055542	0.2063961774110794	0.8111023306846619	0.0	0.09603966772556305	0.5038824677467346	0.0	0.2110505998134613	0.0	0.7471112012863159	0.18465548753738403	0.0	0.6354763507843018	0.8640915155410767	0.45154082775115967	0.0	0.1997942328453064	0.40762007236480713	0.0	0.0	0.9710180163383484	0.5644615888595581	1.0743769407272339	1.9641015529632568	0.0	0.12290295213460922	1.1473679542541504	0.0	0.0	0.38150304555892944	1.8944345712661743	1.581885814666748	0.0	1.5533456802368164	0.0	0.5537874698638916	0.0	0.0	0.0	1.7411925792694092	0.541161060333252	0.0	1.5189661979675293	0.8576821088790894	2.214104413986206
0.0	0.0	0.2351863533258438	0.0	0.0	0.0	1.4287943840026855	0.8257577419281006	0.0	0.32872623205184937	0.5948680639266968	0.0	0.0	0.6242184042930603	0.0	0.0	0.0	0.5672609210014343	2.3183608055114746	1.5779515504837036	0.28851383924484253	0.9047401547431946	0.0	0.18095292150974274	0.5696554183959961	0.0	0.056206993758678436	0.0	0.6507763862609863	0.24139349162578583	0.0	0.6309163570404053	0.7123904824256897	0.5684744119644165	0.0	0.3976181149482727	0.3752358555793762	0.0	0.0	0.767019510269165	0.5799015164375305	0.8975316882133484	2.0320255756378174	0.0	0.0	1.0994634628295898	0.0	0.0	0.6049901843070984	1.962171196937561	1.7643777132034302	0.0	1.5248286724090576	0.0	0.6499661803245544	0.0	0.0	0.0	1.675382375717163	0.6282067894935608	0.0	1.3543857336044312	0.8071853518486023	2.209299087524414
0.0	0.0	0.49888479709625244	0.0	0.0	0.0	1.6386854648590088	1.0600662231445312	0.0	0.3604978024959564	0.6075944304466248	0.0	0.0	0.3672294616699219	0.0	0.0	0.0	0.6518648862838745	2.416764497756958	1.4020648002624512	0.3798682987689972	0.5579456686973572	0.00643897196277976	0.3478834331035614	0.687090277671814	0.0	0.0037040640600025654	0.0	0.7341778874397278	0.20713046193122864	0.0	0.5010349750518799	0.6014755964279175	0.645121693611145	0.0	0.021922027692198753	0.3588968813419342	0.0	0.0	0.9775841236114502	0.760499119758606	0.9402769804000854	1.9352188110351562	0.0	0.12533488869667053	1.1665359735488892	0.0	0.0	0.46197232604026794	2.0086140632629395	1.669002652168274	0.0	1.499616026878357	0.0	0.7824550867080688	0.0	0.0	0.0	1.7787652015686035	0.7404651641845703	0.0	1.5461593866348267	0.703228771686554	2.1927037239074707
0.0	0.13235582411289215	0.16057878732681274	0.0	0.0	0.0	1.6620674133300781	1.021652102470398	0.0	0.3507443070411682	0.6175068616867065	0.0	0.0	0.640400767326355	0.0810522511601448	0.0	0.0	0.5929474830627441	2.5523717403411865	1.6749513149261475	0.4116913378238678	1.029816746711731	0.0	0.04892778396606445	0.4700748324394226	0.0	0.4123463034629822	0.0	0.8721718192100525	0.4498634338378906	0.0	0.61029052734375	0.6588959693908691	0.39427992701530457	0.0	0.48115795850753784	0.4237222373485565	0.0	0.0	0.8277760148048401	0.5968986749649048	1.1384936571121216	2.0941734313964844	0.0	0.0011060386896133423	1.1323015689849854	0.0	0.0	0.6024084687232971	1.9635823965072632	1.718567967414856	0.0	1.624967098236084	0.0	0.6163614392280579	0.0	0.0	0.0	1.6304932832717896	0.4842942953109741	0.0	1.0422312021255493	0.7618704438209534	2.3418960571289062
0.0	0.1765938699245453	0.05311191827058792	0.07551740109920502	0.0	0.0	1.5907846689224243	0.7240168452262878	0.07439052313566208	0.5507803559303284	0.4346616566181183	0.0	0.0	0.3720562756061554	0.0	0.0	0.0	0.22201184928417206	2.3800578117370605	2.2904052734375	0.29367387294769287	1.1104164123535156	0.0	0.20147579908370972	0.5602308511734009	0.0	0.29858842492103577	0.0	1.0199509859085083	0.15301449596881866	0.0	0.8171479105949402	0.4946717321872711	0.5093372464179993	0.3922441303730011	0.9559581279754639	0.11673931777477264	0.0	0.0	1.1553385257720947	0.4460696578025818	0.6943219900131226	1.9229151010513306	0.0	0.10612092167139053	1.0510742664337158	0.0	0.0	0.8140600919723511	2.415123224258423	1.7627778053283691	0.0	1.6407228708267212	0.0	0.780138373374939	0.0	0.0	0.0	1.7083200216293335	0.9795986413955688	0.0	1.1241828203201294	0.9823262691497803	2.4586613178253174
0.0	0.0	0.12290392816066742	0.0	0.0	0.0	1.4494870901107788	0.9205452799797058	0.0	0.5702019929885864	0.3697296679019928	0.0	0.0	0.3346948027610779	0.0609995499253273	0.0	0.0	0.5310204029083252	2.416924238204956	1.6645997762680054	0.1506478637456894	0.8156407475471497	0.0	0.37499067187309265	0.6032237410545349	0.0	0.0	0.0	0.834008514881134	0.07057255506515503	0.0	0.6089667081832886	0.8863338828086853	0.40619611740112305	0.11261072754859924	0.402497261762619	0.28271088004112244	0.0	0.0	1.0179646015167236	0.8179312944412231	1.2206295728683472	2.161655902862549	0.0	0.027234608307480812	1.2482906579971313	0.0	0.0	0.5615817904472351	2.3531012535095215	1.667590618133545	0.0	1.2186685800552368	0.0	0.7979023456573486	0.0	0.0	0.0	1.7364389896392822	0.387020081281662	0.0	1.4526008367538452	0.973455011844635	2.104613780975342
0.0	0.0	0.4227886199951172	0.0	0.0	0.0	1.561964750289917	0.9399832487106323	0.0	0.17092525959014893	0.6229665279388428	0.0	0.0	0.3702549338340759	0.0	0.0	0.0	0.7058243751525879	2.3108839988708496	1.4866670370101929	0.38160425424575806	0.5394613146781921	0.0	0.4975629150867462	0.7924723029136658	0.0	0.0	0.0	0.5077617168426514	0.07892296463251114	0.0	0.5793707966804504	0.5724260807037354	0.5585780143737793	0.0	0.0	0.2454777956008911	0.0	0.0	0.8697057366371155	0.7853742241859436	0.7975822687149048	1.915623664855957	0.0	0.07253070920705795	1.1106162071228027	0.0	0.0	0.7036718726158142	2.2797210216522217	1.7623599767684937	0.0	1.5071213245391846	0.0	0.8258877396583557	0.0	0.0	0.0	1.7658840417861938	0.608969509601593	0.0	1.464215874671936	0.6248120665550232	2.1562418937683105
0.0	0.0	0.37916892766952515	0.0	0.0	0.0	1.478662133216858	0.8911578059196472	0.0	0.35579976439476013	0.618790864944458	0.0	0.0	0.3227991759777069	0.0	0.0	0.0	0.7737186551094055	2.424474000930786	1.5149208307266235	0.5425838828086853	0.7413424253463745	0.0	0.22677549719810486	0.6669305562973022	0.0	0.0	0.0	0.5405134558677673	0.0	0.0	0.6650717854499817	0.5716155171394348	0.5534380674362183	0.0	0.10167884081602097	0.2953583002090454	0.0	0.0	0.8331275582313538	0.719202995300293	0.8550886511802673	1.934734582901001	0.0	0.024509472772479057	1.1501654386520386	0.0	0.0	0.6325867176055908	1.9429713487625122	1.739726185798645	0.0	1.4805755615234375	0.0	0.5729167461395264	0.0	0.0	0.0	1.761362910270691	0.6551467180252075	0.0	1.3787989616394043	0.7187572717666626	2.139984607696533
0.0	0.0	0.24913272261619568	0.0	0.0	0.0	1.5063011646270752	0.795556902885437	0.0	0.11791010200977325	0.7988945245742798	0.0	0.0	0.21830624341964722	0.0	0.0	0.0	0.8578751087188721	2.242516279220581	1.5735582113265991	0.5646170973777771	0.7216777205467224	0.0	0.4063589870929718	0.7943288087844849	0.0	0.0	0.0	0.5238164067268372	0.019262928515672684	0.0	0.5773211717605591	0.3989103436470032	0.4673839807510376	0.0	0.439055860042572	0.3498648405075073	0.0	0.0	0.8199074268341064	0.8015710711479187	0.6116258502006531	1.908426284790039	0.0	0.02681499905884266	1.0942116975784302	0.0	0.0	0.6925673484802246	2.1521103382110596	1.8716624975204468	0.0	1.4785934686660767	0.0	0.7298559546470642	0.0	0.0	0.0	1.6925885677337646	0.930805504322052	0.0	1.1486557722091675	0.5708156824111938	2.1378891468048096
0.0	0.0	0.40982329845428467	0.0	0.0	0.0	1.5737801790237427	0.9812608361244202	0.0	0.40314632654190063	0.48248904943466187	0.0	0.0	0.40424081683158875	0.0	0.0	0.0	0.6543698310852051	2.4683010578155518	1.3984675407409668	0.3895946145057678	0.657584547996521	0.0	0.37051087617874146	0.6844395399093628	0.0	0.025527914986014366	0.0	0.7001449465751648	0.160560742020607	0.0	0.7164528369903564	0.8290801048278809	0.6090014576911926	0.0	0.0	0.40737980604171753	0.0	0.0	0.8188093900680542	0.697428286075592	1.0718038082122803	1.9909645318984985	0.0	0.0476941354572773	1.1299690008163452	0.0	0.0	0.5888088941574097	2.2025790214538574	1.6302748918533325	0.0	1.4255082607269287	0.0	0.7838624119758606	0.0	0.0	0.0	1.8067816495895386	0.6905717849731445	0.0	1.6057465076446533	0.7172995805740356	2.284465789794922
0.0	0.0	0.18026365339756012	0.0	0.0	0.0	1.5260154008865356	0.8495171070098877	0.0	0.3597524166107178	0.5542606711387634	0.0	0.0	0.731842577457428	0.0	0.0	0.0	0.43787941336631775	2.4853546619415283	1.7289608716964722	0.24425385892391205	0.8316131234169006	0.0	0.10091915726661682	0.5436154007911682	0.0	0.295884907245636	0.0	0.806366503238678	0.2364211529493332	0.0	0.6470233201980591	0.7546209096908569	0.45837393403053284	0.0	0.3792845904827118	0.3733983635902405	0.0	0.0	0.91437166929245	0.5288791656494141	0.9498112797737122	2.095397710800171	0.0	0.04690105840563774	1.0426682233810425	0.0	0.0	0.5383484959602356	2.122185230255127	1.711992859840393	0.0	1.7217912673950195	0.0	0.48370760679244995	0.0	0.0	0.0	1.6904882192611694	0.596890389919281	0.009274747222661972	1.3051857948303223	0.7870141267776489	2.356520652770996
0.0	0.1276683807373047	0.09945637732744217	0.0	0.0	0.0	1.6348878145217896	1.0133030414581299	0.026999101042747498	0.29752740263938904	0.5901197791099548	0.0	0.0	0.4829634726047516	0.0	0.0	0.0	0.43503090739250183	2.3597002029418945	1.926500678062439	0.22831732034683228	1.093665599822998	0.0	0.3677704632282257	0.47310781478881836	0.0	0.4488222301006317	0.0	0.9914581775665283	0.4192444384098053	0.0	0.7556793689727783	0.4446345567703247	0.38313451409339905	0.0	0.7078695297241211	0.2964063584804535	0.0	0.0	0.9516656994819641	0.553188681602478	0.8567447662353516	2.0350942611694336	0.0	0.0	1.1779937744140625	0.0	0.0	0.6044579744338989	2.1600117683410645	1.7769743204116821	0.0	1.6142836809158325	0.0	0.6146389842033386	0.0	0.0	0.0	1.7795875072479248	0.6623585224151611	0.0	1.017661452293396	1.0444674491882324	2.3761332035064697
0.0	0.0	0.18596655130386353	0.0	0.036065127700567245	0.0	1.5843387842178345	0.9160705208778381	0.0	0.35315531492233276	0.6487240791320801	0.0	0.0	0.6543803811073303	0.0	0.0	0.0	0.48185229301452637	2.4743990898132324	1.79978609085083	0.3933936059474945	0.7571122050285339	0.0	0.4243413507938385	0.6114515662193298	0.0	0.0858551412820816	0.0	0.7806745767593384	0.19877058267593384	0.0	0.5854154825210571	0.6713003516197205	0.4849874973297119	0.0	0.25539690256118774	0.4109821617603302	0.0	0.0	0.8558403253555298	0.5750215649604797	0.8743101358413696	2.1202032566070557	0.0	0.0	1.0780287981033325	0.0	0.0	0.6085655093193054	2.3472142219543457	1.6386405229568481	0.0	1.6621875762939453	0.0	0.5800962448120117	0.0	0.0	0.0	1.6651488542556763	0.5917346477508545	0.0	1.3959953784942627	0.6836397647857666	2.275712490081787
0.0	0.0	0.4659541845321655	0.0	0.0	0.0	1.681720495223999	1.1835824251174927	0.0	0.24220365285873413	0.6507185697555542	0.0	0.0	0.43524569272994995	0.14352236688137054	0.035328518599271774	0.0	0.7455630302429199	2.407254695892334	1.6575231552124023	0.4218411445617676	0.7491040229797363	0.0	0.2045731544494629	0.7101254463195801	0.0	0.04533980414271355	0.0	0.6950044631958008	0.4496619403362274	0.0	0.6917654275894165	0.6382883191108704	0.7050818204879761	0.0	0.20076458156108856	0.4542318880558014	0.0	0.17946545779705048	0.8780524730682373	0.683347761631012	1.3479129076004028	1.9855104684829712	0.0	0.0	1.0873504877090454	0.0	0.0	0.543397843837738	2.081134796142578	1.7441115379333496	0.0	1.3761776685714722	0.0	0.7600007653236389	0.0	0.0	0.0	1.7583487033843994	0.5418320298194885	0.0	1.379655361175537	0.6528773307800293	2.3930399417877197
0.0	0.0	0.21508030593395233	0.0	0.0	0.0	1.6570066213607788	1.0293910503387451	0.0	0.32398709654808044	0.6009987592697144	0.0	0.0	0.6284383535385132	0.0	0.0	0.0	0.6449607014656067	2.458651065826416	1.8351598978042603	0.4318184554576874	0.8336292505264282	0.0	0.09850495308637619	0.6694012880325317	0.0	0.18449990451335907	0.0	0.7463029623031616	0.3062414526939392	0.0	0.6773488521575928	0.5901415944099426	0.6345487833023071	0.0	0.38648879528045654	0.38406887650489807	0.0	0.0	0.8705308437347412	0.5242127180099487	1.075257658958435	2.046412229537964	0.0	0.04182128235697746	1.1338069438934326	0.0	0.0	0.5687435865402222	2.140012741088867	1.7772873640060425	0.0	1.5829346179962158	0.0	0.5488843321800232	0.0	0.0	0.0	1.68024742603302	0.6850284337997437	0.0	1.292622447013855	0.6963794827461243	2.510812520980835
0.0	0.0	0.46786412596702576	0.0	0.0	0.0	1.7336844205856323	1.1147692203521729	0.0	0.43037399649620056	0.6480048298835754	0.0	0.0	0.3407033383846283	0.006083054468035698	0.0	0.0	0.7195402383804321	2.4859297275543213	1.6826502084732056	0.29814526438713074	0.7559394240379333	0.0	0.3901037573814392	0.7858116030693054	0.0	0.0	0.0	0.6809470057487488	0.3432296812534332	0.0	0.7362414002418518	0.5606489181518555	0.5461781620979309	0.0	0.22963674366474152	0.34534767270088196	0.0	0.0	0.9796460866928101	0.7021287679672241	0.8841752409934998	2.009944438934326	0.0	0.04425112158060074	1.0566798448562622	0.0	0.0	0.6503388285636902	2.239133596420288	1.6419620513916016	0.0	1.5782252550125122	0.0	0.7997887134552002	0.0	0.0	0.0	1.9843116998672485	0.6525205373764038	0.0	1.3905038833618164	0.6574941277503967	2.2298784255981445
0.0	0.0	0.27259427309036255	0.0	0.0	0.0	1.6908689737319946	1.4183893203735352	0.0	0.6377710700035095	0.5143706798553467	0.0	0.0	0.3313639461994171	0.18559306859970093	0.0	0.0	0.5419508218765259	2.4083001613616943	1.6660006046295166	0.1512913852930069	1.0097930431365967	0.0	0.33226650953292847	0.5415638089179993	0.0	0.2449892908334732	0.0	0.8329288959503174	0.5190296769142151	0.0	0.7111831903457642	0.700463593006134	0.556468665599823	0.0	0.3164115250110626	0.23509113490581512	0.0	0.0	1.231945276260376	0.670383870601654	1.5482887029647827	1.8801316022872925	0.0	0.0	1.170838475227356	0.0	0.0	0.7013883590698242	2.219116687774658	1.7550336122512817	0.024741651490330696	1.2971302270889282	0.0	0.745634913444519	0.0	0.0	0.16039925813674927	1.6485357284545898	0.5066612362861633	0.001490165595896542	1.333046317100525	1.0856395959854126	2.386004686355591
0.0	0.0	0.2671317458152771	0.0	0.0	0.0	1.5475564002990723	0.8896046876907349	0.0	0.21053192019462585	0.7187266945838928	0.0	0.0	0.5436219573020935	0.05406983569264412	0.0	0.0	0.5435844659805298	2.454033374786377	1.6855823993682861	0.28649652004241943	0.9001227617263794	0.005440275650471449	0.2418399602174759	0.6787315011024475	0.0	0.1570277214050293	0.0	0.8381533026695251	0.19695326685905457	0.0	0.7496260404586792	0.4645959138870239	0.5156763195991516	0.0	0.4111712872982025	0.290292888879776	0.0	0.0	0.9156835675239563	0.43178635835647583	0.8656330108642578	1.964158296585083	0.0	0.03920060023665428	1.0934728384017944	0.0	0.0	0.6300082206726074	2.2255043983459473	1.6497331857681274	0.0	1.7119969129562378	0.0	0.6218873858451843	0.0	0.0	0.0	1.7117785215377808	0.672231912612915	0.0	1.2296489477157593	0.9593346118927002	2.370542287826538
0.0	0.0	0.39453431963920593	0.0	0.0	0.0	1.6284303665161133	1.1434887647628784	0.0	0.4434932768344879	0.5051712989807129	0.0	0.0	0.47244900465011597	0.08422992378473282	0.0	0.0	0.5495982766151428	2.5010054111480713	1.4350428581237793	0.3894406259059906	0.6975275278091431	0.0	0.29571568965911865	0.5173568725585938	0.0	0.005091133527457714	0.0	0.7397280335426331	0.32389914989471436	0.0	0.6161667704582214	0.7660112380981445	0.4418976306915283	0.0	0.03241017833352089	0.3102087378501892	0.0	0.0	1.1371842622756958	0.6877210140228271	1.1515977382659912	2.09244441986084	0.0	0.13834764063358307	1.0993577241897583	0.0	0.0	0.4452575445175171	2.21593976020813	1.6363344192504883	0.0	1.3900831937789917	0.0	0.6913933753967285	0.0	0.0	0.0	1.7810044288635254	0.5473483204841614	0.0	1.7962579727172852	0.7693785429000854	2.3842175006866455
0.0	0.0	0.38143059611320496	0.0	0.0	0.0	1.6732676029205322	0.8841515779495239	0.0	0.27145248651504517	0.9649548530578613	0.0	0.0	0.5135125517845154	0.0526195764541626	0.0	0.0	0.7082411646842957	2.554517984390259	1.6192811727523804	0.3979284167289734	0.8624199032783508	0.0	0.4101186990737915	0.6600454449653625	0.0	0.12148942053318024	0.0	0.6905198693275452	0.1770353764295578	0.0	0.6493743062019348	0.5645303726196289	0.53328937292099	0.0	0.3650588095188141	0.46387597918510437	0.0	0.0	0.8409877419471741	0.7173601984977722	0.7685071229934692	2.0984621047973633	0.0	0.08643046021461487	1.1747970581054688	0.0	0.0	0.6137768626213074	2.3085098266601562	1.7028298377990723	0.0	1.5869172811508179	0.0	0.6176396012306213	0.0	0.0	0.0	1.650763988494873	0.5642380118370056	0.0	1.340173363685608	0.7301784753799438	2.249206304550171
0.0	0.0	0.44623929262161255	0.0	0.0	0.0	1.4713743925094604	0.9579135775566101	0.0	0.2549062669277191	0.6562267541885376	0.0	0.0	0.4878579378128052	0.03939051553606987	0.0	0.0	0.7289258241653442	2.506526470184326	1.5357797145843506	0.4822784960269928	0.5227380990982056	0.0	0.4633350968360901	0.79147869348526	0.0	0.0	0.0	0.5540450215339661	0.05957877263426781	0.0	0.6200754046440125	0.6811745762825012	0.5680755972862244	0.0	0.0	0.420471727848053	0.0	0.0	0.8855941891670227	0.7721779346466064	1.0233272314071655	2.083909511566162	0.0	0.1279245913028717	1.1905508041381836	0.0	0.0	0.5247482657432556	2.373455047607422	1.555651068687439	0.0	1.413995385169983	0.0	0.8353126645088196	0.0	0.0	0.0	1.5644915103912354	0.5268357992172241	0.0	1.5641145706176758	0.5768668055534363	2.3350415229797363
0.0	0.0	0.4985358715057373	0.0	0.0	0.0	1.5818041563034058	0.8423125147819519	0.0	0.13602720201015472	0.8944498896598816	0.0	0.0	0.35417091846466064	0.05240831896662712	0.0	0.0	0.5651077628135681	2.386904001235962	1.4873151779174805	0.49016299843788147	0.4885345697402954	0.0	0.651508629322052	0.9139738082885742	0.0	0.0	0.0	0.5207623243331909	0.26392894983291626	0.0	0.5902384519577026	0.44900500774383545	0.5587317943572998	0.0	0.08485502004623413	0.2525711953639984	0.0	0.0	1.006113886833191	0.6647042632102966	0.9893463253974915	1.9235514402389526	0.0	0.09732785820960999	1.0485882759094238	0.0	0.0	0.7067387104034424	2.644221544265747	1.7633154392242432	0.0	1.6759341955184937	0.0	0.9141735434532166	0.0	0.0	0.0	1.6575889587402344	0.797469437122345	0.0	1.4653583765029907	0.7884504199028015	2.3821051120758057
0.0	0.0	0.22500768303871155	0.0	0.0	0.0	1.5243737697601318	1.0333629846572876	0.0	0.3545195162296295	0.5953351259231567	0.0	0.0	0.4950356185436249	0.045649658888578415	0.0	0.0	0.5249883532524109	2.456636905670166	1.6935882568359375	0.22171714901924133	1.001591682434082	0.0	0.1300959587097168	0.5022996068000793	0.0	0.3745865523815155	0.0	0.9070888757705688	0.36845001578330994	0.0	0.6156797409057617	0.651276171207428	0.34463346004486084	0.0	0.32944563031196594	0.37910452485084534	0.0	0.0	0.8510779142379761	0.6287961006164551	1.074437141418457	2.1032114028930664	0.0	0.09085238724946976	1.1690810918807983	0.0	0.0	0.43907132744789124	2.1478431224823	1.6560603380203247	0.0	1.588524341583252	0.0	0.5573447942733765	0.0	0.0	0.0	1.7010809183120728	0.4618808925151825	0.0	1.2913354635238647	0.7575907707214355	2.273972272872925
0.0	0.0	0.38437333703041077	0.0	0.0	0.0	1.3780790567398071	0.6841317415237427	0.0	0.15400558710098267	0.8765490055084229	0.0	0.0	0.34671032428741455	0.10978858172893524	0.0	0.0	0.9012496471405029	2.3776214122772217	1.5650055408477783	0.7238150238990784	0.39025479555130005	0.0	0.36615291237831116	0.9720361828804016	0.0	0.0	0.0	0.40403348207473755	0.0	0.0	0.7764071226119995	0.4303781986236572	0.5305231809616089	0.0	0.11931680887937546	0.3054051995277405	0.0	0.0	0.9142619967460632	0.6784362196922302	0.7657490372657776	1.9604543447494507	0.0	0.0	1.0876320600509644	0.0	0.0	0.6811618804931641	2.0477261543273926	1.6671658754348755	0.0	1.5340431928634644	0.0	0.5970001816749573	0.0	0.0	0.0	1.5110363960266113	0.7368854284286499	0.0	1.3625046014785767	0.5224441885948181	2.4438869953155518
0.0	0.0	0.5168381929397583	0.0	0.0	0.0	1.8229564428329468	0.9136973023414612	0.0	0.09334541857242584	0.6812047362327576	0.0	0.0	0.3276764750480652	0.03010314516723156	0.0	0.0	0.6972135305404663	2.3584060668945312	1.5140306949615479	0.3832271099090576	0.5867016911506653	0.0	0.5556480288505554	0.956703782081604	0.0	0.0	0.0	0.5399917364120483	0.16737379133701324	0.0	0.6199422478675842	0.44393348693847656	0.5824906826019287	0.0	0.20495350658893585	0.17690223455429077	0.0	0.0	0.8778634667396545	0.6560404300689697	0.9762172698974609	1.890747308731079	0.0	0.007458452135324478	1.1009883880615234	0.0	0.0	0.5885415077209473	2.5193467140197754	1.671185851097107	0.0	1.523775577545166	0.0	0.9185805916786194	0.0	0.0	0.0	1.722670316696167	0.5906761288642883	0.0	1.4341307878494263	0.5652248859405518	2.360339879989624
0.0	0.0	0.3967401087284088	0.0	0.0	0.0	1.3793230056762695	0.8657232522964478	0.0	0.2820618450641632	0.7290640473365784	0.0	0.0	0.3376822769641876	0.0	0.0	0.0	0.545865535736084	2.3918509483337402	1.5787396430969238	0.20935110747814178	0.54957115650177	0.0008218229049816728	0.5110490322113037	0.8019090294837952	0.0	0.0	0.0	0.5189128518104553	0.07546449452638626	0.0	0.7711223363876343	0.7020311951637268	0.673789918422699	0.0	0.08638028055429459	0.23169630765914917	0.0	0.0	0.9260269999504089	0.6133195757865906	0.9091556668281555	1.9467318058013916	0.0	0.16823583841323853	0.9981100559234619	0.0	0.0	0.6422388553619385	2.569723129272461	1.7824492454528809	0.0	1.4515239000320435	0.0	0.8841139674186707	0.0	0.0	0.0	1.7722432613372803	0.7451355457305908	0.0	1.663411259651184	0.7990452647209167	2.2908411026000977
0.0	0.0	0.36382827162742615	0.0	0.0	0.0	1.976898193359375	1.0270366668701172	0.0	0.22050340473651886	0.5996934175491333	0.0	0.0	0.4503704607486725	0.017522627487778664	0.0	0.0	0.7351903915405273	2.4892380237579346	1.7871463298797607	0.3875238001346588	0.48583680391311646	0.0	0.36269593238830566	0.7495790719985962	0.0	0.0	0.0	0.769318699836731	0.23430128395557404	0.0	0.614556074142456	0.5225741863250732	0.7343265414237976	0.0	0.22556746006011963	0.2541694939136505	0.0	0.0	0.9553948640823364	0.7461578249931335	0.9290880560874939	1.9574463367462158	0.0	0.1368691474199295	1.1149091720581055	0.0	0.0	0.49127331376075745	2.3895280361175537	1.6711889505386353	0.0	1.5892467498779297	0.0	0.797859787940979	0.0	0.0	0.0	1.7450804710388184	0.6606161594390869	0.0	1.3650450706481934	0.7303239107131958	2.4311251640319824
0.0	0.05047354847192764	0.27801021933555603	0.0	0.0	0.0	1.7701088190078735	1.179914951324463	0.0	0.38423001766204834	0.5698687434196472	0.0	0.0	0.5178489685058594	0.052766602486371994	0.0	0.0	0.5589600801467896	2.3963491916656494	1.7059175968170166	0.2532859742641449	0.9705327749252319	0.0	0.1449020951986313	0.45919477939605713	0.0	0.20442263782024384	0.0	0.7835924029350281	0.4587600529193878	0.0	0.6648040413856506	0.691589891910553	0.47983694076538086	0.0	0.41781356930732727	0.3858928978443146	0.0	0.0	0.8888640403747559	0.6249151825904846	1.162049651145935	1.9986053705215454	0.0	0.0	1.093446969985962	0.0	0.0	0.5491847395896912	2.054288625717163	1.8149713277816772	0.0	1.7209720611572266	0.0	0.6088453531265259	0.0	0.0	0.0	1.6719449758529663	0.5232502818107605	0.0	1.165298342704773	0.769534707069397	2.4027211666107178
0.0	0.0	0.18185032904148102	0.0	0.0	0.0	1.6197631359100342	1.1089859008789062	0.0	0.4577299952507019	0.44803115725517273	0.0	0.0	0.7251488566398621	0.0018868864281103015	0.0	0.0	0.4624728858470917	2.486060380935669	1.4661558866500854	0.35398930311203003	1.025221824645996	0.0	0.0	0.3852999806404114	0.0	0.3023112118244171	0.0	0.8837159872055054	0.4052048325538635	0.0	0.6898712515830994	0.8157479763031006	0.45279306173324585	0.0	0.04165072366595268	0.3563644587993622	0.0	0.0	0.8698369264602661	0.5438374876976013	1.1180553436279297	2.0073702335357666	0.0	0.09708111733198166	1.0565388202667236	0.0	0.0	0.5820997953414917	1.5313634872436523	1.6011784076690674	0.0	1.5123581886291504	0.0	0.5823479294776917	0.0	0.0	0.0	1.726604700088501	0.5236847996711731	0.0	1.203749656677246	0.8918781280517578	2.204685688018799
0.0	0.0	0.3583870828151703	0.0	0.0	0.0	1.580303430557251	1.0940102338790894	0.00020702497567981482	0.5306300520896912	0.7265971302986145	0.0	0.0	0.2790137827396393	0.05131569132208824	0.0	0.0	0.6844689846038818	2.425926685333252	1.421181321144104	0.3850046396255493	0.5582567453384399	0.0	0.3974360525608063	0.5278515219688416	0.0	0.08143169432878494	0.0	0.9052258729934692	0.2041131556034088	0.0	0.4639628529548645	0.76337069272995	0.4646812677383423	0.0	0.0	0.44338083267211914	0.0	0.0	1.0812376737594604	0.8667520880699158	1.2363362312316895	2.039616823196411	0.0	0.006600429769605398	1.0547692775726318	0.0	0.0	0.910930335521698	2.3836114406585693	1.658845067024231	0.0	1.4694597721099854	0.0	0.851473331451416	0.0	0.0	0.0	1.747092843055725	0.39883050322532654	0.0	1.3643263578414917	0.9547002911567688	2.2311513423919678
0.0	0.0	0.2874688506126404	0.0	0.0	0.0	1.6444591283798218	1.3466702699661255	0.0	0.3748912513256073	0.48248329758644104	0.0	0.0	0.50273597240448	0.0	0.0	0.0	0.5401334762573242	2.408674478530884	1.5004924535751343	0.14623384177684784	0.8533398509025574	0.0	0.18866100907325745	0.515346884727478	0.0	0.2286136895418167	0.0	0.778709352016449	0.4458766281604767	0.0	0.707431435585022	0.7138673663139343	0.5532819032669067	0.0	0.3024851083755493	0.33999893069267273	0.0	0.0	0.977506697177887	0.5638728141784668	1.2982380390167236	2.0271103382110596	0.0	0.03951827064156532	1.105165958404541	0.0	0.0	0.5368832945823669	2.0951642990112305	1.7405081987380981	0.0	1.4263852834701538	0.0	0.5973851680755615	0.0	0.0	0.0	1.7726244926452637	0.38995417952537537	0.0	1.414784550666809	0.834793746471405	2.3966848850250244
0.0	0.0	0.31972989439964294	0.0	0.0	0.0	1.6369496583938599	0.7494974136352539	0.0	0.2827620208263397	0.6868346929550171	0.0	0.0	0.3318301737308502	0.13080260157585144	0.0	0.0	0.5596135258674622	2.2178151607513428	1.5195674896240234	0.3229931890964508	0.9411744475364685	0.0	0.4316915273666382	0.6565696001052856	0.0	0.0	0.0	0.6079201698303223	0.26882970333099365	0.0	0.6406322717666626	0.6601837277412415	0.5255826115608215	0.0	0.467000275850296	0.24725157022476196	0.0	0.0	0.7952142357826233	0.5872011184692383	0.8379301428794861	1.9628841876983643	0.0	0.002058575162664056	1.191393256187439	0.0	0.0	0.6359237432479858	2.422501564025879	1.782558798789978	0.0	1.6370419263839722	0.0	0.7037398219108582	0.0	0.0	0.0	1.5054266452789307	0.5029663443565369	0.0	1.5177417993545532	0.9329637885093689	2.3121979236602783
0.0	0.0	0.5323600172996521	0.0	0.0	0.0	1.6555875539779663	1.0368462800979614	0.0	0.33166933059692383	0.6537784934043884	0.0	0.0	0.40559038519859314	0.0	0.0	0.0	0.6961995363235474	2.421320676803589	1.636226773262024	0.30557680130004883	0.7094690203666687	0.0	0.5811190009117126	0.8914081454277039	0.11443623155355453	0.0	0.0	0.6774230599403381	0.2532360851764679	0.0	0.8868303298950195	0.5041544437408447	0.6157458424568176	0.0	0.18119753897190094	0.29305300116539	0.0	0.0	0.9131048917770386	0.6730104088783264	0.86224764585495	2.02986478805542	0.0	0.10220066457986832	1.162097692489624	0.0	0.0	0.4879230856895447	2.5531911849975586	1.7117137908935547	0.0	1.4975589513778687	0.0	0.9061034321784973	0.0	0.0	0.0	1.7789908647537231	0.6612304449081421	0.0	1.4920666217803955	0.7205268144607544	2.4883623123168945
0.0	0.0	0.4134518802165985	0.0	0.0	0.0	1.6035752296447754	1.0276169776916504	0.0	0.30098146200180054	0.6095695495605469	0.0	0.0	0.20114223659038544	0.001189138856716454	0.0	0.0	0.703056812286377	2.3856701850891113	1.6005456447601318	0.3629096448421478	0.5049630999565125	0.0	0.4945468604564667	0.7377400994300842	0.0	0.0	0.0	0.7056257724761963	0.18349355459213257	0.0	0.6300626397132874	0.6538357138633728	0.4387408494949341	0.0	0.16741697490215302	0.23736579716205597	0.0	0.0	0.8983733057975769	0.7496240735054016	1.220221996307373	2.03074312210083	0.0	0.02053261548280716	1.1243183612823486	0.0	0.0	0.6140433549880981	2.3019566535949707	1.753429889678955	0.0	1.3895485401153564	0.0	0.8491493463516235	0.0	0.0	0.0	1.7007114887237549	0.47735559940338135	0.0	1.574729084968567	0.7517959475517273	2.5295984745025635
0.0	0.0	0.4120309352874756	0.0	0.0	0.0	1.6093162298202515	0.9559823274612427	0.0	0.2396852672100067	0.7032696604728699	0.0	0.0	0.2863495945930481	0.0	0.10491291433572769	0.0	0.556031346321106	2.393810272216797	1.4229601621627808	0.37854382395744324	0.5891433358192444	0.0	0.5598249435424805	0.9428730607032776	0.0	0.0	0.0	0.47176116704940796	0.12124775350093842	0.0	0.7124600410461426	0.4221377968788147	0.6153165102005005	0.0	0.23029175400733948	0.17237502336502075	0.0	0.0	0.8804441690444946	0.5536922216415405	0.8389199376106262	2.002997636795044	0.0	0.05746433511376381	1.0302677154541016	0.0	0.0	0.580916166305542	2.554767370223999	1.6657482385635376	0.0	1.5031239986419678	0.0	0.8469898700714111	0.0	0.0	0.0	1.6980650424957275	0.6984769105911255	0.0	1.4954121112823486	0.6330769658088684	2.3784923553466797
0.0	0.0	0.46974629163742065	0.0	0.0	0.0	1.6657178401947021	0.9012724757194519	0.0	0.15156754851341248	0.7966699600219727	0.0	0.0	0.2604036331176758	0.0	0.0	0.0	0.5985579490661621	2.398989677429199	1.5713231563568115	0.37979644536972046	0.512637734413147	0.029823994264006615	0.6431030035018921	0.8003872632980347	0.0	0.0	0.0	0.6029834151268005	0.06548471003770828	0.0	0.5733485817909241	0.4760182499885559	0.48923107981681824	0.0	0.25542405247688293	0.20096160471439362	0.0	0.0	0.8273624777793884	0.7310721278190613	0.7003974318504333	1.9524223804473877	0.0	0.0	1.1645797491073608	0.0	0.0	0.7874729037284851	2.574594020843506	1.8730868101119995	0.0	1.5790787935256958	0.0	0.8387423157691956	0.0	0.0	0.0	1.5945290327072144	0.6213197708129883	0.0	1.37721848487854	0.647061288356781	2.34456467628479
0.0	0.009251074865460396	0.13975460827350616	0.0	0.0	0.0	1.3824398517608643	0.975339949131012	0.0	0.7571356892585754	0.27987387776374817	0.0	0.0	0.7583314776420593	0.1812589317560196	0.0	0.0	0.5757763385772705	2.5586371421813965	1.506614089012146	0.2024865746498108	0.9194427132606506	0.0	0.0	0.47291290760040283	0.0	0.2951285243034363	0.0	1.1400612592697144	0.495685875415802	0.0	0.8158069849014282	0.9779086112976074	0.3436354994773865	0.0	0.009044979698956013	0.4292961657047272	0.0	0.0	1.1250673532485962	0.5692764520645142	1.2914276123046875	2.094458818435669	0.0	0.1399298459291458	0.9407763481140137	0.0	0.0	0.32473134994506836	1.3831619024276733	1.37881338596344	0.0	1.3664300441741943	0.0	0.6932344436645508	0.0	0.0	0.0	1.852994680404663	0.4382706582546234	0.0	1.0310460329055786	1.0548993349075317	2.177579164505005
0.0	0.0	0.3433174788951874	0.0	0.0	0.0	1.597580909729004	0.9347375631332397	0.0	0.3646526038646698	0.6257221102714539	0.0	0.0	0.6661859750747681	0.015689978376030922	0.0	0.0	0.5176510214805603	2.5234792232513428	1.7275079488754272	0.2469349205493927	0.7605072259902954	0.0	0.2779700756072998	0.571105420589447	0.0	0.2040349692106247	0.0	0.7727028131484985	0.2597857713699341	0.0	0.7658630013465881	0.6873534321784973	0.5369334816932678	0.0	0.35120487213134766	0.4196222126483917	0.0	0.0	1.0024974346160889	0.460823118686676	0.9227585196495056	2.0873470306396484	0.0	0.0031399312429130077	1.0255361795425415	0.0	0.0	0.5323358774185181	2.2859878540039062	1.5862576961517334	0.0	1.6393718719482422	0.0	0.539348304271698	0.0	0.0	0.0	1.6642515659332275	0.7374571561813354	0.0	1.3409233093261719	0.8871210217475891	2.4207329750061035
0.0	0.0	0.266076922416687	0.0	0.0	0.0	1.6835556030273438	0.9749332666397095	0.0	0.25959235429763794	0.5891755223274231	0.0	0.0	0.6241275072097778	0.0	0.0	0.0	0.7317174077033997	2.4020657539367676	1.6175261735916138	0.5915811657905579	0.9849114418029785	0.0	0.057308465242385864	0.5456362366676331	0.0	0.12252603471279144	0.0	0.7835857272148132	0.2414340376853943	0.0	0.5421900153160095	0.7045708298683167	0.49828168749809265	0.0	0.18480639159679413	0.39855286478996277	0.0	0.0	0.821660578250885	0.6218590140342712	0.8944255113601685	2.134434461593628	0.0	0.0	1.1198444366455078	0.0	0.0	0.5074485540390015	2.105450391769409	1.695021390914917	0.0	1.5564489364624023	0.0	0.6146886944770813	0.0	0.0	0.0	1.6612509489059448	0.6127340197563171	0.0	1.2491066455841064	0.6543346643447876	2.280869245529175
0.0	0.0	0.3050203323364258	0.0	0.0	0.0	1.453095555305481	1.0083009004592896	0.0	0.5825575590133667	0.4501589834690094	0.0	0.0	0.4339667558670044	0.11051112413406372	0.0	0.0	0.47421079874038696	2.3788986206054688	1.5773696899414062	0.25972840189933777	0.8357265591621399	0.0	0.4053855538368225	0.6202905774116516	0.0	0.0	0.0	0.9910123944282532	0.24039492011070251	0.0	0.8036139011383057	0.8587943315505981	0.4285801351070404	0.0	0.27683359384536743	0.34663987159729004	0.0	0.0	1.0078034400939941	0.7523900866508484	1.072675108909607	2.13346266746521	0.0	0.09478261321783066	1.0770624876022339	0.0	0.0	0.46891283988952637	2.318605661392212	1.6564922332763672	0.0	1.3225606679916382	0.0	0.7014135718345642	0.0	0.0	0.0	1.792843222618103	0.4921812415122986	0.0	1.4253110885620117	1.0628061294555664	2.246772050857544
0.0	0.0	0.44157010316848755	0.0	0.021164005622267723	0.0	1.501621127128601	1.0197062492370605	0.0	0.12079403549432755	0.8756809234619141	0.0	0.0	0.4457189440727234	0.0	0.0	0.0	0.6434087157249451	2.435310125350952	1.503353238105774	0.39207392930984497	0.38888442516326904	0.0	0.7961248755455017	0.8161471486091614	0.0	0.0	0.0	0.4020048677921295	0.0	0.0	0.5761498808860779	0.6055681109428406	0.6323017477989197	0.0	0.0	0.19922056794166565	0.0	0.0	1.00177800655365	0.6378907561302185	0.7184228301048279	1.921044111251831	0.0	0.07137084007263184	1.1250100135803223	0.0	0.0	0.6260441541671753	2.449410915374756	1.6622143983840942	0.0	1.4741284847259521	0.0	0.7770148515701294	0.0	0.0	0.0	1.7705429792404175	0.7197490930557251	0.0	1.6619887351989746	0.6200516819953918	2.2800004482269287
0.0	0.0	0.216549351811409	0.0	0.07697337865829468	0.0	1.681424856185913	0.9801420569419861	0.0	0.24687345325946808	0.634853184223175	0.0	0.0	0.5538660883903503	0.0	0.0	0.0	0.5599981546401978	2.400665521621704	1.858115792274475	0.3026578724384308	0.7917823195457458	0.0	0.2806239128112793	0.629024863243103	0.0	0.14266416430473328	0.0	0.8728404641151428	0.3105211555957794	0.0	0.6500976085662842	0.3706459403038025	0.4894675314426422	0.0	0.43561115860939026	0.2841106355190277	0.0	0.0	0.8769253492355347	0.5415492057800293	1.0272216796875	2.0454084873199463	0.0	0.042997848242521286	1.124509572982788	0.0	0.0	0.6183507442474365	2.31262469291687	1.6940933465957642	0.0	1.6576446294784546	0.0	0.6232495903968811	0.0	0.0	0.0	1.6973048448562622	0.5703816413879395	0.0	1.235602617263794	0.6965145468711853	2.393531322479248
0.0	0.0	0.23795472085475922	0.0	0.0	0.0	1.5676425695419312	0.9269304871559143	0.0	0.28669673204421997	0.6102213859558105	0.0	0.0	0.5649846196174622	0.0331476666033268	0.0	0.0	0.5273959040641785	2.3982064723968506	1.7076447010040283	0.27601757645606995	0.7966654300689697	0.0	0.2053428292274475	0.6024629473686218	0.0	0.11057322472333908	0.0	0.8776652812957764	0.25796276330947876	0.0	0.6870542168617249	0.5808665156364441	0.4907228648662567	0.0	0.31576263904571533	0.33323052525520325	0.0	0.0	0.8882185816764832	0.5021671056747437	1.026254415512085	2.0458123683929443	0.0	0.020599795505404472	1.1374515295028687	0.0	0.0	0.6973679065704346	2.2690658569335938	1.6782420873641968	0.0	1.675177812576294	0.0	0.6044170260429382	0.0	0.0	0.0	1.719519853591919	0.4573160707950592	0.0	1.2628782987594604	0.7472223043441772	2.479991912841797
0.0	0.0	0.25408056378364563	0.0	0.0	0.0	1.587479591369629	0.9061203598976135	0.0	0.24311335384845734	0.6404072642326355	0.0	0.0	0.6059916019439697	0.043767549097537994	0.0	0.0	0.5427312850952148	2.4650135040283203	1.7890326976776123	0.32020002603530884	0.8064762353897095	0.0	0.18853063881397247	0.5386866927146912	0.0	0.20661278069019318	0.0	0.8516507148742676	0.23513568937778473	0.0	0.6890155673027039	0.5457290410995483	0.5245610475540161	0.0	0.4241008162498474	0.2736428678035736	0.0	0.0	0.9676566123962402	0.5124927759170532	0.8215046525001526	2.0808706283569336	0.0	0.023916510865092278	1.054911494255066	0.0	0.0	0.5632212162017822	2.209700345993042	1.6513117551803589	0.0	1.7021702527999878	0.0	0.6236934661865234	0.0	0.0	0.0	1.7618790864944458	0.6119664907455444	0.0	1.2510229349136353	0.7863659858703613	2.3919310569763184
0.0	0.0	0.4245471954345703	0.0	0.0	0.0	1.597743034362793	1.0991133451461792	0.0	0.43855324387550354	0.6156343817710876	0.0	0.0	0.20093755424022675	0.03240686655044556	0.0	0.0	0.7884343862533569	2.435195207595825	1.5522308349609375	0.34312599897384644	0.7176434397697449	0.0	0.4266994595527649	0.5251435041427612	0.0	0.2618682086467743	0.0	0.7430688738822937	0.5036677718162537	0.0	0.633055567741394	0.7171303033828735	0.49361616373062134	0.0	0.1758086383342743	0.2911577522754669	0.0	0.0	0.924038290977478	0.920728862285614	1.1054635047912598	1.9779717922210693	0.0	0.019444376230239868	1.131895661354065	0.0	0.0	0.688544511795044	2.3375394344329834	1.6725945472717285	0.0	1.3541812896728516	0.0	0.7958792448043823	0.0	0.0	0.0	1.6646454334259033	0.44851991534233093	0.0	1.2852964401245117	0.786933958530426	2.2180044651031494
0.0	0.0	0.3027445077896118	0.0	0.0	0.0	1.5618960857391357	0.8773218989372253	0.0	0.2871636152267456	0.7098821401596069	0.0	0.0	0.6831755638122559	0.0	0.0	0.0	0.5379003882408142	2.7072837352752686	1.8197654485702515	0.25237107276916504	0.820821225643158	0.0	0.2296144962310791	0.6559141874313354	0.0	0.20301203429698944	0.0	0.881951093673706	0.27414655685424805	0.0	0.749360203742981	0.8208584189414978	0.5342596769332886	0.0	0.33383336663246155	0.3316728174686432	0.0	0.0	0.8544473052024841	0.551729142665863	0.9439768195152283	2.04880952835083	0.0	0.0028763050213456154	1.0965807437896729	0.0	0.0	0.6382983326911926	2.1237242221832275	1.6130346059799194	0.0	1.7627631425857544	0.0	0.6441532969474792	0.0	0.0	0.0	1.7573981285095215	0.667854905128479	0.0	1.3432271480560303	0.9960919618606567	2.251011848449707
0.0	0.0	0.3826832175254822	0.0	0.0	0.0	1.4985063076019287	1.1818422079086304	0.0	0.43759390711784363	0.5339694619178772	0.0	0.0	0.2781515121459961	0.01511124987155199	0.0	0.0	0.6354009509086609	2.4014766216278076	1.530533790588379	0.19378866255283356	0.810805082321167	0.0	0.5247244238853455	0.6315635442733765	0.0	0.0	0.0	0.7580581307411194	0.31926241517066956	0.0	0.7935498356819153	0.5971317887306213	0.45458412170410156	0.0	0.3970164954662323	0.25484341382980347	0.0	0.0	1.1540703773498535	0.805321455001831	1.22682785987854	2.035799503326416	0.0	0.08800419420003891	1.048405408859253	0.0	0.0	0.5649096965789795	2.588238000869751	1.7375963926315308	0.0	1.4451569318771362	0.0	0.6530652046203613	0.0	0.0	0.0	1.6179094314575195	0.46952980756759644	0.0	1.4112765789031982	0.9444259405136108	2.2788991928100586
0.0	0.0	0.16420015692710876	0.0	0.0	0.0	1.3077927827835083	0.9687949419021606	0.12662750482559204	0.6138507723808289	0.3482150733470917	0.0	0.0	0.3633682131767273	0.0	0.0	0.0	0.17513372004032135	2.18115234375	1.596665382385254	0.05068053677678108	0.9450491070747375	0.0	0.6001894474029541	0.5634794235229492	0.0	0.0	0.0	1.1621752977371216	0.0	0.0	0.9949138164520264	0.9330366849899292	0.501602292060852	0.20053228735923767	0.7856330871582031	0.09881807118654251	0.0	0.0	1.3243107795715332	0.6940562725067139	1.2018892765045166	2.181771993637085	0.0	0.24581316113471985	1.1071571111679077	0.0	0.0	0.5177024602890015	2.7513818740844727	1.6828348636627197	0.0	1.2135074138641357	0.0	0.6163119077682495	0.0	0.0	0.038552895188331604	1.8291513919830322	0.550488293170929	0.0	1.513298511505127	1.344179630279541	2.216529607772827
0.0	0.0	0.27132752537727356	0.0	0.0	0.0	1.5269216299057007	1.0512133836746216	0.0	0.4120907485485077	0.46365147829055786	0.0	0.0	0.5686578154563904	0.0	0.0	0.0	0.5460323691368103	2.42334246635437	1.5480374097824097	0.2628931403160095	0.9872980117797852	0.0	0.15614007413387299	0.5312694311141968	0.0	0.2942204773426056	0.0	0.8602735996246338	0.3716690242290497	0.0	0.7282904982566833	0.7292104363441467	0.45799633860588074	0.0	0.24632810056209564	0.3694162964820862	0.0	0.0	0.8881852626800537	0.617041826248169	1.068405032157898	2.0666677951812744	0.0	0.1701096147298813	1.1068731546401978	0.0	0.0	0.4199785590171814	2.1163504123687744	1.6967235803604126	0.0	1.4840996265411377	0.0	0.602262556552887	0.0	0.0	0.0	1.7416667938232422	0.4793701171875	0.0	1.5606269836425781	0.9045280814170837	2.188110589981079
0.0	0.0	0.3421151638031006	0.0	0.0	0.0	1.5498210191726685	0.92200767993927	0.0	0.3385792076587677	0.630548894405365	0.0	0.0	0.67840176820755	0.0	0.0	0.0	0.5060633420944214	2.5102758407592773	1.8553739786148071	0.2620900869369507	0.7740584015846252	0.0	0.21515104174613953	0.6433956623077393	0.0	0.04865667596459389	0.017861180007457733	0.8276398181915283	0.10491660982370377	0.0	0.7106341123580933	0.637690544128418	0.5143583416938782	0.0	0.45360448956489563	0.18772321939468384	0.0	0.0	0.9251592755317688	0.5005611181259155	0.8583210110664368	2.0031557083129883	0.0	0.013587676919996738	1.0150032043457031	0.0	0.0	0.4862346947193146	2.2620646953582764	1.586542010307312	0.0	1.6449158191680908	0.0	0.7007319331169128	0.0	0.0	0.0	1.7277590036392212	0.5313748717308044	0.0	1.4002020359039307	0.7483400106430054	2.3504531383514404
0.0	0.0	0.22641903162002563	0.0	0.0	0.0	1.512776255607605	0.9032871723175049	0.0	0.4912342131137848	0.5654127597808838	0.0	0.0	0.39832985401153564	0.0	0.07555416226387024	0.0	0.47391921281814575	2.311365842819214	1.5836050510406494	0.22740687429904938	0.7518844604492188	0.0	0.48250848054885864	0.7423869967460632	0.1694338470697403	0.0	0.0	0.4643269181251526	0.17207178473472595	0.0	0.9883295297622681	0.7732495665550232	0.6322066783905029	0.0	0.24619945883750916	0.10874868929386139	0.0	0.0	1.2538429498672485	0.4817362427711487	1.2261669635772705	2.115022659301758	0.0	0.14812281727790833	0.9931367039680481	0.0	0.0	0.563270092010498	2.5241622924804688	1.6780822277069092	0.0	1.6985411643981934	0.0	0.8060136437416077	0.0	0.0	0.0	1.7142716646194458	0.9100438952445984	0.0	1.6787724494934082	0.8834593892097473	2.48410964012146
0.0	0.0	0.5111379027366638	0.0	0.0	0.0	1.4634326696395874	0.9678624272346497	0.0	0.1658584326505661	0.7030124068260193	0.0	0.0	0.2648041844367981	0.05014164000749588	0.0	0.0	0.6055781841278076	2.3582732677459717	1.4259778261184692	0.38824912905693054	0.5623108148574829	0.10322528332471848	0.3923671543598175	0.8692471981048584	0.0	0.0	0.0	0.4847260117530823	0.0	0.0	0.7646109461784363	0.7643389105796814	0.7014508247375488	0.0	0.16960254311561584	0.32999613881111145	0.0	0.0	0.9679162502288818	0.6670748591423035	0.9515030384063721	1.9297618865966797	0.0	0.011398952454328537	1.1239094734191895	0.0	0.0	0.6200417876243591	2.2881574630737305	1.7398656606674194	0.0	1.5995174646377563	0.0	0.7978156805038452	0.0	0.0	0.0	1.707942008972168	0.6163289546966553	0.0	1.5638329982757568	0.6622247099876404	2.268491268157959
0.0	0.0	0.28214049339294434	0.0	0.0	0.0	1.3336879014968872	0.6872115731239319	0.0	0.3074541687965393	0.4912138879299164	0.0	0.0	0.4951505959033966	0.0	0.0	0.0	0.5709712505340576	2.3923399448394775	1.5518431663513184	0.3685303330421448	0.8046124577522278	0.0	0.43090710043907166	0.6606878638267517	0.0	0.0	0.0	0.5269757509231567	0.0	0.0	0.8531215786933899	0.802971363067627	0.5764608979225159	0.0	0.2008155733346939	0.39189761877059937	0.0	0.0	1.0168074369430542	0.495351642370224	0.7950012683868408	2.0280346870422363	0.0	0.06640952825546265	1.0632108449935913	0.0	0.0	0.47454437613487244	2.048295736312866	1.6330947875976562	0.0	1.560036540031433	0.0	0.5825586915016174	0.0	0.0	0.0	1.721459150314331	0.5694167613983154	0.0	1.7003899812698364	0.7212324738502502	2.171074628829956
0.0	0.40011534094810486	0.03729888051748276	0.0	0.0	0.0	1.6529839038848877	1.0817357301712036	0.047027625143527985	0.6316723823547363	0.3996383547782898	0.0	0.0	0.5714454054832458	0.0	0.0	0.0	0.24945983290672302	2.3926844596862793	2.214001178741455	0.2271491289138794	1.1122113466262817	0.0	0.0	0.3199595808982849	0.0	0.4904547333717346	0.0	1.0699907541275024	0.588935911655426	0.0	0.8803587555885315	0.41773220896720886	0.4655553102493286	0.4191594421863556	0.8050755858421326	0.12338557094335556	0.0	0.0	1.1944376230239868	0.48770302534103394	1.2628297805786133	1.9292255640029907	0.0	0.10318855196237564	1.0317617654800415	0.0	0.0	0.7989453673362732	2.267348527908325	1.7130277156829834	0.0	1.6088342666625977	0.0	0.5407070517539978	0.0	0.0	0.0	1.7729170322418213	0.4737303555011749	0.10625475645065308	1.017409324645996	1.0722332000732422	2.464883804321289
0.0	0.0	0.3986372649669647	0.0	0.0	0.0	1.654327630996704	1.2132755517959595	0.0	0.2970452308654785	0.5541220903396606	0.0	0.0	0.5248077511787415	0.0	0.0	0.0	0.7013439536094666	2.527989625930786	1.7893579006195068	0.342879980802536	0.6285511255264282	0.0	0.649677574634552	0.6582144498825073	0.0	0.0	0.0	0.7309293746948242	0.45126187801361084	0.0	0.9017360806465149	0.4865856170654297	0.6144376993179321	0.0	0.1619529277086258	0.2613295614719391	0.0	0.12198923528194427	1.1131759881973267	0.6650530099868774	1.0359435081481934	2.103907585144043	0.0	0.18556703627109528	0.9820009469985962	0.0	0.0	0.42964795231819153	2.518073558807373	1.508375644683838	0.0	1.545916199684143	0.0	0.8286402821540833	0.0	0.0	0.0	1.8290785551071167	0.6814479827880859	0.0	1.760742425918579	0.9018501043319702	2.3450639247894287
0.0	0.0	0.2931634485721588	0.0	0.0	0.0	1.4274508953094482	0.702888011932373	0.0	0.35464781522750854	0.6325269937515259	0.0	0.0	0.29608073830604553	0.0	0.0	0.0	0.6371800303459167	2.4007813930511475	1.349593997001648	0.27742159366607666	0.662591814994812	0.0	0.3753592371940613	0.7922345399856567	0.0	0.0	0.0	0.23676815629005432	0.0	0.0	0.6461421847343445	0.6783451437950134	0.5505946278572083	0.0	0.21373961865901947	0.3486996293067932	0.0	0.0	0.7527849078178406	0.6516152024269104	0.732596755027771	1.9042264223098755	0.0	0.0	1.1403453350067139	0.0	0.0	0.589477002620697	2.2850167751312256	1.7719515562057495	0.0	1.6325663328170776	0.0	0.7832387089729309	0.0	0.0	0.0	1.7470009326934814	0.7341060638427734	0.0	1.5808497667312622	0.768957257270813	2.1832082271575928
0.0	0.0	0.2557295858860016	0.0	0.0	0.0	1.6680092811584473	1.1995694637298584	0.0	0.4727426767349243	0.49871528148651123	0.0	0.0	0.39338213205337524	0.11247354000806808	0.0	0.0	0.6998844742774963	2.5407536029815674	1.4519457817077637	0.2631825804710388	0.7033230066299438	0.0	0.35680049657821655	0.5490579009056091	0.0	0.056678399443626404	0.0	0.8259900212287903	0.3042307198047638	0.0	0.5540279150009155	0.832313597202301	0.3295011818408966	0.0	0.0535956546664238	0.32504260540008545	0.0	0.0	1.0310792922973633	0.8163797855377197	1.23842453956604	2.0870440006256104	0.0	0.06573805212974548	1.2199152708053589	0.0	0.0	0.5138309001922607	2.3960118293762207	1.6329431533813477	0.0	1.283996343612671	0.0	0.7919431328773499	0.05515982210636139	0.0	0.0	1.6812992095947266	0.4267980456352234	0.0	1.3821853399276733	0.8324183225631714	2.151214599609375
0.0	0.20299190282821655	0.09743314236402512	0.0	0.0	0.0	1.6953786611557007	0.9372096657752991	0.0	0.45087647438049316	0.5460088849067688	0.0	0.0	0.4882317781448364	0.037133678793907166	0.02415822632610798	0.0	0.4517380893230438	2.4270904064178467	1.8072223663330078	0.2858049273490906	1.0309817790985107	0.0	0.06608585268259048	0.5245295166969299	0.0	0.41010087728500366	0.0	0.9369756579399109	0.48271065950393677	0.0	0.6513738036155701	0.4053264558315277	0.4496898055076599	0.0	0.5976598858833313	0.37246450781822205	0.0	0.0	0.9837599992752075	0.6353928446769714	1.1157100200653076	2.118652582168579	0.0	0.0	1.1226379871368408	0.0	0.0	0.7156930565834045	2.1760334968566895	1.698130488395691	0.0	1.6741020679473877	0.0	0.5846200585365295	0.0	0.0	0.0	1.734889030456543	0.5392293930053711	0.10264741629362106	1.0568110942840576	0.7488440871238708	2.3113677501678467
0.0	0.0	0.43255317211151123	0.0	0.0	0.0	1.6527915000915527	0.861271321773529	0.0	0.323535293340683	0.6298739910125732	0.0	0.0	0.16372182965278625	0.0	0.0	0.0	0.5682552456855774	2.215331792831421	1.5550100803375244	0.4058063328266144	0.7659493088722229	0.4876309633255005	0.5110642910003662	0.6105133891105652	0.0	0.0	0.0	0.6924082636833191	0.00105638790410012	0.0	0.551260232925415	0.6053847670555115	0.5064785480499268	0.0	0.40524822473526	0.27325549721717834	0.0	0.0	0.9857849478721619	0.6424220204353333	0.9582040905952454	2.0545601844787598	0.0	0.0	1.2343425750732422	0.0	0.0	0.6383219957351685	2.3572869300842285	2.007798910140991	0.0	1.3890756368637085	0.0	0.9808670878410339	0.0	0.0	0.0	1.5825631618499756	0.48498260974884033	0.0	1.3722115755081177	0.6196706295013428	2.446455240249634
0.0	0.0	0.38533899188041687	0.0	0.0	0.0	1.473342776298523	1.1715785264968872	0.0	0.3558913469314575	0.6484168171882629	0.0	0.0	0.2848300635814667	0.17798592150211334	0.0	0.0	0.6340446472167969	2.5713629722595215	1.5428897142410278	0.3555757999420166	0.8166396617889404	0.0	0.4665431082248688	0.7101841568946838	0.0	0.0	0.0	0.7784444689750671	0.17531929910182953	0.0	0.576730489730835	0.7087436318397522	0.5043289065361023	0.0	0.31063446402549744	0.29721301794052124	0.0	0.0	1.1375776529312134	0.7495447397232056	1.0606845617294312	2.020448684692383	0.0	0.09309707581996918	1.0683881044387817	0.0	0.0	0.5434966087341309	2.4489290714263916	1.6682897806167603	0.0	1.4864566326141357	0.0	0.8958203792572021	0.01792949251830578	0.0	0.0	1.658868432044983	0.6453597545623779	0.0	1.4520106315612793	0.8484394550323486	2.1673154830932617
0.0	0.0	0.47004950046539307	0.0	0.0	0.0	1.499087929725647	0.9897164106369019	0.0	0.2845340371131897	0.6437510848045349	0.0	0.0	0.5177337527275085	0.0	0.0	0.0	0.5416584610939026	2.4635612964630127	1.5186882019042969	0.1727464497089386	0.5601601004600525	0.0	0.5294354557991028	0.8835947513580322	0.081515833735466	0.0	0.0	0.6140362024307251	0.13202837109565735	0.0	0.8719962239265442	0.5537927150726318	0.6180292963981628	0.0	0.010427967645227909	0.24660880863666534	0.0	0.0	0.9789010882377625	0.3838101625442505	0.9243654012680054	1.8847172260284424	0.0	0.2834912836551666	0.9831458926200867	0.0	0.0	0.41712379455566406	2.5474839210510254	1.5535237789154053	0.0	1.5612584352493286	0.0	0.7541490793228149	0.0	0.0	0.0	1.786893606185913	0.489895224571228	0.0	1.8353878259658813	0.7841542363166809	2.314917802810669
0.0	0.0	0.2737745940685272	0.0	0.0	0.0	1.463118314743042	0.9219297170639038	0.0	0.3363470435142517	0.6609951853752136	0.0	0.0	0.5950120091438293	0.0	0.0	0.0	0.6083076000213623	2.4798336029052734	1.6032650470733643	0.42028889060020447	0.7234987616539001	0.0	0.20097211003303528	0.6282275915145874	0.0	0.0909150019288063	0.0	0.7080724835395813	0.17523226141929626	0.0	0.6014003157615662	0.8288401365280151	0.5028234720230103	0.0	0.150855153799057	0.5271958708763123	0.0	0.0	0.9637296795845032	0.5703715085983276	0.8795018792152405	2.141026735305786	0.0	0.058321721851825714	1.1426969766616821	0.0	0.0	0.47199538350105286	2.1545662879943848	1.560713529586792	0.0	1.6199045181274414	0.0	0.5822950005531311	0.0	0.0	0.0	1.6091634035110474	0.6743189096450806	0.0	1.4037315845489502	0.6018469929695129	2.3375561237335205
0.0	0.0	0.29163917899131775	0.0	0.0	0.0	1.5931850671768188	0.8332070112228394	0.011483335867524147	0.21534700691699982	0.7348046898841858	0.0	0.0	0.6906217932701111	0.1345820277929306	0.0	0.0	0.7695344686508179	2.373922348022461	1.8071991205215454	0.43300101161003113	0.7906444668769836	0.0	0.46499136090278625	0.8258692622184753	0.0	0.0	0.0	0.6787007451057434	0.20392267405986786	0.0	0.6861189603805542	0.6603143811225891	0.6013330817222595	0.0	0.27019885182380676	0.5360434651374817	0.0	0.0	0.9538242816925049	0.6161522269248962	0.8249945640563965	2.11296010017395	0.0	0.0048771388828754425	1.0901979207992554	0.0	0.0	0.6286805272102356	2.5712130069732666	1.6437140703201294	0.0	1.6703492403030396	0.0	0.6786025166511536	0.0	0.0	0.0	1.6117373704910278	0.5841056704521179	0.0	1.3909763097763062	0.6918243169784546	2.3775603771209717
0.0	0.0	0.3945593237876892	0.0	0.0	0.0	1.6131553649902344	0.9966212511062622	0.0	0.2456255555152893	0.6822553873062134	0.0	0.0	0.22589880228042603	0.0	0.0	0.0	0.5810337066650391	2.437466621398926	1.5020689964294434	0.3853698670864105	0.744516909122467	0.0	0.5228498578071594	0.8429067730903625	0.0	0.0	0.0	0.528517484664917	0.047029759734869	0.0	0.6012564301490784	0.5871115922927856	0.4822877049446106	0.0	0.2418367713689804	0.1113341897726059	0.0	0.0	0.834438681602478	0.6809955835342407	0.731260359287262	1.9477264881134033	0.0	0.10604003071784973	1.0552092790603638	0.0	0.0	0.6296290755271912	2.27970027923584	1.7325255870819092	0.0	1.4747365713119507	0.0	0.7770975232124329	0.0	0.0	0.0	1.7195426225662231	0.6115608215332031	0.0	1.470738172531128	0.6929691433906555	2.4123051166534424
0.0	0.0	0.3459455966949463	0.0	0.0	0.0	1.447852611541748	0.8932883143424988	0.0	0.3876984417438507	0.5277250409126282	0.0	0.0	0.3838231861591339	0.0	0.0	0.0	0.5522960424423218	2.449873447418213	1.4721214771270752	0.31791844964027405	0.7739537358283997	0.0	0.4139173626899719	0.6159213781356812	0.0	0.0	0.0	0.759274423122406	0.26737916469573975	0.0	0.737014889717102	0.6787768006324768	0.4703677296638489	0.0	0.4826693832874298	0.3450043201446533	0.0	0.0	0.955652117729187	0.697393536567688	1.0833920240402222	2.0760133266448975	0.0	0.0	1.0429027080535889	0.0	0.0	0.6009384989738464	2.2852563858032227	1.6656972169876099	0.0	1.4701989889144897	0.0	0.7339990735054016	0.0	0.0	0.0	1.7251229286193848	0.5139139890670776	0.0	1.4526922702789307	0.726125180721283	2.22271728515625
0.0	0.0	0.42349082231521606	0.0	0.0	0.0	1.839935541152954	1.1179641485214233	0.0	0.21744215488433838	0.48513302206993103	0.0	0.0	0.4337303638458252	0.0	0.0	0.0	0.7062760591506958	2.3774030208587646	1.6072813272476196	0.4449280798435211	0.6422249674797058	0.021068140864372253	0.4003106355667114	0.6288790702819824	0.0	0.0	0.0	0.6629446148872375	0.4029538631439209	0.0	0.7918620109558105	0.4633394479751587	0.5779620409011841	0.0	0.3639904856681824	0.2593902051448822	0.0	0.0	0.8793734908103943	0.7741860747337341	0.8624330163002014	2.009824275970459	0.0	0.0	1.2017813920974731	0.0	0.0	0.7135022878646851	2.339188814163208	1.7371622323989868	0.0	1.5721237659454346	0.0	0.7640515565872192	0.0	0.0	0.0	1.8069593906402588	0.6597775816917419	0.0	1.4987975358963013	0.6663752198219299	2.4810850620269775
0.0	0.0	0.45044246315956116	0.0	0.0	0.0	1.7378365993499756	1.0296969413757324	0.0	0.36085018515586853	0.6019498109817505	0.0	0.0	0.45465582609176636	0.0	0.0	0.0	0.5653663873672485	2.6555001735687256	1.6440106630325317	0.2989085912704468	0.6950910091400146	0.0	0.4099782705307007	0.6379472613334656	0.0	0.0	0.0	0.8044158816337585	0.2843962013721466	0.0	0.7905939221382141	0.7679252624511719	0.5603097081184387	0.0	0.11218592524528503	0.38295671343803406	0.0	0.0	0.9349537491798401	0.6097638607025146	1.0522737503051758	1.9764063358306885	0.0	0.10402492433786392	1.0897467136383057	0.0	0.0	0.5189564228057861	2.359419345855713	1.5642726421356201	0.0	1.5836437940597534	0.0	0.7795573472976685	0.0	0.0	0.0	1.7206026315689087	0.5779092907905579	0.0	1.823128581047058	0.7510588765144348	2.5164175033569336
0.0	0.004558089654892683	0.2583436965942383	0.0	0.0	0.0	1.5895146131515503	1.0982755422592163	0.0	0.42854365706443787	0.5324497818946838	0.0	0.0	0.6227385401725769	0.16641293466091156	0.02961776778101921	0.0	0.5724188089370728	2.6199734210968018	1.667029619216919	0.33486098051071167	0.8993029594421387	0.013442959636449814	0.0	0.27348682284355164	0.0	0.4552621841430664	0.0	0.9813613295555115	0.5496684312820435	0.0	0.6372196674346924	0.663748025894165	0.3963477611541748	0.0	0.1981973946094513	0.43639427423477173	0.0	0.0	0.8618003726005554	0.5033183693885803	1.1955687999725342	2.0844650268554688	0.0	0.1307690590620041	1.0732249021530151	0.0	0.0	0.5399534106254578	1.7168495655059814	1.6073551177978516	0.0	1.6238784790039062	0.0	0.54286128282547	0.0	0.0	0.0	1.8168878555297852	0.4458397328853607	0.0	1.108689546585083	0.9018914103507996	2.298302173614502
0.0	0.0	0.26604828238487244	0.0	0.0	0.0	1.62978994846344	1.0075771808624268	0.0	0.41041943430900574	0.47120314836502075	0.0	0.0	0.5987787842750549	0.1815098524093628	0.0	0.0	0.6602450609207153	2.453817367553711	1.521368384361267	0.2941179871559143	0.9105899930000305	0.0	0.15615229308605194	0.42747583985328674	0.0	0.29245585203170776	0.0	0.8549767136573792	0.39421287178993225	0.0	0.5494025349617004	0.6181117296218872	0.5214322209358215	0.0	0.342089980840683	0.4184229075908661	0.0	0.0	0.8363170623779297	0.6661537289619446	1.3388007879257202	2.104825019836426	0.0	0.016755031421780586	1.1665632724761963	0.0	0.0	0.6584151387214661	2.0880908966064453	1.8215386867523193	0.0	1.4556466341018677	0.0	0.6629528403282166	0.0	0.0	0.0	1.7003955841064453	0.43506383895874023	0.0	1.1576950550079346	0.9069231748580933	2.334048271179199
0.0	0.0	0.5060233473777771	0.0	0.0	0.0	1.602845311164856	0.9659476280212402	0.0	0.562362551689148	0.4704366624355316	0.0	0.0	0.4654120206832886	0.03639307618141174	0.0	0.0	0.6034979224205017	2.416804075241089	1.5649964809417725	0.5720717310905457	0.4256553053855896	0.0	0.42525798082351685	0.7401383519172668	0.0	0.0	0.0	0.6609887480735779	0.08474014699459076	0.0	0.5778747797012329	0.9528800845146179	0.5440481901168823	0.0	0.0	0.45295384526252747	0.0	0.0	0.9098732471466064	0.6907787322998047	1.2995660305023193	2.144472122192383	0.0	0.08042643964290619	1.136607050895691	0.0	0.0	0.4726901054382324	2.4691975116729736	1.4859278202056885	0.0	1.2824172973632812	0.0	0.7809693813323975	0.0	0.0	0.0	1.6875380277633667	0.6718940138816833	0.0	1.6120766401290894	0.713711678981781	2.19970965385437
0.0	0.0	0.520725429058075	0.0	0.0	0.0	1.6329435110092163	1.042348861694336	0.0	0.23005467653274536	0.675842821598053	0.0	0.0	0.34145137667655945	0.0	0.0	0.0	0.5368141531944275	2.522707462310791	1.645849347114563	0.29355427622795105	0.5260527729988098	0.0	0.5496740341186523	0.894212007522583	0.0	0.0	0.0	0.5629464387893677	0.20394432544708252	0.0	0.8510182499885559	0.4112590551376343	0.5510540008544922	0.0	0.12920761108398438	0.18903198838233948	0.0	0.0	0.8824654221534729	0.6381810903549194	0.8935307264328003	2.0114693641662598	0.0	0.11046913266181946	1.0720973014831543	0.0	0.0	0.5114594101905823	2.493988037109375	1.66749906539917	0.0	1.5117067098617554	0.0	0.79350346326828	0.0	0.0	0.0	1.8141975402832031	0.7922003865242004	0.0	1.4956116676330566	0.6320316195487976	2.3516523838043213
0.0	0.0	0.2115379124879837	0.0	0.0	0.0	1.328199028968811	1.0127325057983398	0.0	0.5455189943313599	0.4319343566894531	0.0	0.0	0.514153778553009	0.0	0.14345791935920715	0.0	0.4651048481464386	2.4533724784851074	1.581620216369629	0.264659583568573	0.7759180665016174	0.0	0.2564021050930023	0.5492611527442932	0.0	0.0	0.0	0.8774677515029907	0.20302650332450867	0.0	0.7488702535629272	0.8576178550720215	0.41160181164741516	0.0	0.11356014013290405	0.3893713653087616	0.0	0.0	1.0381823778152466	0.732136070728302	1.079818844795227	2.144916296005249	0.0	0.06145404651761055	1.0901761054992676	0.0	0.0	0.5052831172943115	1.9324851036071777	1.648378610610962	0.0	1.4279890060424805	0.0	0.6360522508621216	0.0	0.0	0.0	1.7714686393737793	0.49987608194351196	0.0	1.5035841464996338	1.0413329601287842	2.0654842853546143
0.0	0.0	0.33641692996025085	0.0	0.0	0.0	1.6642611026763916	0.8949756622314453	0.0	0.2255329191684723	0.7187352180480957	0.0	0.0	0.5997960567474365	0.031433556228876114	0.0	0.0	0.8122121691703796	2.46665096282959	1.56507408618927	0.5386802554130554	0.6164907813072205	0.0	0.10418542474508286	0.4901486039161682	0.0	0.09799382090568542	0.0	0.7578572630882263	0.3426709771156311	0.0	0.49407780170440674	0.6612787842750549	0.5502266883850098	0.0	0.0	0.4090893864631653	0.0	0.0	0.7759132385253906	0.6651580333709717	1.0101968050003052	2.1010961532592773	0.0	0.06586330384016037	1.1637351512908936	0.0	0.0	0.5648906230926514	2.0205724239349365	1.5497725009918213	0.0	1.5775009393692017	0.0	0.5739200711250305	0.0	0.0	0.0	1.614559531211853	0.6359412670135498	0.0	1.329897403717041	0.5008082389831543	2.28613543510437
0.0	0.0	0.46750396490097046	0.0	0.0	0.0	1.4687917232513428	0.9515754580497742	0.0	0.25724709033966064	0.6193288564682007	0.0	0.0	0.3319224715232849	0.010715028271079063	0.0	0.0	0.5463646054267883	2.45761775970459	1.6708828210830688	0.29991036653518677	0.7382364273071289	0.0	0.5831882953643799	0.8438547253608704	0.0	0.0	0.0	0.6141963601112366	0.001626448123715818	0.0	0.7483116388320923	0.5360082387924194	0.6317722797393799	0.0	0.2884904742240906	0.24409949779510498	0.0	0.0	0.9484211206436157	0.5680952668190002	0.8003342747688293	1.9150997400283813	0.0	0.1254640817642212	1.1136834621429443	0.0	0.0	0.5257584452629089	2.5687105655670166	1.5824278593063354	0.0	1.5337440967559814	0.0	0.7592851519584656	0.0	0.0	0.0	1.66351318359375	0.6346150040626526	0.0	1.5585168600082397	0.6877129673957825	2.4923365116119385
0.0	0.04761296510696411	0.06264843046665192	0.0	0.0	0.0	1.4372268915176392	0.9694665670394897	0.0	0.7468578219413757	0.346421480178833	0.0	0.0	0.7647972106933594	0.1784011721611023	0.0	0.0	0.4996476471424103	2.5058441162109375	1.5665297508239746	0.16654492914676666	0.998965859413147	0.0	0.0	0.4341205954551697	0.0	0.3714558780193329	0.0	1.114168643951416	0.4059722423553467	0.0	0.8638224601745605	1.0730434656143188	0.3683468699455261	0.0	0.28583917021751404	0.5595921277999878	0.0	0.0	1.1547428369522095	0.5707359313964844	1.2482770681381226	2.092163324356079	0.0	0.17340844869613647	1.0262049436569214	0.0	0.0	0.35096654295921326	1.2951147556304932	1.3475974798202515	0.0	1.456141471862793	0.0	0.6560035347938538	0.0	0.0	0.0	1.8565621376037598	0.5028895735740662	0.0	1.2113128900527954	1.1618362665176392	2.2095704078674316
0.0	0.0	0.4312252402305603	0.0	0.0	0.0	1.7757987976074219	0.867896318435669	0.03171020746231079	0.24230420589447021	0.7477782368659973	0.0	0.0	0.5893080830574036	0.025427501648664474	0.0	0.0	0.5556702017784119	2.4351158142089844	1.6871815919876099	0.4046502709388733	0.7433564066886902	0.0	0.31729137897491455	0.5302867889404297	0.12534116208553314	0.16274619102478027	0.0	0.8021380305290222	0.23530080914497375	0.0	0.6027020812034607	0.46679428219795227	0.5224984884262085	0.0	0.4027750790119171	0.37790119647979736	0.0	0.0	0.9303112030029297	0.6904293298721313	0.86448734998703	1.9800474643707275	0.0	0.0	1.0786023139953613	0.0	0.0	0.7283214330673218	2.4617888927459717	1.736690878868103	0.0	1.6743611097335815	0.0	0.5699923038482666	0.0	0.0	0.0	1.6319960355758667	0.6133394241333008	0.0	1.142689824104309	0.7347615957260132	2.322070837020874
0.0	0.0	0.30768197774887085	0.05257345363497734	0.0	0.0	1.5223995447158813	0.7478033900260925	0.0	0.18005739152431488	0.8239264488220215	0.0	0.0	0.10198529809713364	0.0	0.0	0.0	0.6597468256950378	2.430940866470337	1.4528688192367554	0.485324889421463	0.5325334668159485	0.0	0.5760498642921448	0.9468443393707275	0.0	0.0	0.0	0.3509247601032257	0.0	0.0	0.5143167972564697	0.24342750012874603	0.5293875336647034	0.0	0.29281923174858093	0.15579886734485626	0.0	0.0	0.9479897022247314	0.7836436033248901	0.7664413452148438	1.9666664600372314	0.0	0.0	1.1254154443740845	0.0	0.0	0.8225629925727844	2.6931605339050293	1.8336302042007446	0.05483092740178108	1.4306128025054932	0.0	0.8534095883369446	0.0	0.0	0.0	1.558014988899231	0.7510621547698975	0.0	1.3345353603363037	0.7554214596748352	2.1714048385620117
0.0	0.0	0.3396488130092621	0.0	0.0	0.0	1.3928178548812866	0.9118270874023438	0.0	0.40236300230026245	0.38006776571273804	0.0	0.0	0.7082887291908264	0.0	0.009378391318023205	0.0	0.3302951455116272	2.466987133026123	1.6817470788955688	0.22652667760849	0.8027195930480957	0.0	0.22138378024101257	0.5723965167999268	0.0	0.11326776444911957	0.0	0.7386904954910278	0.18603423237800598	0.0	0.7712579965591431	0.8332164883613586	0.5180234313011169	0.0	0.24986976385116577	0.38244980573654175	0.0	0.0	0.970234751701355	0.4964136481285095	0.9520485401153564	2.0962777137756348	0.0	0.2439272403717041	0.982538640499115	0.0	0.0	0.375911146402359	2.1476640701293945	1.580364465713501	0.0	1.850449800491333	0.0	0.47293806076049805	0.0	0.0	0.0	1.76966392993927	0.6807913780212402	0.0	1.6364717483520508	0.9121851325035095	2.1860833168029785
0.15485544502735138	0.0	0.028139501810073853	0.0	0.0	0.0	1.3172705173492432	0.9775006771087646	0.0	0.6911214590072632	0.2550511956214905	0.0	0.0	0.51328444480896	0.0	0.0	0.0	0.3204067349433899	2.33082914352417	1.9398921728134155	0.5854665637016296	0.8881656527519226	0.0	0.303295761346817	0.803547203540802	0.0	0.005447288975119591	0.0	1.0821796655654907	0.1566309928894043	0.0	0.9461711049079895	0.9319393038749695	0.4448714554309845	0.0	0.5339916944503784	0.5372428297996521	0.0	0.0	1.24872624874115	0.599428117275238	1.3913713693618774	2.320396661758423	0.0	0.1626293957233429	1.1565052270889282	0.0	0.0	0.3659321069717407	2.4053521156311035	1.5274040699005127	0.0	1.379928708076477	0.0	0.6207101941108704	0.0	0.0	0.0	1.733033537864685	0.8094468712806702	0.0	1.320622444152832	1.034614086151123	2.319516897201538
0.0	0.0	0.5146476626396179	0.0	0.0	0.0	1.6262935400009155	0.979175329208374	0.0	0.17562875151634216	0.723458468914032	0.0	0.0	0.20719188451766968	0.04935167729854584	0.0	0.0	0.5123317837715149	2.322155714035034	1.445214867591858	0.27002790570259094	0.5665345788002014	0.0	0.5954018831253052	1.0157997608184814	0.025488032028079033	0.0	0.0	0.42166298627853394	0.0056177768856287	0.0	0.6429991126060486	0.4395763874053955	0.6478272676467896	0.0	0.01032225415110588	0.20847804844379425	0.0	0.0	0.8311535120010376	0.58167564868927	0.8025346398353577	1.9292906522750854	0.0	0.1164068952202797	1.2696629762649536	0.0	0.0	0.5724073052406311	2.5798721313476562	1.6896414756774902	0.0	1.6101657152175903	0.0	0.9215003848075867	0.0	0.0	0.0	1.7432198524475098	0.6769677400588989	0.0	1.676322340965271	0.6447436809539795	2.3154897689819336
0.0	0.019689714536070824	0.12207265198230743	0.0	0.0	0.0	1.5007401704788208	1.0854730606079102	0.13501717150211334	0.5064863562583923	0.5324460864067078	0.0	0.0	0.5196231603622437	0.0	0.0	0.0	0.3961927890777588	2.336763381958008	1.8152121305465698	0.3588721454143524	1.0059587955474854	0.0	0.1355753093957901	0.4284627139568329	0.0	0.23941044509410858	0.0	0.7889589071273804	0.498796284198761	0.0	0.7015947699546814	0.5901157855987549	0.4656463861465454	0.0	0.6430367231369019	0.09336467832326889	0.0	0.0	1.0490472316741943	0.5551803112030029	1.1356278657913208	2.1089959144592285	0.0	0.0813240334391594	0.954584002494812	0.0	0.0	0.8168769478797913	2.4323670864105225	1.6600736379623413	0.0	1.6687442064285278	0.0	0.48216018080711365	0.0	0.0	0.0	1.6618995666503906	0.7104172110557556	0.0	1.096449613571167	1.012580394744873	2.4747886657714844
0.0	0.1763685792684555	0.06451354175806046	0.0	0.0	0.0	1.5755391120910645	0.8392185568809509	0.07633419334888458	0.5888992547988892	0.5016138553619385	0.0	0.0	0.5469179153442383	0.06372067332267761	0.0	0.0	0.7160981893539429	2.5509748458862305	2.0376813411712646	0.48541373014450073	1.1753342151641846	0.0	0.12213592976331711	0.5746744871139526	0.0	0.511829674243927	0.0	1.1059705018997192	0.2991757094860077	0.0	0.7419209480285645	0.1546229124069214	0.5497053265571594	0.011953881941735744	0.7557263970375061	0.3527277410030365	0.0	0.0	1.049370288848877	0.6837544441223145	1.106031060218811	2.002448320388794	0.0	0.0	1.0270277261734009	0.0	0.0	0.6063726544380188	2.172168254852295	1.74586021900177	0.0	1.788049340248108	0.0	0.5740500688552856	0.0	0.0	0.0	1.6987234354019165	0.7304661870002747	0.0	1.0001699924468994	0.9340588450431824	2.3669564723968506
0.0	0.0	0.46120601892471313	0.0	0.0	0.0	1.6284126043319702	1.1534113883972168	0.0	0.23885835707187653	0.7095861434936523	0.0	0.0	0.313009113073349	0.0	0.07361520826816559	0.0	0.6215434074401855	2.1728298664093018	1.4723589420318604	0.4087478816509247	0.5582681894302368	0.0	0.7143517136573792	0.3899304270744324	0.0	0.1438681185245514	0.0	0.8119679093360901	0.22150294482707977	0.0	0.6068198084831238	0.8184266686439514	0.5286201238632202	0.0	0.13714347779750824	0.3954324424266815	0.0	0.0	0.8753033876419067	0.8553429245948792	1.1815663576126099	2.092350959777832	0.0	0.0	1.2779380083084106	0.0	0.0	0.7425884008407593	2.351484775543213	1.844648003578186	0.0	1.4451335668563843	0.0	0.8990350961685181	0.06592024862766266	0.0	0.0	1.615112543106079	0.4862331748008728	0.0	1.47975492477417	0.6990028619766235	2.5309972763061523
0.0	0.0	0.3278273046016693	0.0	0.0	0.0	1.6268476247787476	1.042531132698059	0.0	0.27849727869033813	0.7372956275939941	0.0	0.0	0.6148841381072998	0.004390964284539223	0.0	0.0	0.7967574596405029	2.3652589321136475	1.5074793100357056	0.6202512383460999	0.7025389671325684	0.0	0.023119693621993065	0.5042381882667542	0.0	0.14538978040218353	0.0	0.7873651385307312	0.3565797507762909	0.0	0.4966549575328827	0.8027040362358093	0.47861921787261963	0.0	0.0	0.4291987717151642	0.0	0.0	1.0007990598678589	0.7745484113693237	0.9580202102661133	2.01910138130188	0.0	0.02738136053085327	1.1496777534484863	0.0	0.0	0.5309112071990967	1.7895761728286743	1.6554996967315674	0.0	1.4196290969848633	0.0	0.6106081008911133	0.0	0.0	0.0	1.697646975517273	0.6534048914909363	0.0	1.1647067070007324	0.7222113013267517	2.4362080097198486
0.0	0.0	0.29674968123435974	0.0	0.0	0.0	1.7020479440689087	0.8469341397285461	0.0	0.3380124270915985	0.6467589735984802	0.0	0.0	0.5851660966873169	0.1578661948442459	0.0	0.0	0.61798495054245	2.5267179012298584	1.6900361776351929	0.4736284017562866	0.6895171999931335	0.21767902374267578	0.2805452346801758	0.6918568015098572	0.0	0.19956184923648834	0.0	0.6930505633354187	0.17850066721439362	0.0	0.5157602429389954	0.5749810934066772	0.3933965563774109	0.0	0.2813655734062195	0.47337207198143005	0.0	0.0	0.9895726442337036	0.5036120414733887	0.9473707675933838	2.1708991527557373	0.0	0.06882642954587936	1.1251225471496582	0.0	0.0	0.620434582233429	2.3058018684387207	1.6711474657058716	0.0	1.7940787076950073	0.0	0.614699125289917	0.0	0.0	0.0	1.599677562713623	0.6035695672035217	0.0	1.2915821075439453	0.7896632552146912	2.312042713165283
0.0	0.0	0.12323351949453354	0.0	0.0	0.0	1.5805777311325073	0.7757519483566284	0.0	0.510717511177063	0.529309093952179	0.0	0.0	0.46866393089294434	0.04106553643941879	0.0	0.0	0.4867907762527466	2.408515691757202	1.8158925771713257	0.3972510099411011	1.0286823511123657	0.0	0.2975374460220337	0.4571017026901245	0.0	0.39274996519088745	0.0	0.9626548886299133	0.2220994234085083	0.0	0.5669738054275513	0.6451665759086609	0.40014100074768066	0.0	0.6093918681144714	0.21662770211696625	0.0	0.0	0.8909000158309937	0.6102361679077148	0.7617033123970032	2.0959486961364746	0.0	0.024684952571988106	1.1673986911773682	0.0	0.0	0.5912995338439941	2.2150461673736572	1.7318317890167236	0.0	1.5603392124176025	0.0	0.6009282469749451	0.0	0.0	0.0	1.7173213958740234	0.6747629046440125	0.0	1.1824220418930054	0.7734107375144958	2.2628092765808105
0.0	0.0	0.3264996409416199	0.0	0.0	0.0	1.5889338254928589	0.9814637303352356	0.0	0.35945141315460205	0.7084496021270752	0.0	0.0	0.40785202383995056	0.006942280102521181	0.0	0.0	0.6305249929428101	2.485553026199341	1.6301512718200684	0.3240591883659363	0.5893275141716003	0.0	0.4529520869255066	0.6785886287689209	0.0	0.0	0.0	0.6198996901512146	0.0	0.0	0.5694398880004883	0.576612651348114	0.6628894805908203	0.0	0.07082869112491608	0.39875513315200806	0.0	0.0	0.9216943383216858	0.7363152503967285	0.9170953035354614	2.103576898574829	0.0	0.15342476963996887	1.0419455766677856	0.0	0.0	0.5091383457183838	2.4220454692840576	1.5675711631774902	0.0	1.4677674770355225	0.0	0.8081240653991699	0.0	0.0	0.0	1.7905943393707275	0.579742431640625	0.0	1.6719087362289429	0.6365518569946289	2.132413387298584
0.0	0.0	0.2795112729072571	0.0	0.0	0.0	1.5450782775878906	0.8130396604537964	0.0	0.29400837421417236	0.6280567049980164	0.0	0.0	0.5727844834327698	0.0018804902210831642	0.07514163106679916	0.0	0.4603832960128784	2.534480571746826	1.8117539882659912	0.2172347754240036	0.7791103720664978	0.0	0.37271514534950256	0.7642046809196472	0.10067136585712433	0.009355509653687477	0.0	0.622248113155365	0.12731540203094482	0.0	0.7575081586837769	0.7313899993896484	0.6202276349067688	0.0	0.5369831323623657	0.2912951707839966	0.0	0.0	0.9556133151054382	0.40218883752822876	1.0470805168151855	1.9781607389450073	0.0	0.0	1.1009466648101807	0.0	0.0	0.5141083598136902	2.3306121826171875	1.6638073921203613	0.0	1.7773096561431885	0.0	0.6338611841201782	0.0	0.0	0.0	1.67777419090271	0.8068704009056091	0.0	1.3685779571533203	0.7393342852592468	2.4451804161071777
0.0	0.0	0.34826207160949707	0.0	0.0	0.0	1.350426197052002	1.079006552696228	0.0	0.5685827136039734	0.40078455209732056	0.0	0.0	0.5503469705581665	0.0	0.0	0.0	0.35857605934143066	2.403447389602661	1.526209831237793	0.2690551280975342	0.5813730359077454	0.0	0.33914467692375183	0.6078459620475769	0.0	0.0	0.0	0.6031349301338196	0.0	0.0	0.8293359875679016	0.8972491025924683	0.5149912238121033	0.0	0.0	0.36535799503326416	0.0	0.0	1.1039875745773315	0.6428759098052979	1.119347095489502	2.1735801696777344	0.0	0.05874866247177124	0.9858769178390503	0.0	0.0	0.4002240002155304	2.1018874645233154	1.5448038578033447	0.0	1.290560245513916	0.0	0.7732694745063782	0.0	0.0	0.0	1.7622506618499756	0.5976348519325256	0.0	1.7544792890548706	0.9400457739830017	2.168792724609375
0.0	0.0	0.19259142875671387	0.0	0.0	0.0	1.2144776582717896	0.8476505875587463	0.03874213993549347	0.5083321928977966	0.3225993514060974	0.0	0.0	0.6663216352462769	0.04589511454105377	0.0	0.06023741140961647	0.31974074244499207	2.2416164875030518	1.7139992713928223	0.24918992817401886	0.910447895526886	0.0	0.4417656362056732	0.8272985219955444	0.0	0.0	0.0	0.8347878456115723	0.21533487737178802	0.0	1.0822865962982178	0.858833909034729	0.5531381964683533	0.0	0.5585625171661377	0.3202871084213257	0.0	0.0	1.3118438720703125	0.5656924247741699	1.0591027736663818	2.439089059829712	0.0	0.31443026661872864	1.0191359519958496	0.0	0.0	0.3647352159023285	2.3883516788482666	1.321661114692688	0.0	1.7561733722686768	0.0	0.7013087272644043	0.0	0.0	0.0	1.7736985683441162	0.6908748149871826	0.0	1.7799129486083984	1.025991678237915	2.220160961151123
0.0	0.0	0.41450420022010803	0.0	0.0	0.0	1.7029681205749512	1.0645241737365723	0.0	0.41773465275764465	0.6098300814628601	0.0	0.0	0.32669129967689514	0.0	0.0	0.0	0.6709166765213013	2.3243298530578613	1.6674269437789917	0.36236053705215454	0.6830907464027405	0.0	0.35894903540611267	0.6756784319877625	0.0	0.0	0.0	0.7888327836990356	0.1900513917207718	0.0	0.7852984070777893	0.6486974954605103	0.4947006106376648	0.16637299954891205	0.37073275446891785	0.21207454800605774	0.0	0.0	1.012715220451355	0.7340335249900818	0.9787308573722839	2.0164167881011963	0.0	0.02198689803481102	1.0934650897979736	0.0	0.0	0.6677419543266296	2.291262149810791	1.6652048826217651	0.0	1.4592986106872559	0.0	0.8240346908569336	0.0	0.0	0.0	1.7702984809875488	0.7607661485671997	0.0	1.3608756065368652	0.7297973036766052	2.4605538845062256
0.0	0.11098763346672058	0.1812475472688675	0.0	0.0	0.0	1.648004412651062	1.0349843502044678	0.0	0.35228556394577026	0.6250548362731934	0.0	0.0	0.43364909291267395	0.02407354675233364	0.0	0.0	0.7352445721626282	2.5738067626953125	1.8697296380996704	0.5318751931190491	0.9277064204216003	0.0	0.0	0.43571701645851135	0.0	0.3299795985221863	0.0	1.046345829963684	0.5103784203529358	0.0	0.7896554470062256	0.4511267840862274	0.5056390762329102	0.0	0.44626936316490173	0.26079878211021423	0.0	0.0	0.9774202704429626	0.5754164457321167	0.9356820583343506	2.088411331176758	0.0	0.03406399488449097	1.1147290468215942	0.0	0.0	0.5191478729248047	1.9761732816696167	1.5908960103988647	0.0	1.7508624792099	0.0	0.5413888692855835	0.0	0.0	0.0	1.7280009984970093	0.6032664179801941	0.0	1.0601636171340942	0.7702134251594543	2.317584276199341
0.0	0.0	0.37634873390197754	0.0	0.0	0.0	1.5000288486480713	0.9964435696601868	0.0	0.37221136689186096	0.48353299498558044	0.0	0.0	0.36832141876220703	0.0	0.0	0.0	0.39631351828575134	2.390366315841675	1.501481056213379	0.27336958050727844	0.6269306540489197	0.0	0.51569664478302	0.675030529499054	0.0	0.0	0.0	0.6292352676391602	0.09658075869083405	0.0	0.6427081823348999	0.5465460419654846	0.5360748767852783	0.0	0.1747460812330246	0.29773369431495667	0.0	0.0	0.9228786826133728	0.6424626111984253	0.9532909393310547	1.9732897281646729	0.0	0.0837385505437851	1.0651845932006836	0.0	0.0	0.5651732683181763	2.3439087867736816	1.8021498918533325	0.0	1.5549311637878418	0.0	0.8277704119682312	0.0	0.0	0.0	1.7758891582489014	0.5604841113090515	0.0	1.4997771978378296	0.9124701619148254	2.27514386177063
0.0	0.0	0.486164391040802	0.0	0.0	0.0	1.6435225009918213	0.9969204068183899	0.0	0.29697516560554504	0.6196780204772949	0.0	0.0	0.2895154654979706	0.0	0.0	0.0	0.6217575669288635	2.3772318363189697	1.5748263597488403	0.37873104214668274	0.6735994219779968	0.0	0.3640834391117096	0.6400325298309326	0.0	0.0	0.0	0.5072714686393738	0.24889008700847626	0.0	0.6916613578796387	0.616229772567749	0.49772730469703674	0.0	0.1682944893836975	0.2546097934246063	0.0	0.0	0.7420704364776611	0.7512237429618835	0.8497253656387329	1.9697678089141846	0.0	0.0	1.1322895288467407	0.0	0.0	0.5410455465316772	2.1279752254486084	1.7187186479568481	0.0	1.4579637050628662	0.0	0.8396841883659363	0.0	0.0	0.0	1.7094430923461914	0.6608202457427979	0.0	1.4496029615402222	0.5544947385787964	2.3165793418884277
0.0	0.19359174370765686	0.13197097182273865	0.0	0.0	0.0	1.7871501445770264	0.9061128497123718	0.07362733036279678	0.34816399216651917	0.6744624376296997	0.0	0.0	0.5728119015693665	0.0	0.0	0.0	0.4998791813850403	2.464240312576294	2.08379864692688	0.357124924659729	1.0416587591171265	0.0	0.20348834991455078	0.43044528365135193	0.0	0.3462556004524231	0.0	1.0423917770385742	0.5090696811676025	0.0	0.713483452796936	0.1812361627817154	0.34375807642936707	0.0	0.7786287069320679	0.1985086053609848	0.0	0.0	0.9706903696060181	0.5401517748832703	1.0135236978530884	2.056838274002075	0.0	0.05188892409205437	1.0735360383987427	0.0	0.0	0.6896436214447021	2.088487386703491	1.746789813041687	0.0	1.601050853729248	0.0	0.5355094075202942	0.0	0.0	0.0	1.6755118370056152	0.7392711043357849	0.009715785272419453	0.8127700090408325	0.9151976108551025	2.1770472526550293
0.0	0.0	0.44586798548698425	0.0	0.018661225214600563	0.0	1.524584174156189	1.0953607559204102	0.0	0.3495275378227234	0.6070623993873596	0.0	0.0	0.43857795000076294	0.09794708341360092	0.0	0.0	0.7762319445610046	2.4576730728149414	1.4938713312149048	0.39870932698249817	0.552017331123352	0.019645201042294502	0.3584236800670624	0.728528618812561	0.0	0.0	0.0	0.6900255680084229	0.15151874721050262	0.0	0.6288219690322876	0.6958282589912415	0.512369692325592	0.0	0.13784396648406982	0.4051135182380676	0.0	0.0	0.882662832736969	0.7884284853935242	1.1161620616912842	2.0861947536468506	0.0	0.07454534620046616	1.1546971797943115	0.0	0.0	0.5383417010307312	2.4194657802581787	1.6163735389709473	0.0	1.4156345129013062	0.0	0.8351086378097534	0.0	0.0	0.0	1.7821729183197021	0.42515280842781067	0.0	1.4103718996047974	0.7012297511100769	2.2331502437591553
0.0	0.0	0.40400615334510803	0.0	0.037178874015808105	0.0	1.6805541515350342	1.0875390768051147	0.0	0.3479415476322174	0.540238082408905	0.0	0.0	0.5141918063163757	0.008368268609046936	0.0	0.11484254151582718	0.654758870601654	2.486569881439209	1.6218844652175903	0.35448211431503296	0.6736930012702942	0.009340284392237663	0.2947111129760742	0.7661359906196594	0.0	0.0	0.0	0.6702329516410828	0.08576657623052597	0.0	0.81653892993927	0.6888245940208435	0.6465789079666138	0.0	0.4695599377155304	0.4422714412212372	0.0	0.0	1.0993515253067017	0.7161966562271118	1.0952723026275635	2.3064029216766357	0.0	0.2495802640914917	1.0279285907745361	0.0	0.0	0.3411697745323181	2.1763179302215576	1.476395606994629	0.0	1.5117138624191284	0.0	0.6428372263908386	0.0	0.0	0.0	1.7945702075958252	0.7116377949714661	0.0	1.824842095375061	0.5998055934906006	2.237785816192627
0.0	0.0	0.4754340946674347	0.0	0.0	0.0	1.6438976526260376	1.0746493339538574	0.0	0.24644961953163147	0.646613359451294	0.0	0.0	0.35616743564605713	0.0	0.0	0.0	0.7059510946273804	2.4508309364318848	1.5846190452575684	0.36705291271209717	0.5167394876480103	0.0	0.38272660970687866	0.8247940540313721	0.0	0.0	0.0	0.4472837746143341	0.05422826483845711	0.0	0.7515383958816528	0.6422402262687683	0.5873568654060364	0.0	0.04148343950510025	0.2458193153142929	0.0	0.0	0.8649047017097473	0.6867986917495728	0.892332136631012	1.9566446542739868	0.0	0.0758105143904686	1.097843885421753	0.0	0.0	0.5982465744018555	2.2032041549682617	1.6765209436416626	0.0	1.5481047630310059	0.0	0.8689854741096497	0.0	0.0	0.0	1.826951503753662	0.6108750700950623	0.0	1.570872187614441	0.5992520451545715	2.4818129539489746
0.0	0.0	0.322482168674469	0.0	0.0	0.0	1.547115683555603	0.8319780826568604	0.0	0.21552380919456482	0.570421040058136	0.0	0.0	0.33020734786987305	0.0	0.0	0.0	0.45634034276008606	2.4478230476379395	1.7239859104156494	0.1984407901763916	0.5860736966133118	0.0	0.6332507729530334	0.9028860926628113	0.0	0.0	0.0	0.42905449867248535	0.0	0.0	0.8038116097450256	0.5030272006988525	0.5468862056732178	0.0	0.4171867370605469	0.17573876678943634	0.0	0.0	0.8346243500709534	0.6468234062194824	0.6498726010322571	1.8438427448272705	0.0	0.0	1.1358156204223633	0.0	0.0	0.5375083088874817	2.6640710830688477	1.8408117294311523	0.0	1.6293648481369019	0.0	0.9461340308189392	0.0	0.0	0.0	1.7431631088256836	0.6984438896179199	0.0	1.5248165130615234	0.6401417255401611	2.462869644165039
0.0	0.0	0.2748348116874695	0.0	0.0	0.0	1.6087021827697754	1.0917205810546875	0.0	0.36948904395103455	0.6227402687072754	0.0	0.0	0.3905769884586334	0.0	0.0	0.0	0.6529437303543091	2.600973606109619	1.519269585609436	0.40456119179725647	0.7465584874153137	0.0	0.36636975407600403	0.6077129244804382	0.0	0.0	0.0	0.7160282731056213	0.18189769983291626	0.0	0.511503279209137	0.7149263024330139	0.49571478366851807	0.0	0.3225156366825104	0.47376057505607605	0.0	0.0	1.0525137186050415	0.849818766117096	1.013189673423767	2.2725751399993896	0.0	0.16567672789096832	1.2431060075759888	0.0	0.0	0.623771607875824	2.402554750442505	1.714672565460205	0.0	1.4889233112335205	0.0	0.8528789281845093	0.0	0.0	0.0	1.7318495512008667	0.5911747813224792	0.0	1.63038969039917	0.8187769651412964	2.1945784091949463
0.0	0.24087779223918915	0.18289625644683838	0.0	0.0	0.0	1.7588714361190796	1.0543756484985352	0.0	0.4314236640930176	0.5387816429138184	0.0	0.0	0.6121218204498291	0.16912223398685455	0.0	0.0	0.7941725850105286	2.5874130725860596	1.787481665611267	0.5205058455467224	0.9434995055198669	0.0	0.0	0.33709716796875	0.0	0.4196914732456207	0.0	1.0146442651748657	0.7562310695648193	0.0	0.6449047923088074	0.34588778018951416	0.42675814032554626	0.0	0.32549840211868286	0.2693478763103485	0.0	0.0	0.996062695980072	0.6107945442199707	1.243128776550293	2.0067312717437744	0.0	0.15191563963890076	1.0637462139129639	0.0	0.0	0.6747438311576843	1.7901747226715088	1.6854612827301025	0.0	1.6035274267196655	0.0	0.5731768012046814	0.0	0.0	0.0	1.652103066444397	0.5121892690658569	0.1306084543466568	0.9689043164253235	0.8209617733955383	2.3217382431030273
0.0	0.0	0.2450757622718811	0.0	0.0	0.0	1.5214799642562866	0.8043380379676819	0.0	0.33786314725875854	0.6660023331642151	0.0	0.0	0.6988093852996826	0.05666235461831093	0.0	0.0	0.6544064283370972	2.502798080444336	1.6349148750305176	0.4398037791252136	0.7436537742614746	0.0	0.22679615020751953	0.7739375233650208	0.0	0.005951059982180595	0.0	0.5669829845428467	0.1116579920053482	0.0	0.7925467491149902	0.8780439496040344	0.5132490992546082	0.0	0.2528131604194641	0.4334203600883484	0.0	0.0	0.893878698348999	0.5442121624946594	0.7298664450645447	2.0709612369537354	0.0	0.11523307114839554	1.0580435991287231	0.0	0.0	0.6104285717010498	2.143122434616089	1.666174292564392	0.0	1.5042035579681396	0.0	0.6049838662147522	0.0	0.0	0.0	1.6533598899841309	0.6033258438110352	0.0	1.633230209350586	0.6517754197120667	2.349827766418457
0.0	0.0	0.4383575916290283	0.0	0.0	0.0	1.4690128564834595	0.9008616209030151	0.0	0.22039419412612915	0.6536964178085327	0.0	0.0	0.09785065799951553	0.003229735419154167	0.0	0.0	0.5514556765556335	2.4448001384735107	1.5261106491088867	0.3731530010700226	0.3611607849597931	0.0	0.5401241779327393	0.8570514917373657	0.0	0.0	0.0	0.4240082800388336	0.01761028543114662	0.0	0.5999960899353027	0.42135971784591675	0.6171671152114868	0.0	0.13025635480880737	0.20418718457221985	0.0	0.0	0.8699837923049927	0.6040444374084473	0.681629478931427	1.9613616466522217	0.0	0.10532665997743607	1.1296976804733276	0.0	0.0	0.5189216136932373	2.5357117652893066	1.6000033617019653	0.0	1.48982834815979	0.0	0.788692831993103	0.0	0.0	0.0	1.6666346788406372	0.7124018669128418	0.0	1.5576483011245728	0.5516133904457092	2.2131099700927734
0.0	0.0	0.15488441288471222	0.0	0.0	0.0	1.6148879528045654	0.8497627973556519	0.0465095229446888	0.32460156083106995	0.5514037013053894	0.0	0.0	0.5574235320091248	0.0	0.0	0.0	0.4631797671318054	2.3761773109436035	1.8471570014953613	0.22894006967544556	0.9479460120201111	0.0	0.35238173604011536	0.4979709982872009	0.0	0.20459386706352234	0.0	0.7779701948165894	0.23870998620986938	0.0	0.6635410189628601	0.6464949250221252	0.47249019145965576	0.0	0.5275965929031372	0.25190266966819763	0.0	0.0	0.8986223340034485	0.5448565483093262	0.8452562689781189	2.1084952354431152	0.0	0.0	1.1344640254974365	0.0	0.0	0.6532416343688965	2.2880234718322754	1.8605573177337646	0.0	1.613980770111084	0.0	0.5981706380844116	0.0	0.0	0.0	1.654229760169983	0.56947261095047	0.0	1.1425909996032715	0.8765614628791809	2.338695526123047
0.0	0.0	0.19660983979701996	0.0	0.0	0.0	1.5127832889556885	0.9647577404975891	0.0	0.3340529501438141	0.5839324593544006	0.0	0.0	0.5846747159957886	0.0	0.0	0.0	0.5693387389183044	2.357318162918091	1.597103238105774	0.5484331846237183	0.9968115091323853	0.0	0.27629852294921875	0.5604366064071655	0.0	0.16683512926101685	0.0	0.7692869305610657	0.3439233899116516	0.0	0.5069886445999146	0.7475244402885437	0.6038557887077332	0.0	0.26768261194229126	0.38249921798706055	0.0	0.0	0.9195180535316467	0.6325811743736267	1.0385490655899048	2.070168972015381	0.0	0.07426528632640839	1.131471872329712	0.0	0.0	0.5880511403083801	2.0811774730682373	1.7923519611358643	0.0	1.4512879848480225	0.0	0.6560454964637756	0.0	0.0	0.0	1.6812547445297241	0.5808959603309631	0.0	1.2266591787338257	0.7762622833251953	2.3422868251800537
0.0	0.0	0.4681628942489624	0.0	0.0	0.0	1.6479474306106567	1.036426067352295	0.0	0.4170319736003876	0.6754331588745117	0.0	0.0	0.3429248631000519	0.0	0.0	0.0	0.5504864454269409	2.5997626781463623	1.5986669063568115	0.3842499852180481	0.43542325496673584	0.0	0.4916743338108063	0.8056961894035339	0.05031830444931984	0.0	0.0	0.5857084393501282	0.17517876625061035	0.0	0.6348022818565369	0.39455753564834595	0.573070228099823	0.0	0.1324891448020935	0.1667005866765976	0.0	0.0	1.0496808290481567	0.6935257911682129	0.8728436231613159	1.8942686319351196	0.0	0.051387351006269455	1.0934827327728271	0.0	0.0	0.5544179677963257	2.510507345199585	1.640465497970581	0.0	1.6050543785095215	0.0	0.7630595564842224	0.0	0.0	0.0	1.7758913040161133	0.7430234551429749	0.0	1.4404255151748657	0.5864986181259155	2.3591620922088623
0.0	0.0	0.2520396113395691	0.0	0.0	0.0	1.743493676185608	1.0598348379135132	0.0	0.31292200088500977	0.7151907682418823	0.0	0.0	0.5840397477149963	0.0	0.0	0.0	0.5982540249824524	2.5427284240722656	1.955152153968811	0.27823570370674133	0.900144636631012	0.0	0.18134893476963043	0.6155454516410828	0.0	0.1232590451836586	0.0	0.897379994392395	0.4008694589138031	0.0	0.7550747990608215	0.30958959460258484	0.5278098583221436	0.0	0.5798456072807312	0.2530321180820465	0.0	0.0	0.9906367063522339	0.44884559512138367	0.9748137593269348	1.9954255819320679	0.0	0.0	1.069205403327942	0.0	0.0	0.48137804865837097	2.3195366859436035	1.6518566608428955	0.0	1.6337965726852417	0.0	0.5750000476837158	0.0	0.0	0.0	1.7817842960357666	0.7354007959365845	0.0	1.2180378437042236	0.836875855922699	2.445286273956299
0.0	0.0	0.17801183462142944	0.0	0.11290326714515686	0.0	1.5370590686798096	0.9429599046707153	0.0	0.39456483721733093	0.5732787251472473	0.0	0.0	0.6910895705223083	0.09061355143785477	0.0	0.0	0.5666546821594238	2.462308168411255	1.7281436920166016	0.345379501581192	0.9682825803756714	0.0	0.06442250311374664	0.484531432390213	0.0	0.27170392870903015	0.0	0.8730002641677856	0.29887405037879944	0.0	0.5556641221046448	0.7208468914031982	0.36079010367393494	0.0	0.39734575152397156	0.4290109872817993	0.0	0.0	0.892054557800293	0.6128217577934265	1.0447406768798828	2.172881603240967	0.0	0.07340070605278015	1.088939905166626	0.0	0.0	0.4705953299999237	2.0952746868133545	1.6720924377441406	0.0	1.5390151739120483	0.0	0.663142740726471	0.0	0.0	0.0	1.7350189685821533	0.4996786415576935	0.0	1.2235864400863647	0.8136539459228516	2.2306764125823975
0.0	0.0	0.34892737865448	0.0	0.0	0.0	1.6170928478240967	0.9087618589401245	0.0	0.17492705583572388	0.8163484930992126	0.0	0.0	0.5484358668327332	0.08519606292247772	0.0	0.0	0.7758616209030151	2.371065855026245	1.5500047206878662	0.5052695274353027	0.5880210995674133	0.0	0.24068683385849	0.68403559923172	0.0	0.020074866712093353	0.0	0.7668103575706482	0.2137463390827179	0.0	0.506229817867279	0.8177594542503357	0.5532434582710266	0.0	0.13900862634181976	0.5913662910461426	0.0	0.0	0.8276287317276001	0.5652159452438354	0.9384869933128357	2.076531410217285	0.0	0.09195896238088608	1.2145724296569824	0.0	0.0	0.6051067113876343	2.2223823070526123	1.5504710674285889	0.0	1.527625560760498	0.0	0.5028876662254333	0.0	0.0	0.0	1.5452789068222046	0.5783849358558655	0.0	1.331492304801941	0.5320649743080139	2.3461668491363525
0.0	0.0	0.16812926530838013	0.0	0.0	0.0	1.4761091470718384	0.7968111038208008	0.0	0.22339485585689545	0.7052364349365234	0.0	0.0	0.5348343849182129	0.08412782102823257	0.0	0.0	0.7889351844787598	2.3777201175689697	1.5750097036361694	0.5844802856445312	0.7848379611968994	0.0	0.08450057357549667	0.727396547794342	0.0	0.05238942429423332	0.0	0.5936877727508545	0.016912251710891724	0.0	0.4197142720222473	0.613683819770813	0.5387430191040039	0.0	0.21493753790855408	0.5055312514305115	0.0	0.0	0.8111200332641602	0.711721658706665	0.8405709266662598	2.190478563308716	0.0	0.0	1.118396520614624	0.0	0.0	0.621723473072052	1.957298755645752	1.7570812702178955	0.0	1.498704195022583	0.0	0.6033660173416138	0.0	0.0	0.0	1.663926362991333	0.5919927358627319	0.0	1.449873685836792	0.5782134532928467	2.1396291255950928
0.0	0.0	0.21681304275989532	0.0	0.5034703016281128	0.0	1.507980227470398	0.9654876589775085	0.0	0.530768096446991	0.4469985365867615	0.0	0.0	0.3573743402957916	0.14934462308883667	0.1282428801059723	0.0	0.4285517930984497	2.4297311305999756	1.5649030208587646	0.251720666885376	0.9914495348930359	0.0	0.46921974420547485	0.4710891842842102	0.0	0.0987154170870781	0.0	0.8235421776771545	0.246962770819664	0.0	0.652511715888977	0.759446382522583	0.5394584536552429	0.0	0.5047621726989746	0.2336929887533188	0.0	0.0	1.1626991033554077	0.6089808344841003	1.2902395725250244	1.9916129112243652	0.0	0.15068654716014862	1.1059874296188354	0.0	0.0	0.5708498954772949	2.2914578914642334	1.7353219985961914	0.0	1.5115976333618164	0.0	0.635516881942749	0.018852464854717255	0.0	0.0	1.6851894855499268	0.6079084277153015	0.0	1.3793474435806274	1.1064541339874268	2.3371756076812744
0.0	0.0	0.22538450360298157	0.0	0.0	0.0	1.55978524684906	1.0368112325668335	0.0	0.43303629755973816	0.4745226800441742	0.0	0.0	0.5532525777816772	0.020171863958239555	0.0	0.0	0.38397786021232605	2.4696245193481445	1.817149043083191	0.13184848427772522	0.862583577632904	0.0	0.2222193032503128	0.5155266523361206	0.0	0.14647968113422394	0.0	0.9370322823524475	0.41563624143600464	0.0	0.68785560131073	0.6322485208511353	0.45030930638313293	0.0	0.48249971866607666	0.21777459979057312	0.0	0.0	1.1095267534255981	0.48017680644989014	1.0396684408187866	2.0408544540405273	0.0	0.1633421927690506	1.0627821683883667	0.0	0.0	0.42610377073287964	2.1800477504730225	1.6075571775436401	0.0	1.5392751693725586	0.0	0.5162385702133179	0.0	0.0	0.0	1.7370284795761108	0.5835175514221191	0.0	1.5314600467681885	0.9333056211471558	2.2290141582489014
0.0	0.041801612824201584	0.24221117794513702	0.0	0.0	0.0	1.607279896736145	1.0147175788879395	0.0	0.38266220688819885	0.6155149936676025	0.0	0.0	0.6596598029136658	0.07114675641059875	0.0	0.0	0.6672161221504211	2.62087082862854	1.5276151895523071	0.40427735447883606	0.7916223406791687	0.0	0.0	0.4678039848804474	0.0	0.39513880014419556	0.0	0.918748140335083	0.4437479078769684	0.0	0.5732086896896362	0.8226590752601624	0.42923417687416077	0.0	0.05699643865227699	0.5515551567077637	0.0	0.0	0.8808029890060425	0.6863575577735901	1.0439517498016357	2.1054017543792725	0.0	0.1614651381969452	1.085354208946228	0.0	0.0	0.48171931505203247	1.7849444150924683	1.573936104774475	0.0	1.5620253086090088	0.0	0.5561974048614502	0.0	0.0	0.0	1.7222336530685425	0.5083925724029541	0.0	1.196624517440796	0.6950021386146545	2.2756943702697754
0.0	0.0	0.2729732096195221	0.0	0.0	0.0	1.5336267948150635	1.087328553199768	0.0	0.4961225390434265	0.4151880741119385	0.0	0.0	0.6614659428596497	0.08622810244560242	0.0	0.0	0.4706294536590576	2.440808057785034	1.637050747871399	0.2388710081577301	0.9459633231163025	0.0	0.1844615638256073	0.5508860945701599	0.0	0.3522910177707672	0.0	0.966614305973053	0.25819846987724304	0.0	0.792898952960968	0.7573358416557312	0.4850747585296631	0.0	0.23986303806304932	0.4832514822483063	0.0	0.0	0.9464128017425537	0.6603085994720459	1.05733060836792	2.0151374340057373	0.0	0.16021102666854858	1.1758761405944824	0.0	0.0	0.5176438093185425	2.1123549938201904	1.6222667694091797	0.0	1.709299921989441	0.0	0.5928638577461243	0.0	0.0	0.0	1.7176076173782349	0.5696262717247009	0.0	1.4191014766693115	0.8845455646514893	2.2583329677581787
0.0	0.0	0.46248283982276917	0.0	0.0	0.0	1.6493204832077026	0.986060619354248	0.0	0.07746893167495728	0.7269535064697266	0.0	0.0	0.3298639953136444	0.0	0.0	0.0	0.5962698459625244	2.5392870903015137	1.7565323114395142	0.4008815586566925	0.39519813656806946	0.0	0.5914216637611389	0.8889563083648682	0.0396512933075428	0.0	0.0	0.41038134694099426	0.024106783792376518	0.0	0.7955389022827148	0.5615535974502563	0.577521026134491	0.0	0.14265424013137817	0.28730326890945435	0.0	0.0	1.001382827758789	0.5773726105690002	0.7861523628234863	1.9382083415985107	0.0	0.14272764325141907	1.0921553373336792	0.0	0.0	0.507876455783844	2.4828779697418213	1.5996297597885132	0.0	1.6868187189102173	0.0	0.6688580513000488	0.0	0.0	0.0	1.6802151203155518	0.7034324407577515	0.0	1.5765751600265503	0.6091576218605042	2.3344228267669678
0.0	0.0	0.3263764977455139	0.0	0.0	0.0	1.3438221216201782	0.658012330532074	0.0	0.06899306178092957	0.7293663620948792	0.0	0.0	0.16426265239715576	0.0	0.0	0.0	0.5404003858566284	2.370292901992798	1.3687574863433838	0.4680895507335663	0.3781800866127014	0.0	0.5115280747413635	0.7615290284156799	0.0	0.0	0.0	0.2127700299024582	0.0	0.0	0.6354815363883972	0.38058602809906006	0.6240929365158081	0.0	0.0	0.13987842202186584	0.0	0.0	0.8104804158210754	0.5522922873497009	0.6515279412269592	1.9083048105239868	0.0	0.21943965554237366	0.9832689166069031	0.0	0.0	0.4850756525993347	2.297459363937378	1.557551383972168	0.0	1.4851856231689453	0.0	0.6603648662567139	0.0	0.0	0.0	1.6816076040267944	0.8043867945671082	0.0	1.6614030599594116	0.7470787763595581	2.0357635021209717
0.0	0.0	0.3426054120063782	0.0	0.0	0.0	1.6080127954483032	1.1194387674331665	0.0	0.5970346331596375	0.5197436213493347	0.0	0.0	0.6304131746292114	0.0	0.0	0.0	0.51842200756073	2.67781925201416	1.8380126953125	0.12102032452821732	1.084470272064209	0.0	0.18562191724777222	0.4941372871398926	0.0	0.3292846381664276	0.0	0.8900898098945618	0.3782029449939728	0.0	0.6801770925521851	0.7451893091201782	0.5505106449127197	0.0	0.43133658170700073	0.3741320073604584	0.0	0.0	0.9771794080734253	0.4799691140651703	0.9829648733139038	1.9341017007827759	0.0	0.13701452314853668	1.0844686031341553	0.0	0.0	0.4452127516269684	2.14199161529541	1.5812615156173706	0.0	1.6749423742294312	0.0	0.5803906321525574	0.0	0.0	0.0	1.8013895750045776	0.545793890953064	0.0	1.4327616691589355	0.9057719111442566	2.1703808307647705
0.0	0.0	0.4172874987125397	0.0	0.0	0.0	1.559484601020813	0.8046467900276184	0.0	0.30604857206344604	0.6207447648048401	0.0	0.0	0.2954425811767578	0.015086174942553043	0.0	0.0	0.5265997052192688	2.5112695693969727	1.4857889413833618	0.33531150221824646	0.45422253012657166	0.0	0.5527102947235107	0.9069226980209351	0.0	0.0	0.0	0.64264315366745	0.0	0.0	0.7889343500137329	0.7922013998031616	0.5274890661239624	0.0	0.0	0.25423139333724976	0.0	0.0	1.039685845375061	0.7028311491012573	0.8134605884552002	1.992939829826355	0.0	0.14703190326690674	1.1064599752426147	0.0	0.0	0.4721122682094574	2.5587387084960938	1.5678706169128418	0.0	1.4683771133422852	0.0	0.7973365783691406	0.0	0.0	0.0	1.7188817262649536	0.5586349368095398	0.0	1.6518654823303223	0.8249890208244324	2.246469259262085
0.0	0.0	0.31537243723869324	0.0	0.00350976106710732	0.0	1.7887502908706665	0.8125024437904358	0.0	0.4101899266242981	0.7092901468276978	0.0	0.0	0.5224381685256958	0.003376690438017249	0.0	0.0	0.6083207130432129	2.5149073600769043	1.6807165145874023	0.3320377767086029	0.8372968435287476	0.0	0.23137801885604858	0.6499109268188477	0.0	0.11962644755840302	0.0	0.711097240447998	0.16779725253582	0.0	0.6661867499351501	0.6447867751121521	0.5497108697891235	0.0	0.2858486771583557	0.362077534198761	0.0	0.0	0.9607346653938293	0.596951425075531	0.871136486530304	1.9785621166229248	0.0	0.15110836923122406	1.0778803825378418	0.0	0.0	0.5205441117286682	2.384206533432007	1.5085833072662354	0.021470358595252037	1.6844321489334106	0.0	0.6880301833152771	0.0	0.0	0.0	1.6381266117095947	0.6365232467651367	0.0	1.4085294008255005	0.7121989727020264	2.369866371154785
0.0	0.0	0.3426213562488556	0.0	0.0	0.0	1.5006721019744873	0.9276235103607178	0.0	0.39834657311439514	0.6206378936767578	0.0	0.0	0.5652025938034058	0.024658335372805595	0.0	0.0	0.49627426266670227	2.43674635887146	1.51255202293396	0.3692578971385956	1.0673435926437378	0.0	0.5356776118278503	0.9071600437164307	0.0	0.057222384959459305	0.0	0.7532691955566406	0.266666054725647	0.0	0.7940531969070435	0.7952332496643066	0.6397132873535156	0.0	0.4672876298427582	0.35142648220062256	0.0	0.0	0.9746952652931213	0.46483704447746277	1.0214648246765137	1.8829536437988281	0.0	0.08751129359006882	1.0767284631729126	0.0	0.0	0.5471898913383484	2.161795139312744	1.7706516981124878	0.0	1.5680100917816162	0.0	0.7347660064697266	0.0	0.0	0.0	1.6407380104064941	0.5818889737129211	0.0	1.5740042924880981	0.9660053849220276	2.4950661659240723
0.0	0.0	0.42015594244003296	0.0	0.0	0.0	1.6465787887573242	0.8999248147010803	0.0	0.32120734453201294	0.6214714646339417	0.0	0.0	0.3114928603172302	0.0	0.0	0.0	0.5933737754821777	2.523585796356201	1.565988540649414	0.3643302321434021	0.608934223651886	0.0	0.43517211079597473	0.8007479906082153	0.05143351852893829	0.0	0.0	0.6693886518478394	0.0	0.0	0.6123700737953186	0.6192272305488586	0.49400895833969116	0.0	0.3732531666755676	0.24788402020931244	0.0	0.0	0.8999921679496765	0.7008513808250427	0.9664408564567566	2.004953145980835	0.0	0.02508709207177162	1.2248579263687134	0.0	0.0	0.5887584686279297	2.454270839691162	1.7766809463500977	0.0	1.4868271350860596	0.0	0.9023521542549133	0.0	0.0	0.0	1.675886869430542	0.6997193098068237	0.0	1.405203104019165	0.6414933800697327	2.4722180366516113
0.0	0.0	0.4481528699398041	0.0	0.0	0.0	1.611426591873169	0.8137028217315674	0.0	0.37874603271484375	0.6515628099441528	0.0	0.0	0.443484365940094	0.0	0.0	0.0	0.3912678062915802	2.27302622795105	1.7023473978042603	0.26386958360671997	0.49480634927749634	0.0	0.6915518045425415	0.7450912594795227	0.14112086594104767	0.0	0.0	0.6499320864677429	0.0	0.0	0.8685147762298584	0.8311999440193176	0.550625741481781	0.0	0.08841639757156372	0.3269488215446472	0.0	0.0	1.0793659687042236	0.4962584376335144	1.073733925819397	2.035301685333252	0.0	0.01755552366375923	1.161175012588501	0.0	0.0	0.5385828018188477	2.693084239959717	1.6054104566574097	0.0	1.737205982208252	0.0	0.8253236413002014	0.0	0.0	0.0	1.6822766065597534	0.6373567581176758	0.0	1.6892980337142944	0.8300902843475342	2.3464248180389404
0.0	0.0	0.4689634442329407	0.0	0.0	0.0	1.454118013381958	1.078261137008667	0.0	0.2441994547843933	1.0029547214508057	0.0	0.0	0.3020007610321045	0.0	0.0	0.0	0.5363554358482361	2.6789157390594482	1.3955024480819702	0.4641760587692261	0.5398843884468079	0.0	0.5913863778114319	0.7647555470466614	0.0	0.0	0.0	0.5374143123626709	0.03305833041667938	0.0	0.7796635031700134	0.5676788687705994	0.5692415833473206	0.0	0.11490175873041153	0.2532917559146881	0.0	0.0	1.06246018409729	0.6853760480880737	0.9492835998535156	1.9913133382797241	0.0	0.0	0.9974608421325684	0.0	0.0	0.6207128167152405	2.3074116706848145	1.7575632333755493	0.0	1.597619891166687	0.0	0.7876085042953491	0.0	0.0	0.0	1.644005298614502	0.7309223413467407	0.0	1.4761686325073242	0.6571131348609924	2.384352684020996
0.0	0.0	0.30803734064102173	0.0	0.0	0.0	1.5367145538330078	1.2802156209945679	0.0	0.4445038437843323	0.38269156217575073	0.0	0.0	0.24653753638267517	0.038093991577625275	0.1359051764011383	0.0	0.513766884803772	2.376209259033203	1.4306789636611938	0.2821398377418518	0.7047308087348938	0.0	0.4897560179233551	0.5810596942901611	0.0	0.0	0.0	0.6992005705833435	0.42199376225471497	0.0	0.7659690380096436	0.7869656682014465	0.463573694229126	0.0	0.15369398891925812	0.21850883960723877	0.0	0.0	1.090112328529358	0.7386833429336548	1.3776224851608276	2.0418474674224854	0.0	0.11121422797441483	0.9741380214691162	0.0	0.0	0.6889459490776062	2.308655023574829	1.6368552446365356	0.0	1.2190126180648804	0.0	0.7481207251548767	0.0	0.0	0.0	1.850697636604309	0.48610880970954895	0.0	1.4194896221160889	1.0470008850097656	2.253737688064575
0.0	0.01784301921725273	0.2693777084350586	0.0	0.0	0.0	1.6945475339889526	1.2043077945709229	0.0	0.494038850069046	0.532320499420166	0.0	0.0	0.6587780714035034	0.0	0.07165604829788208	0.0	0.6670895218849182	2.509596347808838	1.5853497982025146	0.25846466422080994	0.9532652497291565	0.12251566350460052	0.0	0.3050709664821625	0.0	0.4163570702075958	0.0	0.965926468372345	0.4538731873035431	0.0	0.5991893410682678	0.7562582492828369	0.40968453884124756	0.0	0.1418907642364502	0.3635151982307434	0.0	0.0	0.898137092590332	0.7007288336753845	1.170622706413269	2.032238245010376	0.0	0.07464490085840225	1.0478204488754272	0.0	0.0	0.6612638235092163	1.6977548599243164	1.5996507406234741	0.0	1.5167335271835327	0.0	0.6093575954437256	0.0	0.0	0.0	1.839699625968933	0.40417543053627014	0.0	1.1971403360366821	1.0084675550460815	2.2873477935791016
0.0	0.0	0.32891014218330383	0.0	0.0	0.0	1.2191462516784668	0.6351315379142761	0.0	0.2805488407611847	0.58465176820755	0.0	0.0	0.24652335047721863	0.031618308275938034	0.0	0.0	0.6216776371002197	2.3207406997680664	1.2252109050750732	0.5217270255088806	0.49509912729263306	0.0	0.637220025062561	1.0330852270126343	0.0	0.0	0.0	0.39221060276031494	0.0	0.0	0.7571898102760315	0.5706397294998169	0.5638331770896912	0.0	0.14644812047481537	0.3246889114379883	0.0	0.0	1.0482927560806274	0.79256671667099	0.9672428369522095	2.1228086948394775	0.0	0.13564364612102509	1.055397629737854	0.0	0.0	0.6103225946426392	2.5680134296417236	1.6696699857711792	0.0	1.4057317972183228	0.0	0.6505796909332275	0.09134721755981445	0.0	0.0	1.5849127769470215	0.6578369736671448	0.0	1.6582026481628418	0.7356823682785034	2.1500916481018066
0.0	0.0	0.17990471422672272	0.0	0.0	0.0	1.3464897871017456	0.7942084074020386	0.024349743500351906	0.40474236011505127	0.46497899293899536	0.0	0.0	0.6938400864601135	0.0	0.04227796941995621	0.0	0.24613739550113678	2.4456629753112793	1.68283212184906	0.2872219681739807	0.8037642240524292	0.0	0.3797473609447479	0.6934799551963806	0.0	0.0	0.0	0.6742081642150879	0.0	0.0	0.9804003238677979	0.9031274914741516	0.3672712445259094	0.0	0.4217738211154938	0.25158292055130005	0.0	0.0	1.0686039924621582	0.4477801024913788	0.8935099840164185	2.213141679763794	0.0	0.27518269419670105	1.0445432662963867	0.0	0.0	0.41294702887535095	2.566671848297119	1.4822782278060913	0.0	1.5044262409210205	0.0	0.6300501227378845	0.0	0.0	0.0	1.7851839065551758	0.6152284741401672	0.0	1.8344963788986206	0.9698790311813354	2.1814303398132324
0.0	0.0	0.304762065410614	0.0	0.0	0.0	1.522765040397644	0.9599294662475586	0.0	0.5178045034408569	0.6047348380088806	0.0	0.0	0.6054888963699341	0.06622641533613205	0.0	0.0	0.6524720788002014	2.4955930709838867	1.4801528453826904	0.36961624026298523	0.7368225455284119	0.0	0.32240018248558044	0.5950819849967957	0.0	0.04300141707062721	0.0	0.6976293921470642	0.04762737452983856	0.0	0.7257230877876282	0.9707741737365723	0.5739550590515137	0.0	0.08369097858667374	0.5178616642951965	0.0	0.0	0.9034731388092041	0.6835206151008606	0.9159098267555237	2.068557024002075	0.0	0.11201149225234985	1.0890731811523438	0.0	0.0	0.47841358184814453	2.3449859619140625	1.514051914215088	0.0	1.457200527191162	0.0	0.6053112745285034	0.0	0.0	0.0	1.7233353853225708	0.536208987236023	0.0	1.4997608661651611	0.778653085231781	2.189920663833618
0.0	0.0	0.39232027530670166	0.0	0.0	0.0	1.7441684007644653	0.995857834815979	0.0	0.22556734085083008	0.5579924583435059	0.0	0.0	0.2677898108959198	0.0	0.023761436343193054	0.0	0.6832035183906555	2.3678925037384033	1.399957537651062	0.4234691560268402	0.589934766292572	0.0	0.44875869154930115	0.6152958869934082	0.07157494872808456	0.0	0.0	0.6401476263999939	0.25695744156837463	0.0	0.5686740279197693	0.5486677885055542	0.6270118355751038	0.0	0.09139242023229599	0.2547816336154938	0.0	0.0	0.8656760454177856	0.7562131881713867	1.1882845163345337	2.0287036895751953	0.0	0.0	1.2880250215530396	0.0	0.0	0.6234431862831116	2.361727476119995	1.823664903640747	0.0	1.4638991355895996	0.0	0.8766268491744995	0.0	0.0	0.0	1.7507447004318237	0.5491393208503723	0.0	1.4242089986801147	0.7471925616264343	2.3969852924346924
0.0	0.0	0.42311909794807434	0.0	0.0	0.0	1.7203328609466553	0.9897204041481018	0.0	0.3271518349647522	0.6431829929351807	0.0	0.0	0.3635829985141754	0.0	0.0	0.0	0.5787369608879089	2.534919500350952	1.7188701629638672	0.35808277130126953	0.5575172305107117	0.0	0.3460047245025635	0.7665815949440002	0.0	0.0	0.0	0.7115118503570557	0.20601777732372284	0.0	0.6539376378059387	0.37145787477493286	0.5064480900764465	0.0	0.21144446730613708	0.21675951778888702	0.0	0.0	0.8837451338768005	0.6445934176445007	0.8500375747680664	2.000808000564575	0.0	0.10898149013519287	1.162079930305481	0.0	0.0	0.4881729781627655	2.427856206893921	1.6074708700180054	0.0	1.636518955230713	0.0	0.768219530582428	0.0	0.0	0.0	1.7808037996292114	0.7957054972648621	0.0	1.4107023477554321	0.7238203883171082	2.329263687133789
0.0	0.0	0.1968686282634735	0.0	0.0	0.0	1.4709291458129883	1.0464985370635986	0.0	0.44730859994888306	0.4261903464794159	0.0	0.0	0.4760778546333313	0.0	0.014406111091375351	0.0	0.4727994501590729	2.5046558380126953	1.6185429096221924	0.28543317317962646	0.9438415169715881	0.0	0.031109493225812912	0.4553461968898773	0.0	0.2944505214691162	0.0	0.8819220662117004	0.3076002895832062	0.0	0.5619513392448425	0.6982653737068176	0.446238249540329	0.0	0.13530349731445312	0.38496923446655273	0.0	0.0	0.8297644257545471	0.5655019879341125	0.9193006753921509	1.9902002811431885	0.0	0.03546115383505821	1.0462266206741333	0.0	0.0	0.7014074325561523	1.9567216634750366	1.7150588035583496	0.0	1.6132789850234985	0.0	0.6403070688247681	0.0	0.0	0.0	1.6970231533050537	0.47482314705848694	0.0	1.3251655101776123	0.8761817812919617	2.397674322128296
0.0	0.0	0.3392661511898041	0.0	0.0	0.0	1.5060583353042603	1.1093521118164062	0.0	0.42865821719169617	0.534166693687439	0.0	0.0	0.38042372465133667	0.0	0.0	0.0	0.6890648007392883	2.4697649478912354	1.470823049545288	0.2599813938140869	0.6676805019378662	0.0	0.4264437258243561	0.5248779058456421	0.0	0.0	0.0	0.7186119556427002	0.20444495975971222	0.0	0.4927046000957489	0.5698713064193726	0.5091944336891174	0.0	0.22604255378246307	0.25071167945861816	0.0	0.0	0.898195743560791	0.7171928286552429	1.1465672254562378	1.9962197542190552	0.0	0.06060696020722389	1.1889503002166748	0.0	0.0	0.44785937666893005	2.2284939289093018	1.640324592590332	0.0	1.3492869138717651	0.0	0.8145626783370972	0.0	0.0	0.0	1.7626060247421265	0.47284793853759766	0.0	1.5021625757217407	0.8640040755271912	2.160107374191284
0.0	0.0	0.34741994738578796	0.0	0.0	0.0	1.6728476285934448	1.1016279458999634	0.0	0.43153586983680725	0.5606176257133484	0.0	0.0	0.321929931640625	0.0	0.0	0.0	0.5703528523445129	2.4518532752990723	1.5870885848999023	0.256776362657547	0.8541915416717529	0.0	0.22630316019058228	0.7532942295074463	0.0	0.09385247528553009	0.0	0.597651481628418	0.2759920656681061	0.0	0.602020800113678	0.6708934307098389	0.5547749996185303	0.0	0.2587248384952545	0.4034162163734436	0.0	0.0	0.7836477160453796	0.6568815112113953	0.9920071959495544	2.0231266021728516	0.0	0.0901055708527565	1.1274206638336182	0.0	0.0	0.6063804626464844	2.218820571899414	1.7685904502868652	0.0	1.4173529148101807	0.0	0.690664529800415	0.0	0.0	0.0	1.788639783859253	0.6054701805114746	0.0	1.4417232275009155	0.8140726089477539	2.277989387512207
0.0	0.0	0.3908539116382599	0.0	0.0	0.0	1.557584285736084	0.9232213497161865	0.011219323612749577	0.4485448896884918	0.5004841685295105	0.0	0.0	0.6622158288955688	0.013639125041663647	0.0	0.0	0.5815758109092712	2.537506341934204	1.526349425315857	0.28387850522994995	0.8382821083068848	0.0	0.3474996089935303	0.6150561571121216	0.0	0.15044523775577545	0.0	0.7207399606704712	0.1770443171262741	0.0	0.5749854445457458	0.9013645052909851	0.5235583782196045	0.0	0.1436242014169693	0.39874428510665894	0.0	0.0	0.8538174629211426	0.5893581509590149	0.9408940672874451	2.0866079330444336	0.0	0.07900754362344742	1.1150349378585815	0.0	0.0	0.40192753076553345	2.273921251296997	1.625948190689087	0.0	1.6469814777374268	0.0	0.5424417853355408	0.0	0.0	0.0	1.6436368227005005	0.6913458704948425	0.0	1.7288511991500854	0.882392406463623	2.1837470531463623
0.0	0.0	0.18912442028522491	0.0	0.0	0.0	1.48030686378479	1.0181769132614136	0.0	0.5587838888168335	0.32493025064468384	0.0	0.0	0.3716486990451813	0.10756850987672806	0.0	0.0	0.40904688835144043	2.4746105670928955	1.4505720138549805	0.15012900531291962	0.9474861025810242	0.009949889965355396	0.36900952458381653	0.4780704379081726	0.0	0.15854352712631226	0.0	0.9136284589767456	0.014115937985479832	0.0	0.6833016872406006	0.9360045790672302	0.42527878284454346	0.0	0.27887871861457825	0.43380939960479736	0.0	0.0	0.965453565120697	0.6404098868370056	1.1485129594802856	2.24676251411438	0.0	0.03791902959346771	1.0297582149505615	0.0	0.0	0.44914549589157104	2.4176993370056152	1.6219849586486816	0.0	1.4374727010726929	0.0	0.680600643157959	0.01754733733832836	0.0	0.0	1.8205175399780273	0.5231942534446716	0.0	1.713738203048706	1.0077731609344482	1.959389567375183
0.0	0.0	0.10658001899719238	0.0	0.0	0.0	1.501724123954773	0.963949978351593	0.0	0.30957433581352234	0.6155969500541687	0.0	0.0	0.5963147878646851	0.03090476803481579	0.0	0.0	0.7359826564788818	2.545032024383545	1.8006559610366821	0.5379911661148071	0.8448312282562256	0.0	0.03403259813785553	0.5802531838417053	0.0	0.12227661907672882	0.0	0.8379846215248108	0.24966880679130554	0.0	0.6552364230155945	0.5592325329780579	0.5529764890670776	0.0	0.5552220940589905	0.3265687823295593	0.0	0.0	0.7995126247406006	0.6098167300224304	0.813335120677948	2.0494110584259033	0.0	0.0	1.096395492553711	0.0	0.0	0.5554220676422119	1.9337120056152344	1.6717499494552612	0.0	1.7246257066726685	0.0	0.9090524911880493	0.0	0.0	0.0	1.7271360158920288	0.7902092337608337	0.0	1.1456362009048462	0.7272948622703552	2.327390193939209
0.0	0.0	0.4626029431819916	0.0	0.0	0.0	1.8816759586334229	1.0523039102554321	0.0	0.2427206188440323	0.6418008208274841	0.0	0.0	0.18881985545158386	0.0	0.0	0.0	0.5508028864860535	2.486703395843506	1.5986541509628296	0.31643813848495483	0.5623900294303894	0.0	0.5849254131317139	0.793317437171936	0.08227313309907913	0.0	0.0	0.552577555179596	0.1493404656648636	0.0	0.7700479030609131	0.5285850167274475	0.502998411655426	0.0	0.3721390664577484	0.22385470569133759	0.0	0.0	0.8522030115127563	0.6182321310043335	0.9487329125404358	1.880610704421997	0.0	0.0	1.1370155811309814	0.0	0.0	0.5638853311538696	2.5069377422332764	1.7772201299667358	0.0	1.5454769134521484	0.0	0.8617415428161621	0.0	0.0	0.0	1.7145060300827026	0.6412172317504883	0.0	1.4725412130355835	0.7228367924690247	2.406824827194214
0.0	0.0	0.11559517681598663	0.0	0.0	0.0	1.3815369606018066	0.9161773920059204	0.0	0.5935739874839783	0.5430130958557129	0.0	0.0	0.45264121890068054	0.0	0.1155705526471138	0.0	0.28283214569091797	2.385503053665161	1.7196263074874878	0.2543816864490509	0.9056552648544312	0.0	0.49108049273490906	0.6179692149162292	0.0	0.0	0.0	1.027724266052246	0.0	0.0	0.9954506754875183	0.6867395043373108	0.4399283230304718	0.0526382140815258	0.5939580202102661	0.27287501096725464	0.0	0.0	1.2329719066619873	0.7783061265945435	1.0674748420715332	2.318533182144165	0.0	0.09779852628707886	1.0275968313217163	0.0	0.0	0.5462329387664795	2.535857677459717	1.6873044967651367	0.0	1.3323042392730713	0.0	0.5813818573951721	0.0	0.0	0.0	1.7985049486160278	0.48353052139282227	0.0	1.5151035785675049	1.1191253662109375	2.27934193611145
0.0	0.22327709197998047	0.1287420094013214	0.0	0.0	0.0	1.801344871520996	1.0238131284713745	0.06757305562496185	0.4080764949321747	0.5318898558616638	0.0	0.0	0.5250099301338196	0.04671141132712364	0.0	0.0	0.6008447408676147	2.511284351348877	1.9318867921829224	0.3429783284664154	1.0021344423294067	0.0	0.07437976449728012	0.383625328540802	0.0	0.4619767367839813	0.0	1.0925112962722778	0.6126735210418701	0.0	0.7344062924385071	0.18472394347190857	0.3352336585521698	0.0	0.6617622375488281	0.2494017332792282	0.0	0.0	0.9324552416801453	0.5067386031150818	1.203669786453247	2.0007543563842773	0.0	0.03445877134799957	1.2695223093032837	0.0	0.0	0.5557745099067688	2.1240339279174805	1.8329534530639648	0.0	1.7099641561508179	0.0	0.5339221954345703	0.0	0.0	0.0	1.6916931867599487	0.5175724625587463	0.08340097963809967	0.937318742275238	0.9957213997840881	2.4743666648864746
0.0	0.0	0.21144628524780273	0.0	0.0	0.0	1.607553482055664	0.8700146079063416	0.0	0.3386622965335846	0.6744942665100098	0.0	0.0	0.5370332598686218	0.086856409907341	0.0	0.0	0.7418971657752991	2.396615743637085	1.7206119298934937	0.3579326272010803	0.8407607078552246	0.0	0.22592002153396606	0.6621561050415039	0.0	0.13875915110111237	0.0	0.7294651865959167	0.231093630194664	0.0	0.5536484122276306	0.7792181372642517	0.5082667469978333	0.0	0.31722065806388855	0.43564650416374207	0.0	0.0	0.8669034242630005	0.6313467621803284	0.9599166512489319	2.0335533618927	0.0	0.0	1.1437382698059082	0.0	0.0	0.5819799304008484	1.955798864364624	1.7411646842956543	0.0	1.507157325744629	0.0	0.5945453643798828	0.0	0.0	0.0	1.6587711572647095	0.5188693404197693	0.0	1.292563557624817	0.7381632328033447	2.3223257064819336
0.0	0.0	0.29641246795654297	0.0	0.0	0.0	1.5568885803222656	0.8346447348594666	0.0	0.30910196900367737	0.6881275177001953	0.0	0.0	0.5476287603378296	0.005800433922559023	0.0	0.0	0.7426648139953613	2.557457685470581	1.6539791822433472	0.6494550704956055	0.5959593057632446	0.0	0.26148781180381775	0.4707821011543274	0.0	0.13117800652980804	0.0	0.7372642755508423	0.16114628314971924	0.0	0.6312241554260254	0.7805543541908264	0.4521133005619049	0.0	0.22544415295124054	0.38049203157424927	0.0	0.0	1.0104740858078003	0.6460091471672058	0.8097917437553406	2.0801122188568115	0.0	0.10412435233592987	1.0995177030563354	0.0	0.0	0.5880231857299805	2.2003800868988037	1.530571699142456	0.0	1.5492358207702637	0.0	0.45498567819595337	0.0	0.0	0.0	1.5809544324874878	0.5911831855773926	0.0	1.5219886302947998	0.5477918386459351	2.255655527114868
0.0	0.0	0.3374614119529724	0.0	0.0	0.0	1.613487720489502	0.982828676700592	0.0	0.37899652123451233	0.5869802832603455	0.0	0.0	0.3916987478733063	0.04855946823954582	0.0	0.0	0.4439317584037781	2.5811514854431152	1.7592695951461792	0.10033471137285233	0.6862337589263916	0.0	0.4353983402252197	0.7060752511024475	0.06027650088071823	0.0	0.0	0.5413733124732971	0.16272912919521332	0.0	0.8559050559997559	0.5913227200508118	0.6705291867256165	0.0	0.17684265971183777	0.18914657831192017	0.0	0.0	1.0381464958190918	0.44815701246261597	1.0787897109985352	1.9708178043365479	0.0	0.0	1.0842498540878296	0.0	0.0	0.4010699391365051	2.388026237487793	1.612614631652832	0.0	1.8077926635742188	0.0	0.8146177530288696	0.0	0.0	0.0	1.7342501878738403	0.5564971566200256	0.0	1.5940802097320557	0.7721216678619385	2.4509873390197754
0.0	0.0	0.15688419342041016	0.0	0.0	0.0	1.6399424076080322	0.8633646965026855	0.0	0.4112406075000763	0.6623321771621704	0.0	0.0	0.6507106423377991	0.005992529448121786	0.0	0.0	0.4596261978149414	2.5115766525268555	1.7548166513442993	0.44014230370521545	0.859574556350708	0.0	0.36530831456184387	0.6894660592079163	0.0	0.13714739680290222	0.0	0.7938109040260315	0.18446265161037445	0.0	0.6821750402450562	0.7550617456436157	0.46460336446762085	0.0	0.23539625108242035	0.3374479115009308	0.0	0.0	0.9395163059234619	0.4573625326156616	0.7734590768814087	2.2232534885406494	0.0	0.04872613027691841	1.1135568618774414	0.0	0.0	0.5093884468078613	2.443662405014038	1.5867197513580322	0.0	1.706852912902832	0.0	0.6796543002128601	0.0	0.0	0.0	1.7272450923919678	0.6206880211830139	0.0	1.4142800569534302	0.6706329584121704	2.431619167327881
0.0	0.0	0.041817162185907364	0.0	0.0	0.0	1.2845091819763184	0.8533127903938293	0.0	0.5874359607696533	0.4923843443393707	0.0	0.0	0.12021735310554504	0.07337123900651932	0.05008787289261818	0.0	0.4635491967201233	2.19915771484375	1.480208158493042	0.20826321840286255	0.7482628226280212	0.0	0.7370802164077759	0.7000318169593811	0.0	0.0	0.0	0.8548463582992554	0.011817329563200474	0.0	0.7570878267288208	0.8734961152076721	0.3609698712825775	0.0	0.37881597876548767	0.29625460505485535	0.0	0.0	1.207442045211792	0.8035869002342224	1.311648964881897	2.2077910900115967	0.0	0.07069627940654755	1.2068848609924316	0.0	0.0	0.5471737384796143	2.709181070327759	1.6248149871826172	0.0	1.2138015031814575	0.0	0.8233668804168701	0.09390860050916672	0.0	0.0	1.6845570802688599	0.4551440179347992	0.0	1.3959228992462158	1.2509994506835938	2.2446231842041016
0.0	0.0	0.5325115919113159	0.0	0.0	0.0	1.737869143486023	1.0124093294143677	0.03304964676499367	0.1154058650135994	0.8027918934822083	0.0	0.0	0.24568946659564972	0.047147732228040695	0.0	0.0	0.675000011920929	2.293771505355835	1.5015203952789307	0.38283592462539673	0.6081362962722778	0.0	0.6325755715370178	0.8106302618980408	0.0	0.0	0.0	0.6334875822067261	0.19842901825904846	0.0	0.522928774356842	0.4362821877002716	0.5866960287094116	0.0	0.20108041167259216	0.2840327024459839	0.0	0.0	0.795689582824707	0.6256272792816162	0.7649967670440674	1.9581103324890137	0.0	0.09083041548728943	1.134631633758545	0.0	0.0	0.6168860197067261	2.3702821731567383	1.6876002550125122	0.0	1.4825055599212646	0.0	0.7846730351448059	0.0	0.0	0.0	1.6210466623306274	0.7101441621780396	0.0	1.4714508056640625	0.6041322946548462	2.3320863246917725
0.0	0.0	0.17276695370674133	0.0	0.0	0.0	1.519644856452942	0.9272506833076477	0.0	0.5637596845626831	0.4565204083919525	0.0	0.0	0.5413647890090942	0.054565753787755966	0.0	0.0	0.5180343985557556	2.578169107437134	1.519104242324829	0.44018498063087463	0.8788530230522156	0.0	0.05532410368323326	0.46281224489212036	0.0	0.26889699697494507	0.0	0.9416977763175964	0.26019102334976196	0.0	0.5334617495536804	0.7660530209541321	0.4506981670856476	0.0	0.2206820249557495	0.3754870295524597	0.0	0.0	0.8814220428466797	0.599116325378418	1.028257131576538	2.114793062210083	0.0	0.1203194409608841	1.185431957244873	0.0	0.0	0.45523732900619507	2.058528423309326	1.613438367843628	0.0	1.4613591432571411	0.0	0.5667155981063843	0.0	0.0	0.0	1.7927649021148682	0.45614585280418396	0.0	1.467217206954956	0.8946186304092407	2.1511940956115723
0.0	0.0	0.24040170013904572	0.0	0.0	0.0	1.4905575513839722	0.8208814263343811	0.0	0.34039658308029175	0.5977694392204285	0.0	0.0	0.4959167540073395	0.0	0.0	0.0	0.6366928815841675	2.498743772506714	1.545204997062683	0.4247289299964905	0.7104180455207825	0.0	0.1675981879234314	0.515525758266449	0.0	0.02914777211844921	0.0	0.6311733722686768	0.14309370517730713	0.0	0.5891326665878296	0.7743012309074402	0.47840505838394165	0.0	0.12272971868515015	0.33982643485069275	0.0	0.0	0.8225528001785278	0.6079183220863342	0.8239412307739258	2.0214719772338867	0.0	0.013536516577005386	1.0738825798034668	0.0	0.0	0.5833690762519836	1.8232150077819824	1.7522473335266113	0.0	1.5582159757614136	0.0	0.5924235582351685	0.0	0.0	0.0	1.6418038606643677	0.5827115774154663	0.0	1.3117077350616455	0.5722880363464355	2.1763205528259277
0.0	0.0	0.46019476652145386	0.0	0.0	0.0	1.697584629058838	0.9100253582000732	0.0	0.12894468009471893	0.6394152641296387	0.0	0.0	0.4845672845840454	0.0	0.0	0.0	0.8478177785873413	2.4684207439422607	1.7070719003677368	0.42513272166252136	0.5797989964485168	0.0	0.3734775185585022	0.8083769083023071	0.0	0.0	0.0	0.5256884098052979	0.09217269718647003	0.0	0.6802374124526978	0.5292225480079651	0.6771754026412964	0.0	0.11418969184160233	0.28605732321739197	0.0	0.0	0.8030191659927368	0.7173658013343811	0.8488408923149109	1.991930365562439	0.0	0.05736910551786423	1.143288254737854	0.0	0.0	0.56742262840271	2.33493971824646	1.6725865602493286	0.0	1.5920711755752563	0.0	0.8559452891349792	0.0	0.0	0.0	1.7763309478759766	0.7290042638778687	0.0	1.386071801185608	0.5408023595809937	2.3600826263427734
0.0	0.04778458550572395	0.3830851912498474	0.0	0.0	0.0	1.612954020500183	1.0123904943466187	0.0	0.4371606409549713	0.43016690015792847	0.0	0.0	0.36293691396713257	0.0	0.0	0.0	0.490622878074646	2.342247247695923	1.5436317920684814	0.20421342551708221	0.6534423828125	0.0	0.5865542888641357	0.5883969664573669	0.0	0.10899625718593597	0.0	0.9314315915107727	0.18382009863853455	0.0	0.6847211718559265	0.8605687618255615	0.376428484916687	0.0	0.22865523397922516	0.2846639156341553	0.0	0.0	1.1821590662002563	0.7707964777946472	1.168888807296753	2.3126256465911865	0.0	0.19701164960861206	1.0915822982788086	0.0	0.0	0.4728424847126007	2.708919048309326	1.5699529647827148	0.0	1.4312512874603271	0.0	0.9014797806739807	0.021375205367803574	0.0	0.0	1.7934002876281738	0.6338142156600952	0.0	1.7176686525344849	1.0011471509933472	2.0783421993255615
0.0	0.0	0.5020328164100647	0.0	0.0	0.0	1.745314359664917	1.1776458024978638	0.0	0.23276761174201965	0.5795706510543823	0.0	0.0	0.14737047255039215	0.024958234280347824	0.0	0.0	0.8745591044425964	2.348468780517578	1.468540906906128	0.5866551995277405	0.38008490204811096	0.0	0.4043344557285309	0.7348319292068481	0.0	0.0	0.0	0.6354984045028687	0.2519172430038452	0.0	0.35407158732414246	0.8586954474449158	0.43175822496414185	0.0	0.0	0.3683336675167084	0.0	0.0	0.7570406794548035	0.7685106992721558	0.9568343758583069	2.0457775592803955	0.0	0.07236536592245102	1.1986325979232788	0.0	0.0	0.6171965003013611	2.249455690383911	1.7696645259857178	0.0	1.4443837404251099	0.0	0.873315155506134	0.0	0.0	0.0	1.696639060974121	0.49414870142936707	0.0	1.4672431945800781	0.5665367841720581	2.3583145141601562
0.0	0.0	0.408645361661911	0.0	0.0	0.0	1.5715409517288208	1.0001667737960815	0.0	0.34981659054756165	0.4435369372367859	0.0	0.0	0.46671903133392334	0.0	0.0	0.0	0.48640212416648865	2.485914707183838	1.5426019430160522	0.3341728150844574	0.6949968934059143	0.0	0.3953951299190521	0.6684711575508118	0.0	0.0	0.0	0.6289843320846558	0.0	0.0	0.7054137587547302	0.6109578609466553	0.6756203770637512	0.0	0.1428210586309433	0.3288421034812927	0.0	0.0	0.9600449800491333	0.7369362711906433	1.0023012161254883	1.9842321872711182	0.0	0.19091030955314636	1.140494704246521	0.0	0.0	0.3611696660518646	2.3778274059295654	1.5986894369125366	0.0	1.5376765727996826	0.0	0.8284891843795776	0.0	0.0	0.0	1.9174784421920776	0.6176742911338806	0.0	1.7105015516281128	0.8519988656044006	2.150304079055786
0.0	0.0	0.3635626435279846	0.0	0.0	0.0	1.6183147430419922	1.0497617721557617	0.0	0.21006406843662262	0.6841474175453186	0.0	0.0	0.3656547963619232	0.0	0.0	0.0	0.678577721118927	2.426152229309082	1.548063039779663	0.3446393311023712	0.6818513870239258	0.0	0.39277222752571106	0.8529481291770935	0.0	0.0	0.0	0.6929618716239929	0.1518043577671051	0.0	0.7437299489974976	0.5072643756866455	0.6065767407417297	0.0	0.07977690547704697	0.2915014922618866	0.0	0.0	0.8999673128128052	0.818708598613739	0.8846606612205505	1.863722324371338	0.0	0.029330609366297722	1.126004934310913	0.0	0.0	0.5638442039489746	2.3854727745056152	1.8611992597579956	0.0	1.5808464288711548	0.0	0.9331105351448059	0.0	0.0	0.0	2.011826515197754	0.739104688167572	0.0	1.272378921508789	0.763752818107605	2.4889678955078125
0.0	0.0	0.25985652208328247	0.0	0.0	0.0	1.5278096199035645	1.1546854972839355	0.0	0.5290579795837402	0.4323173463344574	0.0	0.0	0.4359317123889923	0.055324409157037735	0.10749500244855881	0.0	0.5106896162033081	2.3885486125946045	1.4516009092330933	0.33287546038627625	0.8085963129997253	0.0	0.4914230704307556	0.6634243726730347	0.0	0.0	0.0	0.7833198308944702	0.2165941298007965	0.0	0.7555607557296753	0.8986340165138245	0.4006352424621582	0.0	0.2815147936344147	0.3111048936843872	0.0	0.0	1.0440845489501953	0.665290355682373	1.1255319118499756	2.21669602394104	0.0	0.13159823417663574	1.1079695224761963	0.0	0.0	0.4209350049495697	2.412879705429077	1.5583617687225342	0.0	1.518121600151062	0.0	0.6287459135055542	0.0	0.0	0.0	1.7362760305404663	0.566780149936676	0.0	1.5773082971572876	0.945986270904541	2.287199020385742
0.0	0.07265672832727432	0.2978413999080658	0.0	0.0	0.0	1.5286775827407837	1.2731432914733887	0.15525273978710175	0.6070325374603271	0.42535829544067383	0.0	0.0	0.3351268172264099	0.018665891140699387	0.0	0.0	0.6257246136665344	2.3729946613311768	1.3104320764541626	0.2751418650150299	0.8892251253128052	0.0	0.696478545665741	0.40356433391571045	0.0	0.059184860438108444	0.0	0.8406036496162415	0.34536629915237427	0.0	1.0163196325302124	0.6883158087730408	0.6391102075576782	0.0	0.18709871172904968	0.21301786601543427	0.0	0.0	1.442873477935791	0.7611863613128662	1.3289450407028198	2.319521903991699	0.0	0.11752326786518097	0.8923980593681335	0.0	0.0	0.51072096824646	2.52353835105896	1.683845043182373	0.0	1.4902396202087402	0.0	0.6391633749008179	0.03464068844914436	0.0	0.23525667190551758	1.8082855939865112	0.7297355532646179	0.0	1.4148839712142944	1.3023478984832764	2.3467297554016113
0.0	0.0	0.4386838972568512	0.0	0.0	0.0	1.3733506202697754	0.7389957308769226	0.0	0.2710907459259033	0.7403853535652161	0.0	0.0	0.23843947052955627	0.022724859416484833	0.0	0.0	0.6466844081878662	2.5692076683044434	1.4305132627487183	0.47553375363349915	0.5325638651847839	0.0	0.5217007994651794	0.776642918586731	0.0	0.0	0.0	0.36562103033065796	0.03044557198882103	0.0	0.6745028495788574	0.6272069811820984	0.6016092300415039	0.0	0.1032634899020195	0.22448526322841644	0.0	0.0	0.8432831764221191	0.713405191898346	0.7432572841644287	1.989797592163086	0.0	0.0	1.1670475006103516	0.0	0.0	0.5964772701263428	2.3078622817993164	1.7471803426742554	0.0	1.5718066692352295	0.0	0.723193883895874	0.0	0.0	0.0	1.6259915828704834	0.6123332381248474	0.0	1.7135519981384277	0.5607172250747681	2.14558482170105
0.07529470324516296	0.0	0.25359809398651123	0.20318715274333954	0.0	0.0	1.4609180688858032	0.8178386092185974	0.0	0.26486682891845703	0.6669055819511414	0.0	0.0	0.31041333079338074	0.0	0.0	0.0	0.3595077693462372	2.4257123470306396	1.739607810974121	0.13006071746349335	0.6389496922492981	0.0	0.5135303735733032	0.7607759833335876	0.0	0.0	0.0	0.5436480045318604	0.044676054269075394	0.0	0.8809875249862671	0.45949065685272217	0.7481414675712585	0.07715985924005508	0.2852211892604828	0.006911035161465406	0.0	0.0	0.9733607172966003	0.5198423862457275	0.9282874464988708	1.9492605924606323	0.0	0.015003756619989872	0.9862470030784607	0.0	0.0	0.5711379051208496	2.384666681289673	1.7770062685012817	0.0	1.6648248434066772	0.0	0.7825536131858826	0.0	0.0	0.0	1.811492919921875	0.6766208410263062	0.0	1.3509230613708496	0.9784300923347473	2.538309335708618
0.0	0.0	0.2574715316295624	0.0	0.0	0.0	1.6653796434402466	1.0013494491577148	0.0	0.40467342734336853	0.7572304010391235	0.0	0.0	0.4836113452911377	0.11031201481819153	0.0	0.0	0.698144793510437	2.509323835372925	1.6045749187469482	0.42045682668685913	0.9693794250488281	0.0	0.04528665170073509	0.3887656033039093	0.0	0.3817456364631653	0.0	0.8456552624702454	0.4745284914970398	0.0	0.5301490426063538	0.5698164105415344	0.5041751861572266	0.0	0.22065624594688416	0.5586510896682739	0.0	0.0	0.7402513027191162	0.6623818278312683	1.064476728439331	2.156280517578125	0.0	0.03794126585125923	1.1704134941101074	0.0	0.0	0.5994515419006348	2.003307580947876	1.8416517972946167	0.0	1.6149442195892334	0.0	0.5860735177993774	0.0	0.0	0.0	1.7110683917999268	0.6127748489379883	0.0	1.198618769645691	0.6602270603179932	2.2399749755859375
0.0	0.0	0.48389309644699097	0.0	0.0	0.0	1.547408103942871	0.8848065733909607	0.0	0.2625340521335602	0.5643924474716187	0.0	0.0	0.5474384427070618	0.0	0.0	0.0	0.508770763874054	2.561406135559082	1.526227593421936	0.31410521268844604	0.6434831023216248	0.0	0.36606279015541077	0.8257884383201599	0.0	0.0	0.0	0.654913067817688	0.11311551183462143	0.0	0.7775437831878662	0.6535030007362366	0.5744142532348633	0.0	0.12546370923519135	0.3975073993206024	0.0	0.0	1.0051448345184326	0.6653061509132385	0.9218915104866028	2.1817870140075684	0.0	0.18992823362350464	0.9990371465682983	0.0	0.0	0.45805591344833374	2.383920907974243	1.479102373123169	0.0	1.5541412830352783	0.0	0.7337539792060852	0.0	0.0	0.0	1.930059552192688	0.6709822416305542	0.0	1.9723330736160278	0.814571738243103	2.2895967960357666
0.0	0.0	0.5221607089042664	0.0	0.02658081240952015	0.0	1.6944400072097778	0.9537684917449951	0.0	0.3934292495250702	0.6122155785560608	0.0	0.0	0.22905506193637848	0.06956639140844345	0.07605937868356705	0.0	0.675912082195282	2.475294828414917	1.4684779644012451	0.4127645790576935	0.4192104935646057	0.0	0.5808171033859253	0.6395933032035828	0.0	0.0	0.0	0.6580535769462585	0.15730661153793335	0.0	0.6363247632980347	0.724629282951355	0.4683368504047394	0.0	0.13158734142780304	0.4622225761413574	0.0	0.0	0.9657061696052551	0.6753785014152527	1.1647206544876099	1.9926071166992188	0.0	0.042273666709661484	1.2046252489089966	0.0	0.0	0.61745685338974	2.454021453857422	1.7015427350997925	0.0	1.4135937690734863	0.0	0.9672312140464783	0.000442602758994326	0.0	0.0	1.7876707315444946	0.4707689583301544	0.0	1.3809161186218262	0.6223500370979309	2.361565351486206
0.0	0.0	0.4260731041431427	0.0	0.0	0.0	1.4694867134094238	1.070686936378479	0.0	0.4639943540096283	0.5529220700263977	0.0	0.0	0.4556550979614258	0.01407591998577118	0.0	0.0	0.6714538931846619	2.4378833770751953	1.4517152309417725	0.3361983299255371	0.6093177199363708	0.14843833446502686	0.38370954990386963	0.6268487572669983	0.0	0.0	0.0	0.6825733780860901	0.353954941034317	0.0	0.5860632658004761	0.7320785522460938	0.5503299832344055	0.0	0.0	0.3595607876777649	0.0	0.0	1.02904212474823	0.6732122898101807	0.9411931037902832	2.1146090030670166	0.0	0.15773452818393707	1.082780361175537	0.0	0.0	0.3913540542125702	2.3196732997894287	1.5576481819152832	0.0	1.4909199476242065	0.0	0.7903802394866943	0.0	0.0	0.0	1.7557260990142822	0.5565369725227356	0.0	1.6183854341506958	0.802215576171875	2.2350025177001953
0.0	0.0	0.3884810507297516	0.0	0.0	0.0	1.6518081426620483	0.8412269949913025	0.0	0.21732661128044128	0.617260754108429	0.0	0.0	0.31954023241996765	0.01689198985695839	0.0	0.0	0.7059414982795715	2.416579008102417	1.607155442237854	0.3497997224330902	0.5603052377700806	0.0	0.45053842663764954	0.6967670321464539	0.0	0.0	0.0	0.6512085795402527	0.05097441002726555	0.0	0.508280336856842	0.5724466443061829	0.4814893305301666	0.0	0.22746165096759796	0.27695709466934204	0.0	0.0	0.8490198850631714	0.6712286472320557	0.7283569574356079	1.9067469835281372	0.0	0.0	1.1358283758163452	0.0	0.0	0.5751899480819702	2.3075153827667236	1.672940969467163	0.0	1.5071879625320435	0.0	0.7516350746154785	0.0	0.0	0.0	1.6580573320388794	0.662449061870575	0.0	1.3707393407821655	0.660412609577179	2.241177558898926
0.0	0.03405672311782837	0.1308576464653015	0.0	0.07980384677648544	0.0	1.6264119148254395	0.8961377143859863	0.0	0.39753204584121704	0.5255026817321777	0.0	0.0	0.5567228198051453	0.0	0.0	0.0	0.448853999376297	2.4565858840942383	1.8212403059005737	0.30718353390693665	0.8348738551139832	0.0	0.1073552742600441	0.5145400762557983	0.0	0.23815962672233582	0.0	0.8027997612953186	0.2299700379371643	0.0	0.6719025373458862	0.5792751908302307	0.49754828214645386	0.0	0.5047537684440613	0.25451555848121643	0.0	0.0	0.9200875163078308	0.5244289040565491	0.8648484945297241	1.991632103919983	0.0	0.007784963585436344	1.2134827375411987	0.0	0.0	0.679010272026062	2.1687746047973633	1.6543772220611572	0.0	1.6108677387237549	0.0	0.6884638071060181	0.0	0.0	0.0	1.7407795190811157	0.6485893726348877	0.0	1.2696194648742676	0.9142861366271973	2.365283727645874
0.0	0.09407743066549301	0.27779531478881836	0.0	0.0	0.0	1.6073107719421387	0.9681937098503113	0.0	0.34533607959747314	0.5338043570518494	0.0	0.0	0.5171260237693787	0.0	0.0	0.0	0.5078786015510559	2.53065824508667	1.6823862791061401	0.3822202682495117	0.9061832427978516	0.0	0.10448609292507172	0.42821168899536133	0.0	0.33081895112991333	0.0	0.8646194338798523	0.3573363125324249	0.0	0.5581883192062378	0.5575739145278931	0.4346449375152588	0.0	0.3089865446090698	0.3677470088005066	0.0	0.0	0.984401285648346	0.6240927577018738	0.983007550239563	2.0072388648986816	0.0	0.0704522430896759	1.116590142250061	0.0	0.0	0.7295975685119629	2.2132251262664795	1.6389076709747314	0.0	1.6348915100097656	0.0	0.6000860929489136	0.0	0.0	0.0	1.7543420791625977	0.5670368671417236	0.0	1.1141048669815063	0.7533539533615112	2.4404473304748535
0.0	0.0	0.5298564434051514	0.0	0.0	0.0	1.6215513944625854	1.0051811933517456	0.0	0.11773485690355301	0.7024044990539551	0.0	0.0	0.19978712499141693	0.0	0.0	0.0	0.6724388003349304	2.5120747089385986	1.5218861103057861	0.37205982208251953	0.30086711049079895	0.0	0.6131020188331604	0.9490988254547119	0.0	0.0	0.0	0.458994597196579	0.0	0.0	0.5752599239349365	0.5541502237319946	0.5166792273521423	0.0	0.05196211859583855	0.2565675973892212	0.0	0.0	1.008838415145874	0.6578687429428101	0.6960804462432861	1.9049345254898071	0.0	0.08149421215057373	1.1053296327590942	0.0	0.0	0.5499005317687988	2.4654836654663086	1.652687907218933	0.0	1.452674388885498	0.0	0.9056325554847717	0.0	0.0	0.0	1.7155765295028687	0.8145653009414673	0.0	1.5644736289978027	0.6389696598052979	2.2550208568573
0.0	0.0	0.3285248577594757	0.0	0.0	0.0	1.4237992763519287	0.982422947883606	0.0	0.6467170119285583	0.5423728823661804	0.0	0.0	0.39654937386512756	0.24920128285884857	0.10536394268274307	0.0	0.5806892514228821	2.5161170959472656	1.4023277759552002	0.31438323855400085	0.8940936923027039	0.0	0.48371148109436035	0.7263162732124329	0.0	0.0	0.0	0.7888008952140808	0.0	0.0	0.9256198406219482	0.7527292370796204	0.5728133916854858	0.0	0.3146372437477112	0.510129451751709	0.0	0.0	1.0902435779571533	0.6858100891113281	1.2646504640579224	2.139793634414673	0.0	0.0	1.044144868850708	0.0	0.0	0.542692244052887	2.3540608882904053	1.606808066368103	0.0	1.587689757347107	0.0	0.7459442019462585	0.0	0.0	0.08077174425125122	1.7055046558380127	0.6704185605049133	0.0	1.469313144683838	0.9334599375724792	2.4244384765625
0.0	0.38383999466896057	0.07240434736013412	0.0	0.0	0.0	1.760141134262085	1.0955334901809692	0.0459672249853611	0.4586479663848877	0.47072795033454895	0.0	0.0	0.7006620168685913	0.028894415125250816	0.0	0.0	0.501981258392334	2.579580783843994	1.8705641031265259	0.19726020097732544	1.090073823928833	0.0	0.07123967260122299	0.46102380752563477	0.0	0.5570826530456543	0.0	0.9376736283302307	0.5838497877120972	0.0	0.6979470252990723	0.5618255734443665	0.4226190149784088	0.0	0.6270109415054321	0.22410516440868378	0.0	0.0	0.9220011234283447	0.5411471724510193	1.251503825187683	2.0498085021972656	0.0	0.0	1.176607370376587	0.0	0.0	0.6756969094276428	1.9665521383285522	1.688502311706543	0.0	1.564666748046875	0.0	0.712181031703949	0.0	0.0	0.0	1.6924269199371338	0.5048871040344238	0.2491457611322403	0.9937751293182373	0.8691995739936829	2.349492073059082
0.0	0.14795778691768646	0.260694295167923	0.0	0.0	0.0	1.6511410474777222	1.0802632570266724	0.0	0.6689980030059814	0.4141644239425659	0.0	0.0	0.4967747926712036	0.2704930603504181	0.14816513657569885	0.0	0.42823466658592224	2.5571672916412354	1.68259859085083	0.14132922887802124	0.8488616943359375	0.0	0.4231359362602234	0.5006347298622131	0.012276207096874714	0.2245057076215744	0.0	1.0822261571884155	0.22003351151943207	0.0	0.7587233781814575	0.8378368020057678	0.40979692339897156	0.0	0.4536040723323822	0.0937834307551384	0.0	0.0	1.3422514200210571	0.58298659324646	1.1818796396255493	2.140460729598999	0.0	0.1494269073009491	1.0893512964248657	0.0	0.0	0.531629741191864	2.670882225036621	1.6363377571105957	0.0	1.3518396615982056	0.0	0.5827522277832031	0.0	0.0	0.0	1.6349537372589111	0.4877055287361145	0.0	1.380279302597046	1.0356520414352417	2.3830761909484863
0.0	0.0	0.14247196912765503	0.0	0.07882922887802124	0.0	1.6072851419448853	0.8457836508750916	0.0	0.4507840871810913	0.5776616930961609	0.0	0.0	0.643001914024353	0.0	0.0	0.0	0.5008267760276794	2.493866443634033	1.8360141515731812	0.2516848146915436	0.9763054251670837	0.0	0.041574958711862564	0.46871042251586914	0.0	0.20337672531604767	0.0	0.8167281150817871	0.2802322804927826	0.0	0.5184580087661743	0.42040470242500305	0.4030907154083252	0.0	0.5717616081237793	0.18645863234996796	0.0	0.0	0.86368727684021	0.6224550604820251	0.7890701293945312	2.0367438793182373	0.0	0.097800612449646	1.0575103759765625	0.0	0.0	0.5515619516372681	2.066370725631714	1.6510822772979736	0.0	1.648554801940918	0.0	0.5160044431686401	0.0	0.0	0.0	1.7437586784362793	0.7014961838722229	0.0	1.1108795404434204	0.8276286721229553	2.287777900695801
0.0	0.0	0.2794305086135864	0.0	0.0	0.0	1.4274029731750488	0.8870040774345398	0.0	0.3594251871109009	0.5128259658813477	0.0	0.0	0.2813994288444519	0.09659967571496964	0.0	0.0	0.718839168548584	2.4261105060577393	1.3472087383270264	0.36802977323532104	0.5929206013679504	0.0	0.4756268262863159	0.7688458561897278	0.0	0.0	0.0	0.5199132561683655	0.034960683435201645	0.0	0.5306381583213806	0.7768579125404358	0.41208645701408386	0.0	0.09774409234523773	0.3285105526447296	0.0	0.0	1.12416672706604	0.8679792284965515	0.9728556871414185	2.0574135780334473	0.0	0.08008749783039093	1.1921069622039795	0.0	0.0	0.5133416056632996	2.377631664276123	1.691927433013916	0.0	1.4209059476852417	0.0	0.7853448390960693	0.0	0.0	0.0	1.6150052547454834	0.7554330825805664	0.0	1.447432041168213	0.6890270113945007	2.211719274520874
0.0477239154279232	0.0	0.3084127902984619	0.0	0.0	0.0	1.3441576957702637	0.8071969151496887	0.0	0.21023660898208618	0.5827024579048157	0.0	0.0	0.5006647109985352	0.0	0.0	0.0	0.6139978766441345	2.4597480297088623	1.6650665998458862	0.5843608379364014	0.9572346806526184	0.0	0.33613255620002747	0.9730285406112671	0.0	0.0	0.0	0.6321678757667542	0.0	0.0	0.9204700589179993	0.849301815032959	0.669232189655304	0.0	0.39406564831733704	0.46627292037010193	0.0	0.0	1.0190985202789307	0.5617417097091675	0.9957665801048279	2.1499056816101074	0.0	0.07447920739650726	1.2330965995788574	0.0	0.0	0.46407830715179443	2.15175199508667	1.713857650756836	0.0	1.564625859260559	0.0	0.8792843222618103	0.0	0.0	0.0	1.7236155271530151	0.9443034529685974	0.0	1.8066457509994507	0.8356133103370667	2.3110618591308594
0.0	0.0	0.36110901832580566	0.0	0.22647401690483093	0.0	1.4793604612350464	0.9091631770133972	0.0	0.3133014440536499	0.6209489107131958	0.0	0.0	0.2999706566333771	0.12264285236597061	0.0	0.0	0.6491435170173645	2.3887572288513184	1.3129488229751587	0.5885339379310608	0.48287495970726013	0.0	0.6582843661308289	1.0181310176849365	0.0	0.0	0.0	0.5752374529838562	0.0	0.21034814417362213	0.5939924716949463	0.7458269596099854	0.543411910533905	0.0	0.0	0.3569064140319824	0.0	0.0	0.8704030513763428	0.7244842052459717	1.138432264328003	1.9240707159042358	0.0	0.0	1.205046534538269	0.0	0.0	0.5801103711128235	2.571928024291992	1.5840281248092651	0.0	1.3769487142562866	0.0	0.8314133286476135	0.0	0.0	0.0	1.6371022462844849	0.6503854990005493	0.0	1.5980198383331299	0.7561906576156616	2.284074544906616
0.0	0.0	0.5335432291030884	0.0	0.0	0.0	1.6811882257461548	0.9271974563598633	0.0	0.27065309882164	1.0214273929595947	0.0	0.0	0.2411338835954666	0.0	0.0	0.0	0.592673122882843	2.4114654064178467	1.312048316001892	0.4767257273197174	0.5476179122924805	0.0	0.8064026832580566	0.5322814583778381	0.0	0.15503424406051636	0.0	0.7000526189804077	0.013328330591320992	0.0	0.6579322218894958	0.8487787246704102	0.46069350838661194	0.0	0.047280047088861465	0.3656354248523712	0.0	0.0	0.9233826398849487	0.7394433617591858	0.8372695446014404	1.937504529953003	0.0	0.0	1.2396661043167114	0.0	0.0	0.8388040661811829	2.4675004482269287	1.8037892580032349	0.0	1.3912532329559326	0.0	0.9247697591781616	0.0	0.0	0.0	1.626996397972107	0.459209680557251	0.0	1.5197077989578247	0.8124701380729675	2.234975576400757
0.0	0.0	0.3609112501144409	0.0	0.0	0.0	1.498636245727539	0.8614630103111267	0.0	0.19209076464176178	0.6069633960723877	0.0	0.0	0.31255772709846497	0.0	0.0	0.0	0.5695107579231262	2.3314294815063477	1.6403104066848755	0.419564425945282	0.6703559756278992	0.0	0.36588698625564575	0.8434531092643738	0.0	0.0	0.0	0.6205118298530579	0.04688892140984535	0.0	0.6183643341064453	0.5350896120071411	0.5834807753562927	0.0	0.2973937392234802	0.1851622611284256	0.0	0.0	0.8683204054832458	0.7370876669883728	0.7065911889076233	1.9971815347671509	0.0	0.0	1.1245025396347046	0.0	0.0	0.565629243850708	2.3430447578430176	1.8138011693954468	0.0	1.4735280275344849	0.0	0.7868139147758484	0.0	0.0	0.0	1.745903730392456	0.7029692530632019	0.0	1.4259692430496216	0.6712608337402344	2.2106235027313232
0.0	0.0	0.44320639967918396	0.0	0.0	0.0	1.273532509803772	0.5659956336021423	0.0	0.09153809398412704	0.861022412776947	0.0	0.0	0.1928696185350418	0.15109319984912872	0.0	0.0	0.7064293026924133	2.459318161010742	1.1549040079116821	0.5925731062889099	0.3010275661945343	0.019798340275883675	0.762458324432373	0.9192361235618591	0.0	0.0	0.0	0.23643971979618073	0.0	0.0	0.6255334615707397	0.580625057220459	0.4098012447357178	0.0	0.05510256066918373	0.33613595366477966	0.0	0.0	0.8150070309638977	0.7786681652069092	0.6459375619888306	1.9924421310424805	0.0	0.1095317080616951	1.0239125490188599	0.0	0.0	0.5811112523078918	2.258354663848877	1.6189219951629639	0.0	1.476707100868225	0.0	0.6386432647705078	0.0	0.0	0.0	1.5227599143981934	0.729805052280426	0.0	1.6791409254074097	0.5921985507011414	2.0324859619140625
0.0	0.0	0.2962290346622467	0.0	0.0	0.0	1.6606521606445312	0.947731614112854	0.0	0.4845511019229889	0.5092396140098572	0.0	0.0	0.41790562868118286	0.0	0.0	0.0	0.4866971969604492	2.347238302230835	1.7596945762634277	0.25325605273246765	0.7038463950157166	0.05968309938907623	0.4150537848472595	0.7098264098167419	0.0	0.0	0.0	0.589475154876709	0.1577390432357788	0.0	0.7449357509613037	0.6579582691192627	0.7031694054603577	0.0	0.06117459014058113	0.07516999542713165	0.0	0.0	0.8828141689300537	0.5712577104568481	0.8855916261672974	1.9069240093231201	0.0	0.0	1.0224530696868896	0.0	0.0	0.6216148734092712	2.2627384662628174	1.6773511171340942	0.0	1.5056641101837158	0.0	0.7952732443809509	0.0	0.0	0.0	1.8319039344787598	0.629112720489502	0.0	1.5159722566604614	0.8217644095420837	2.514538288116455
0.0	0.0	0.45317307114601135	0.0	0.0	0.0	1.6000865697860718	0.8177797198295593	0.0	0.2710535228252411	0.6173160672187805	0.0	0.0	0.24040289223194122	0.03855004534125328	0.0	0.0	0.5011561512947083	2.3588223457336426	1.7183780670166016	0.42298778891563416	0.4478016495704651	0.0	0.5738406777381897	0.9131108522415161	0.09488419443368912	0.0	0.0	0.493715763092041	0.0	0.0	0.6420983672142029	0.4626256227493286	0.5804807543754578	0.0	0.21266765892505646	0.2385251522064209	0.0	0.0	0.9700015187263489	0.5891444087028503	0.7973330616950989	1.9157054424285889	0.0	0.030661385506391525	1.1075682640075684	0.0	0.0	0.4958514869213104	2.591334819793701	1.645511507987976	0.0	1.5532987117767334	0.0	0.7976721525192261	0.0	0.0	0.0	1.686653971672058	0.7626892328262329	0.0	1.5438718795776367	0.6476035118103027	2.3951892852783203
0.0	0.0	0.33858829736709595	0.0	0.0	0.0	1.7830009460449219	1.2427964210510254	0.0	0.496351957321167	0.5026963353157043	0.0	0.0	0.3071764409542084	0.1208287701010704	0.0	0.0	0.6646491289138794	2.5652639865875244	1.526289701461792	0.2812449038028717	0.7456167936325073	0.023045439273118973	0.44150692224502563	0.5523693561553955	0.0	0.11691708117723465	0.0	0.8419665694236755	0.32705435156822205	0.0	0.6052860021591187	0.668907880783081	0.546809732913971	0.0	0.1014191284775734	0.2698074281215668	0.0	0.0	1.0756922960281372	0.8513849377632141	1.1553679704666138	1.9812171459197998	0.0	0.0	1.2463643550872803	0.0	0.0	0.5196290612220764	2.451495409011841	1.7279037237167358	0.0	1.3395752906799316	0.0	0.7520254850387573	0.0	0.0	0.0	1.6837345361709595	0.4214625954627991	0.0	1.4300808906555176	0.8309457898139954	2.3287036418914795
0.0	0.1470573991537094	0.09690417349338531	0.0	0.0	0.0	1.7272014617919922	1.093944787979126	0.05929459258913994	0.37680405378341675	0.4868704378604889	0.0	0.0	0.6326920390129089	0.21032610535621643	0.0	0.0	0.7370342016220093	2.4701907634735107	1.9964090585708618	0.4533213973045349	1.0761265754699707	0.0	0.10191084444522858	0.6745002269744873	0.0	0.45115798711776733	0.0	1.0217050313949585	0.49530962109565735	0.0	0.7599141001701355	0.32894983887672424	0.6215879917144775	0.0	0.5804718136787415	0.28412821888923645	0.0	0.0717947781085968	0.963824987411499	0.5460742712020874	1.3658924102783203	1.9929852485656738	0.0	0.1301610916852951	1.0757609605789185	0.0	0.0	0.5738749504089355	2.0347113609313965	1.7165340185165405	0.0	1.587218999862671	0.0	0.47141945362091064	0.0	0.0	0.0	1.6196321249008179	0.8795571327209473	0.0	0.9028385877609253	0.8008809089660645	2.3378801345825195
0.0	0.0	0.44331276416778564	0.0	0.0	0.0	1.6262716054916382	0.9965114593505859	0.0	0.25956401228904724	0.5609076023101807	0.0	0.0	0.41230493783950806	0.016929643228650093	0.0	0.0	0.6587709784507751	2.408952474594116	1.7214796543121338	0.486655056476593	0.5928404331207275	0.08504986017942429	0.3623815178871155	0.9085454344749451	0.0	0.0	0.0	0.6708812117576599	0.14701981842517853	0.0	0.6593531370162964	0.5767359137535095	0.5696008801460266	0.0	0.24458394944667816	0.2843499481678009	0.0	0.03431727737188339	1.0304653644561768	0.5839248299598694	0.9371654987335205	1.9662668704986572	0.0	0.008409038186073303	1.0837510824203491	0.0	0.0	0.46827614307403564	2.2286109924316406	1.623545527458191	0.0	1.5885342359542847	0.0	0.7765634655952454	0.0	0.0	0.0	1.929796814918518	0.8944612741470337	0.0	1.5238271951675415	0.7256784439086914	2.331120014190674
0.0	0.3029962480068207	0.08592290431261063	0.0	0.0	0.0	1.6938743591308594	0.850326657295227	0.0	0.38583090901374817	0.5567211508750916	0.0	0.0	0.4988757073879242	0.01871407963335514	0.06946258991956711	0.0	0.4982782304286957	2.4730749130249023	1.8385194540023804	0.37379977107048035	0.9779418110847473	0.0	0.17216868698596954	0.46923330426216125	0.0	0.2968767285346985	0.0	0.8762744069099426	0.3232972025871277	0.0	0.6001546382904053	0.4680415391921997	0.41179895401000977	0.18020519614219666	0.6015757918357849	0.19600938260555267	0.0	0.0	0.8468027114868164	0.4987356662750244	0.8810577392578125	2.065934658050537	0.0	0.005248425528407097	1.0962424278259277	0.0	0.0	0.7043166160583496	2.1546876430511475	1.7470464706420898	0.0	1.5564732551574707	0.0	0.5409543514251709	0.0	0.0	0.0	1.6809145212173462	0.6118500828742981	0.0	1.0538372993469238	0.7772256135940552	2.3072094917297363
0.0	0.0	0.3031615614891052	0.0	0.0	0.0	1.5360008478164673	1.0495362281799316	0.0	0.31882554292678833	0.6332898736000061	0.0	0.0	0.6283042430877686	0.0	0.0	0.0	0.6908507347106934	2.519763231277466	1.6971042156219482	0.6043417453765869	0.8218331336975098	0.08464380353689194	0.21504031121730804	0.6192501187324524	0.0	0.13661614060401917	0.0	0.7738588452339172	0.2254810929298401	0.0	0.556357204914093	0.6979140639305115	0.5717271566390991	0.0	0.3416564464569092	0.48501452803611755	0.0	0.0	0.9311972856521606	0.6471781730651855	0.9277119636535645	2.106192111968994	0.0	0.0542793832719326	1.0832260847091675	0.0	0.0	0.5503749847412109	2.113577127456665	1.7508952617645264	0.0	1.515693187713623	0.0	0.5468418598175049	0.0	0.0	0.0	1.7700655460357666	0.6945677995681763	0.0	1.2565972805023193	0.7187424302101135	2.3124542236328125
0.0	0.0	0.4784888029098511	0.0	0.0	0.0	1.6691163778305054	1.053533911705017	0.0	0.37675100564956665	0.5927211046218872	0.0	0.0	0.35632389783859253	0.05563030391931534	0.0	0.0	0.6896985173225403	2.5103261470794678	1.6026287078857422	0.25625789165496826	0.7552687525749207	0.0	0.3166954517364502	0.695398211479187	0.0	0.13583242893218994	0.0	0.7836713790893555	0.30261585116386414	0.0	0.7397428750991821	0.5838185548782349	0.6428030133247375	0.0	0.20134326815605164	0.27220362424850464	0.0	0.0	1.0044450759887695	0.6882489919662476	0.9962822794914246	2.0321192741394043	0.0	0.017815001308918	1.1589275598526	0.0	0.0	0.5132286548614502	2.2115321159362793	1.7220659255981445	0.0	1.520569920539856	0.0	0.8919442296028137	0.0	0.0	0.0	1.7405714988708496	0.5858545899391174	0.0	1.460132360458374	0.7928997278213501	2.4164397716522217
0.0	0.0	0.5168126821517944	0.0	0.0	0.0	1.6035608053207397	0.9424684643745422	0.0	0.29593488574028015	0.6474645733833313	0.0	0.0	0.6761929988861084	0.0	0.0	0.018050214275717735	0.41249123215675354	2.4571971893310547	1.3977882862091064	0.1914817839860916	0.5780857801437378	0.0025594488251954317	0.5167293548583984	0.8155844211578369	0.1434628665447235	0.0	0.0	0.5225144028663635	0.10588992387056351	0.0	1.0071184635162354	0.7569490671157837	0.6448067426681519	0.0	0.0	0.2877752184867859	0.0	0.0	1.1077507734298706	0.4656624495983124	1.0943336486816406	2.032541275024414	0.0	0.22867780923843384	0.941035270690918	0.0	0.0	0.3014432489871979	2.4686172008514404	1.4591463804244995	0.0	1.6503483057022095	0.0	0.8303133845329285	0.07680825144052505	0.0	0.0	1.8554292917251587	0.5197433829307556	0.0	1.9008868932724	0.8867714405059814	2.3177475929260254
0.0	0.0	0.5060592889785767	0.0	0.0	0.0	1.418222427368164	1.0935003757476807	0.0	0.20066365599632263	0.6405028700828552	0.0	0.0	0.555104672908783	0.0	0.0	0.0	0.5358495712280273	2.332968235015869	1.484344244003296	0.3942698538303375	0.6004855036735535	0.0	0.570769727230072	0.7197710275650024	0.0	0.0	0.0	0.7942537069320679	0.1693185269832611	0.0	0.671134889125824	0.6716788411140442	0.5559914708137512	0.0	0.0	0.39474722743034363	0.0	0.0	0.8863357305526733	0.595462441444397	1.0073713064193726	1.9608525037765503	0.0	0.18411493301391602	0.9769037961959839	0.0	0.0	0.45507895946502686	2.456395387649536	1.6038875579833984	0.0	1.5370087623596191	0.0	0.8262243270874023	0.030534474179148674	0.0	0.0	1.8350859880447388	0.6587526798248291	0.0	1.992291808128357	0.7534418702125549	2.222381114959717
0.0	0.0	0.1854606717824936	0.0	0.0	0.0	1.2992050647735596	0.7905058860778809	0.0	0.4156334102153778	0.32018253207206726	0.0	0.0	0.5798969864845276	0.0	0.0	0.0	0.20932534337043762	2.2528271675109863	1.7306307554244995	0.10803958773612976	0.8763049840927124	0.0	0.5794662833213806	0.8832436800003052	0.0	0.0	0.0	0.765482485294342	0.0	0.0	1.0827176570892334	0.451889306306839	0.560613751411438	0.1072026863694191	0.8739861249923706	0.22375953197479248	0.0	0.0	1.2248296737670898	0.4845639765262604	0.8539641499519348	2.381098508834839	0.0	0.3100947141647339	1.070730209350586	0.0	0.0	0.27056995034217834	2.4782257080078125	1.5581785440444946	0.0	1.473343849182129	0.0	0.5742655992507935	0.0	0.0	0.0	1.9317420721054077	0.9132683277130127	0.0	1.832776427268982	1.0051229000091553	2.138867139816284
0.0	0.0	0.3349679112434387	0.0	0.0	0.0	1.4132182598114014	0.9677298069000244	0.0	0.36632972955703735	0.6712210178375244	0.0	0.0	0.25081950426101685	0.0	0.0	0.0	0.6818578243255615	2.322603940963745	1.4796284437179565	0.32522594928741455	0.5105464458465576	0.0	0.5642175078392029	0.6471067667007446	0.0	0.0	0.0	0.6578086018562317	0.05379126965999603	0.0	0.6012179851531982	0.6768172383308411	0.5108435153961182	0.0	0.013083604164421558	0.26053687930107117	0.0	0.0	0.9402496814727783	0.8063161373138428	1.2125794887542725	2.0541584491729736	0.0	0.0	1.1011155843734741	0.0	0.0	0.6336654424667358	2.4877281188964844	1.7154289484024048	0.0	1.28703773021698	0.0	0.7617007493972778	0.0	0.0	0.0	1.7573834657669067	0.5781999230384827	0.0	1.4551846981048584	0.7600000500679016	2.2276926040649414
0.0	0.0	0.4002082049846649	0.0	0.0	0.0	1.5322058200836182	0.8056043982505798	0.0	0.1558259129524231	0.6693924069404602	0.0	0.0	0.328730970621109	0.03777173161506653	0.0	0.0	0.5278348326683044	2.426734447479248	1.5452864170074463	0.2826327681541443	0.4099895656108856	0.0	0.5893375277519226	0.8564085960388184	0.0	0.0	0.0	0.4258708357810974	0.009970786981284618	0.0	0.7977075576782227	0.4355250597000122	0.5059279799461365	0.0	0.13118992745876312	0.2508043348789215	0.0	0.0	0.9757290482521057	0.5091865658760071	0.6765628457069397	1.9109783172607422	0.0	0.12829294800758362	1.0368629693984985	0.0	0.0	0.5554947257041931	2.4323437213897705	1.5232771635055542	0.0	1.7698891162872314	0.0	0.6324345469474792	0.0	0.0	0.0	1.6400383710861206	0.6998743414878845	0.0	1.674320936203003	0.7259088754653931	2.3708930015563965
0.0	0.0	0.3958750367164612	0.0	0.0	0.0	1.6410057544708252	1.11392343044281	0.0	0.22980622947216034	0.6495369672775269	0.0	0.0	0.37485817074775696	0.0	0.0	0.0	0.7138881087303162	2.362215757369995	1.6988277435302734	0.36912232637405396	0.6150751709938049	0.0	0.45765119791030884	0.8857063055038452	0.0	0.0	0.0	0.5717534422874451	0.14268364012241364	0.0	0.6565024256706238	0.5275807976722717	0.5361647009849548	0.0	0.19110429286956787	0.24604690074920654	0.0	0.0	0.7992650270462036	0.6625516414642334	0.7670555114746094	1.897617220878601	0.0	0.0	1.1506357192993164	0.0	0.0	0.5858141779899597	2.3795902729034424	1.7362693548202515	0.0	1.5390501022338867	0.0	0.8399004340171814	0.0	0.0	0.0	1.827355980873108	0.6373130679130554	0.0	1.380852222442627	0.6285316944122314	2.3471109867095947
0.18269574642181396	0.08113128691911697	0.2068239450454712	0.0	0.0	0.0	1.3563125133514404	0.9199551343917847	0.0	0.5613265633583069	0.3250967264175415	0.0	0.0	0.6520909070968628	0.0	0.0	0.0	0.22082744538784027	2.279221534729004	1.7461578845977783	0.3662225604057312	0.9476498961448669	0.0299520306289196	0.1637769639492035	0.8190662264823914	0.0	0.1769201010465622	0.0	1.0729820728302002	0.4021742045879364	0.0	0.8780902624130249	0.9251185655593872	0.5287614464759827	0.03505054488778114	0.7879064679145813	0.29952922463417053	0.0	0.0	1.432078242301941	0.6670571565628052	1.2487722635269165	2.478389024734497	0.0	0.2565692961215973	1.20024573802948	0.0	0.0	0.3828767240047455	2.416935920715332	1.534972906112671	0.0	1.3405911922454834	0.0	0.677436113357544	0.0	0.0	0.02115333080291748	1.743962049484253	0.6439255475997925	0.0	1.5986638069152832	1.1771241426467896	2.3172454833984375
0.0	0.0	0.3733646273612976	0.0	0.0	0.0	1.6114615201950073	1.094429850578308	0.0	0.25826314091682434	0.8060593605041504	0.0	0.0	0.30456066131591797	0.0	0.0	0.0	0.5359150767326355	2.424837589263916	1.6501359939575195	0.32523244619369507	0.6250287294387817	0.0	0.4548756778240204	0.7603049874305725	0.0	0.0	0.0	0.617976725101471	0.34251248836517334	0.0	0.7190370559692383	0.41967716813087463	0.5820342302322388	0.0	0.31928956508636475	0.17254948616027832	0.0	0.0	1.330384373664856	0.6274628043174744	1.109527826309204	2.0454330444335938	0.0	0.0	0.9547569751739502	0.0	0.0	0.6062588095664978	2.478987455368042	1.6530227661132812	0.0	1.5547301769256592	0.0	0.8041600584983826	0.0	0.0	0.0	1.7370845079421997	0.6860750317573547	0.0	1.5162116289138794	0.7988587617874146	2.412452220916748
0.0	0.0	0.5128769278526306	0.0	0.022569313645362854	0.0	1.4542173147201538	0.7638754844665527	0.0	0.0	0.9586185216903687	0.0	0.0	0.18271620571613312	0.0	0.0	0.0	0.7578111886978149	2.4416921138763428	1.3417500257492065	0.6184239983558655	0.32746410369873047	0.0	0.8325402140617371	1.1354563236236572	0.0	0.0	0.0	0.14342579245567322	0.0	0.0	0.6478407382965088	0.35966357588768005	0.5342367887496948	0.0	0.0	0.224003866314888	0.0	0.0	0.7246511578559875	0.6618055701255798	0.484981507062912	1.8962156772613525	0.0	0.0	1.0105321407318115	0.0	0.0	0.6603549122810364	2.3611881732940674	1.6385709047317505	0.0	1.410676121711731	0.0	0.7717923521995544	0.0	0.0	0.0	1.6827409267425537	0.745714545249939	0.0	1.5390244722366333	0.49127262830734253	2.020277976989746
0.0	0.0	0.3896309435367584	0.0	0.0	0.0	1.6678794622421265	1.0405617952346802	0.0	0.17925354838371277	0.7235867977142334	0.0	0.0	0.3689020872116089	0.08037964999675751	0.0	0.0	0.642652690410614	2.3576369285583496	1.6117830276489258	0.3497637212276459	0.5740540027618408	0.0	0.5891410112380981	0.9090175032615662	0.0	0.0	0.0	0.5447742938995361	0.3484937846660614	0.0	0.7028091549873352	0.5626687407493591	0.632427453994751	0.0	0.20992892980575562	0.14142848551273346	0.0	0.0	0.9289518594741821	0.6341245174407959	1.1221493482589722	2.0187737941741943	0.0	0.0	1.10093355178833	0.0	0.0	0.5514768362045288	2.428239107131958	1.7574269771575928	0.0	1.7076270580291748	0.0	0.873561441898346	0.0	0.0	0.0	1.7364728450775146	0.6968141198158264	0.0	1.3725281953811646	0.7592258453369141	2.5237958431243896
0.0	0.004452826920896769	0.42634618282318115	0.0	0.0	0.0	1.573836326599121	1.0540634393692017	0.0	0.41721078753471375	0.6092957258224487	0.0	0.0	0.34830591082572937	0.05055832117795944	0.0	0.0	0.6432338953018188	2.420527458190918	1.3473076820373535	0.4064304530620575	0.5779561400413513	0.0	0.4052877128124237	0.5789678692817688	0.0	0.13977552950382233	0.0	0.9303098917007446	0.36763840913772583	0.0	0.5066972374916077	0.6650973558425903	0.42111286520957947	0.0	0.0	0.3232779800891876	0.0	0.0	1.0934314727783203	0.8804407119750977	1.2515389919281006	2.0233540534973145	0.0	0.0	1.22909677028656	0.0	0.0	0.6985188722610474	2.2801449298858643	1.6303205490112305	0.0	1.272808313369751	0.0	0.8041284084320068	0.019675495103001595	0.0	0.0	1.738448143005371	0.4488315284252167	0.0	1.397592544555664	0.8160470724105835	2.22322154045105
0.0	0.0	0.46153098344802856	0.0	0.0	0.0	1.370937705039978	0.8100490570068359	0.0	0.35052019357681274	0.6671555042266846	0.0	0.0	0.36461901664733887	0.060998570173978806	0.0	0.0	0.6959648132324219	2.3576977252960205	1.191270112991333	0.3815520107746124	0.4425552785396576	0.0	0.4663110673427582	0.5898916721343994	0.0	0.0	0.0	0.49048566818237305	0.0	0.0	0.4970088601112366	0.914412260055542	0.4716905355453491	0.0	0.0	0.35161957144737244	0.0	0.0	0.7459787130355835	0.8045697212219238	1.02577543258667	1.9244074821472168	0.0	0.027208153158426285	1.0960954427719116	0.0	0.0	0.5524094700813293	2.0068812370300293	1.6087464094161987	0.0	1.494909405708313	0.0	0.7557234764099121	0.0	0.0	0.0	1.675257682800293	0.4493871331214905	0.0	1.6254441738128662	0.7828673124313354	2.018402338027954
0.0	0.0	0.20848385989665985	0.0	0.07454308867454529	0.0	1.738655924797058	0.9579895734786987	0.0	0.27771615982055664	0.6605323553085327	0.0	0.0	0.6209229230880737	0.0042507462203502655	0.0	0.0	0.6125757098197937	2.4806084632873535	1.6854878664016724	0.39731600880622864	0.728468656539917	0.0	0.20618796348571777	0.5837734341621399	0.0	0.05604933202266693	0.0	0.785595715045929	0.1622852236032486	0.0	0.5940879583358765	0.5227718949317932	0.5467649698257446	0.0	0.2955651879310608	0.5139563679695129	0.0	0.0	0.8101099729537964	0.570324182510376	0.8766941428184509	2.1063363552093506	0.0	0.04892555624246597	1.1703847646713257	0.0	0.0	0.5349398851394653	2.3087446689605713	1.6541093587875366	0.0	1.6048954725265503	0.0	0.5913743376731873	0.0	0.0	0.0	1.655542016029358	0.6056395769119263	0.0	1.3157744407653809	0.6105630397796631	2.219759464263916
0.0	0.0	0.22743214666843414	0.0	0.0	0.0	1.669843316078186	1.0126292705535889	0.02913430891931057	0.2536156177520752	0.5600666403770447	0.0	0.0	0.5819051861763	0.028333894908428192	0.0	0.0	0.6647610664367676	2.4093520641326904	1.7302184104919434	0.38076359033584595	1.0356862545013428	0.0	0.14840418100357056	0.5007688403129578	0.0	0.3315320312976837	0.0	0.9380886554718018	0.4155649244785309	0.0	0.6256815791130066	0.47777125239372253	0.4448177218437195	0.0	0.47875547409057617	0.37122008204460144	0.0	0.0	0.8577088713645935	0.6283372044563293	0.9688738584518433	2.0463414192199707	0.0	0.0	1.104260802268982	0.0	0.0	0.6182065606117249	2.151573419570923	1.843754529953003	0.0	1.6713838577270508	0.0	0.6097739934921265	0.0	0.0	0.0	1.6525356769561768	0.5542556643486023	0.0	1.044487476348877	0.8594886064529419	2.267827033996582
0.0	0.0	0.43049946427345276	0.0	0.0	0.0	1.596467137336731	1.0146995782852173	0.0	0.25634443759918213	0.7798411250114441	0.0	0.0	0.34875667095184326	0.04596370458602905	0.0	0.0	0.6419107913970947	2.418346643447876	1.560542345046997	0.4234125018119812	0.4728042185306549	0.0	0.6710777878761292	0.8955476880073547	0.0	0.0	0.0	0.424310564994812	0.0	0.0	0.721711277961731	0.43087121844291687	0.6485816240310669	0.0	0.07025410234928131	0.26474860310554504	0.0	0.0	0.9047544002532959	0.6198402643203735	0.8718652725219727	1.911299705505371	0.0	0.10386396199464798	1.0518478155136108	0.0	0.0	0.5273070931434631	2.501847267150879	1.6523082256317139	0.0	1.5035545825958252	0.0	0.8069909811019897	0.0	0.0	0.0	1.7506462335586548	0.6638715863227844	0.0	1.5182175636291504	0.6663243770599365	2.369847059249878
0.0	0.0	0.2650035321712494	0.0	0.0	0.0	1.3856388330459595	0.9580852389335632	0.0	0.3094927668571472	0.35888203978538513	0.0	0.0	0.40799760818481445	0.0	0.0	0.0	0.46118754148483276	2.267706871032715	1.6362438201904297	0.20824825763702393	0.8378781676292419	0.0	0.427778959274292	0.565892219543457	0.0	0.0	0.0	0.8382896184921265	0.06850041449069977	0.0	0.6988039612770081	0.502325177192688	0.3949258327484131	0.0	0.4521712064743042	0.1584618240594864	0.0	0.0	0.9422781467437744	0.827295184135437	0.7792797088623047	2.264695167541504	0.0	0.1959238499403	1.0447947978973389	0.0	0.0	0.5875847935676575	2.3379580974578857	1.802147626876831	0.0	1.4851566553115845	0.0	0.7610951066017151	0.0	0.0	0.0	1.9693948030471802	0.7072998285293579	0.0	1.4706394672393799	0.8660348653793335	2.081118106842041
0.0	0.0	0.35135868191719055	0.0	0.0	0.0	1.5169991254806519	1.0312037467956543	0.0	0.2565738558769226	0.5324341654777527	0.0	0.0	0.39551427960395813	0.0	0.0	0.0	0.570192813873291	2.3946945667266846	1.5058246850967407	0.2794749438762665	0.8084093928337097	0.0	0.6613342761993408	0.6775439381599426	0.0	0.0	0.0	0.6861932873725891	0.12302081286907196	0.0	0.687110185623169	0.5379433035850525	0.6108033657073975	0.0	0.23271732032299042	0.22365859150886536	0.0	0.0	0.9308261871337891	0.6585783958435059	0.9739288687705994	1.876947283744812	0.0	0.05488559231162071	1.0718482732772827	0.0	0.0	0.5846132636070251	2.427311658859253	1.7904280424118042	0.0	1.4976143836975098	0.0	0.663472056388855	0.0	0.0	0.0	1.8768006563186646	0.6445574164390564	0.0	1.6494561433792114	0.7742880582809448	2.356410264968872
0.012144330888986588	0.0	0.4883897602558136	0.0	0.0	0.0	1.7083231210708618	0.8316895365715027	0.0	0.13101263344287872	0.6426369547843933	0.0	0.0	0.36812523007392883	0.0	0.0	0.0	0.6438932418823242	2.3242321014404297	1.3818920850753784	0.39826759696006775	0.4440855383872986	0.003750362666323781	0.5106580257415771	0.8979182243347168	0.0	0.0	0.0	0.5052459836006165	0.0	0.0	0.6580078601837158	0.6730996370315552	0.6302692890167236	0.0	0.0	0.34052616357803345	0.0	0.0	0.8952178359031677	0.6081687211990356	0.9561168551445007	2.0384113788604736	0.0	0.10447217524051666	1.0552235841751099	0.0	0.0	0.41577067971229553	2.494549036026001	1.575613260269165	0.0	1.5240533351898193	0.0	0.7896801829338074	0.0	0.0	0.0	1.7437149286270142	0.7384806275367737	0.0	1.5892987251281738	0.576136589050293	2.2598960399627686
0.0	0.0	0.49722760915756226	0.0	0.0	0.0	1.510034441947937	1.0663840770721436	0.0	0.3479887843132019	0.5105987191200256	0.0	0.0	0.6577844619750977	0.0	0.0	0.0	0.6602503061294556	2.4436192512512207	1.4984147548675537	0.4288039207458496	0.5840198993682861	0.04548422992229462	0.5054903030395508	0.6867606043815613	0.0	0.0	0.0	0.6993110775947571	0.26816773414611816	0.0	0.6865420937538147	0.8401681184768677	0.5729443430900574	0.0	0.003908657003194094	0.38779404759407043	0.0	0.0	0.9536953568458557	0.7241528630256653	0.965691089630127	2.183687448501587	0.0	0.23424603044986725	1.023844599723816	0.0	0.0	0.28479504585266113	2.382563591003418	1.5965334177017212	0.0	1.4378936290740967	0.0	0.7022231221199036	0.01733323745429516	0.0	0.0	1.8487443923950195	0.6409260630607605	0.0	1.844160795211792	0.7414182424545288	2.241800546646118
0.0	0.0	0.3561144173145294	0.0	0.0	0.0	1.5099003314971924	0.9742422699928284	0.0	0.2872219383716583	0.7769075632095337	0.0	0.0	0.16072934865951538	0.19704081118106842	0.23456540703773499	0.0	0.6752547025680542	2.5774340629577637	1.4528114795684814	0.35315176844596863	0.5179644823074341	0.0	0.7111765742301941	0.7063708901405334	0.0	0.0	0.0	0.5490561723709106	0.16514083743095398	0.0	0.5381652116775513	0.6998366117477417	0.42740198969841003	0.0	0.06286180019378662	0.22956940531730652	0.0	0.0	0.9410830736160278	0.7372816801071167	1.0673385858535767	1.873801589012146	0.0	0.0	1.1182949542999268	0.0	0.0	0.5858123898506165	2.672356367111206	1.6514008045196533	0.0	1.3195186853408813	0.0	0.8146055340766907	0.0	0.0	0.0	1.5731911659240723	0.4497309923171997	0.0	1.43691885471344	0.8613542318344116	2.338555097579956
0.0	0.0	0.42455628514289856	0.0	0.0	0.0	1.3127572536468506	0.870887279510498	0.0	0.3201846182346344	0.6245872378349304	0.0	0.0	0.6029331684112549	0.0	0.0	0.0	0.36885616183280945	2.3375067710876465	1.6593471765518188	0.31302833557128906	0.6043645143508911	0.0	0.47463059425354004	0.8936122059822083	0.0	0.0	0.0	0.648709237575531	0.0	0.0	0.8901870250701904	0.9303506016731262	0.4485971927642822	0.0	0.27669408917427063	0.4035013020038605	0.0	0.0	0.9914548397064209	0.6193462610244751	0.7473719716072083	2.1684083938598633	0.0	0.16179636120796204	1.0328733921051025	0.0	0.0	0.5008105635643005	2.448753595352173	1.4289315938949585	0.0	1.5115522146224976	0.0	0.6460315585136414	0.0	0.0	0.0	1.693344235420227	0.6855825185775757	0.0	1.9003586769104004	0.7241702675819397	2.0715572834014893
0.0	0.0	0.09616628289222717	0.0	0.0	0.0	1.4994192123413086	0.919134259223938	0.0	0.28621232509613037	0.483738511800766	0.0	0.0	0.6535518765449524	0.0	0.0	0.0	0.5276142954826355	2.292684316635132	1.8122398853302002	0.20000314712524414	0.962498664855957	0.0	0.22753944993019104	0.5446726083755493	0.0	0.2425747662782669	0.0	0.7668152451515198	0.24799183011054993	0.0	0.7065244913101196	0.5627633929252625	0.5354288220405579	0.0	0.4399756193161011	0.273639976978302	0.0	0.0	0.8746693134307861	0.5442838668823242	0.9723678231239319	2.0981438159942627	0.0	0.0	1.054330587387085	0.0	0.0	0.5585311055183411	2.131915330886841	1.8431471586227417	0.0	1.5468294620513916	0.0	0.7406211495399475	0.0	0.0	0.0	1.7794249057769775	0.516447901725769	0.0	1.218111276626587	0.8524997234344482	2.334272623062134
0.0	0.0	0.47268229722976685	0.0	0.0	0.0	1.8568775653839111	1.3066725730895996	0.0	0.31665316224098206	0.6667647361755371	0.0	0.0	0.306480348110199	0.0	0.0	0.0	0.6758384108543396	2.575171709060669	1.4864517450332642	0.3360457718372345	0.8285397291183472	0.0	0.2629620134830475	0.6314347386360168	0.0	0.12046480178833008	0.0	0.7291661500930786	0.5011773109436035	0.0	0.5109834671020508	0.6740677952766418	0.476233571767807	0.0	0.0652870163321495	0.3096895217895508	0.0	0.0	0.7988632917404175	0.6840790510177612	1.2566076517105103	1.9255131483078003	0.0	0.0026231235824525356	1.0989910364151	0.0	0.0	0.6956173777580261	2.0859668254852295	1.77357017993927	0.0	1.3275413513183594	0.0	0.8057949542999268	0.0	0.0	0.0	1.7026368379592896	0.4559057950973511	0.0	1.416881799697876	0.7489392161369324	2.3677892684936523
0.0	0.0	0.3245607018470764	0.0	0.0	0.0	1.5003262758255005	0.8703724145889282	0.0	0.4022100567817688	0.5884649753570557	0.0	0.0	0.5114871263504028	0.0	0.0	0.0	0.5317080616950989	2.4606080055236816	1.6757475137710571	0.26933062076568604	0.8738502860069275	0.1427426040172577	0.10167165100574493	0.5448247790336609	0.0	0.08688532561063766	0.0	0.5708562135696411	0.05034615099430084	0.0	0.6600883603096008	0.8081372380256653	0.5800532698631287	0.0	0.24999110400676727	0.43633782863616943	0.0	0.0	0.8678750991821289	0.5657038688659668	0.8287361860275269	2.0597140789031982	0.0	0.04250822588801384	1.0733544826507568	0.0	0.0	0.5036641359329224	1.9769762754440308	1.6774592399597168	0.0	1.5998234748840332	0.0	0.5859454274177551	0.0	0.0	0.0	1.6881073713302612	0.5788443684577942	0.0	1.484483003616333	0.7008315920829773	2.41166090965271
0.0	0.0	0.35174325108528137	0.0	0.0	0.0	1.6483216285705566	1.1891270875930786	0.0	0.3630547523498535	0.5379525423049927	0.0	0.0	0.4530668556690216	0.05035744234919548	0.0	0.0	0.5581854581832886	2.331239700317383	1.427656888961792	0.3296907842159271	0.8366143107414246	0.0	0.22563689947128296	0.3190922439098358	0.0	0.20785310864448547	0.0	0.8787187933921814	0.587420642375946	0.0	0.62293940782547	1.0023577213287354	0.452878475189209	0.0	0.05146222189068794	0.31394127011299133	0.0	0.0	0.8477346897125244	0.6262738108634949	1.3526878356933594	2.083348274230957	0.0	0.0	1.2048351764678955	0.0	0.0	0.6833937764167786	1.868343472480774	1.8546286821365356	0.0	1.3031617403030396	0.0	0.6446055173873901	0.0	0.0	0.0	1.663899540901184	0.2562442719936371	0.0	1.3368278741836548	0.8017197847366333	2.335249423980713
0.0	0.0	0.5239405035972595	0.0	0.0	0.0	1.6655141115188599	0.8948118686676025	0.0	0.1775873899459839	0.7114246487617493	0.0	0.0	0.37754538655281067	0.0	0.0	0.0	0.6327404379844666	2.3497254848480225	1.602159023284912	0.3626577854156494	0.5481467247009277	0.0	0.6607381105422974	0.9796552062034607	0.0	0.0	0.0	0.4968560039997101	0.08320281654596329	0.0	0.8143914341926575	0.5186629891395569	0.6352136135101318	0.0	0.301753431558609	0.17114122211933136	0.0	0.0	0.9537296295166016	0.6611318588256836	0.8497631549835205	1.920175313949585	0.0	0.0	1.156486988067627	0.0	0.0	0.5604012608528137	2.504528284072876	1.6963520050048828	0.0	1.4756745100021362	0.0	0.9535534381866455	0.0	0.0	0.0	1.7899689674377441	0.6391310095787048	0.0	1.52193284034729	0.5990138649940491	2.393958568572998
0.0	0.0	0.29924964904785156	0.0	0.0	0.0	1.6248068809509277	0.9082013964653015	0.0	0.3719310462474823	0.511694073677063	0.0	0.0	0.5349094271659851	0.008063222281634808	0.0	0.0	0.4269559681415558	2.4756672382354736	1.6309504508972168	0.18486885726451874	0.7889581918716431	0.0	0.2767878472805023	0.5999051928520203	0.0	0.07711035758256912	0.0	0.8302613496780396	0.26589128375053406	0.0	0.7099778652191162	0.6983404159545898	0.5055744051933289	0.20728686451911926	0.37605124711990356	0.2237785905599594	0.0	0.0	0.9047864675521851	0.49062636494636536	0.8595669865608215	2.0248522758483887	0.0	0.041970375925302505	1.129969835281372	0.0	0.0	0.7052128314971924	2.289344310760498	1.7136701345443726	0.0	1.5550241470336914	0.0	0.6598959565162659	0.0	0.0	0.0	1.634925127029419	0.47482043504714966	0.0	1.3535223007202148	0.8022900819778442	2.4780116081237793
0.0	0.0	0.35380762815475464	0.0	0.0	0.0	1.5871940851211548	1.1815704107284546	0.0	0.5101134181022644	0.33652618527412415	0.0	0.0	0.5339305996894836	0.0	0.0	0.0	0.420382559299469	2.5191073417663574	1.7618656158447266	0.04391275346279144	1.1451929807662964	0.0	0.2501874566078186	0.5022640824317932	0.0	0.26462674140930176	0.0	1.041922926902771	0.17553584277629852	0.0	0.8637852072715759	0.7491035461425781	0.42764100432395935	0.0	0.4275055229663849	0.30167317390441895	0.0	0.0	1.124488115310669	0.4908618628978729	1.0732624530792236	2.245811700820923	0.0	0.1391637772321701	1.0331807136535645	0.0	0.0	0.4474705159664154	2.342970132827759	1.6686351299285889	0.0	1.5253554582595825	0.0	0.5606774091720581	0.0	0.0	0.0	1.7485172748565674	0.4990849494934082	0.0	1.4657214879989624	1.0235835313796997	2.2052268981933594
0.0	0.0	0.307652086019516	0.0	0.0	0.0	1.6565754413604736	1.1794493198394775	0.0	0.47702154517173767	0.4996912181377411	0.0	0.0	0.3866334855556488	0.12209200859069824	0.0	0.0	0.7080896496772766	2.591492176055908	1.5264567136764526	0.2889041602611542	0.7644666433334351	0.0	0.3741205632686615	0.5768307447433472	0.0	0.015571990981698036	0.0	0.8265972137451172	0.2475622296333313	0.0	0.6908742189407349	0.7228372693061829	0.370286226272583	0.0	0.013641046360135078	0.27754586935043335	0.0	0.0	1.0553674697875977	0.7594457268714905	1.2016788721084595	2.060535192489624	0.0	0.01565193012356758	1.1235584020614624	0.0	0.0	0.5272032022476196	2.398892641067505	1.68291437625885	0.0	1.2311813831329346	0.0	0.8136151432991028	0.0	0.0	0.0	1.6460142135620117	0.36179405450820923	0.0	1.344170331954956	0.8371804356575012	2.2881851196289062
0.0	0.0	0.23354819416999817	0.0	0.0	0.0	1.5785565376281738	1.05048406124115	0.0	0.5410643219947815	0.3403920829296112	0.0	0.0	0.35258743166923523	0.1466507464647293	0.0	0.0	0.5434713959693909	2.4890546798706055	1.697411298751831	0.2066720724105835	0.7667052149772644	0.010279234498739243	0.27430427074432373	0.45677468180656433	0.0	0.0	0.0	0.7609737515449524	0.32100141048431396	0.0	0.75705486536026	0.7223307490348816	0.45074576139450073	0.0	0.15147483348846436	0.2926684021949768	0.0	0.0	0.9647418260574341	0.7353817224502563	1.1331169605255127	2.003403902053833	0.0	0.06250270456075668	1.1056866645812988	0.0	0.0	0.4948926568031311	2.219275951385498	1.600835919380188	0.0	1.3809254169464111	0.0	0.7375558018684387	0.0	0.0	0.0	1.797896146774292	0.3789415657520294	0.0	1.4206809997558594	0.9784901142120361	2.276459217071533
0.0	0.0	0.23224575817584991	0.0	0.0	0.0	1.6157923936843872	1.045831322669983	0.0	0.3541043698787689	0.5710358023643494	0.0	0.0	0.4958604574203491	0.007517348043620586	0.0	0.0	0.5836641788482666	2.2966980934143066	1.8191540241241455	0.3433836102485657	0.7718007564544678	0.0	0.362502783536911	0.4752461910247803	0.0	0.24092866480350494	0.0	0.9397377371788025	0.5409256219863892	0.0	0.6072808504104614	0.6522966623306274	0.5075736045837402	0.0	0.3346360921859741	0.438002347946167	0.0	0.0	0.9372899532318115	0.5296136140823364	1.41343355178833	2.146190643310547	0.0	0.0	1.1982501745224	0.0	0.0	0.5294658541679382	2.3108959197998047	1.8900538682937622	0.0	1.4461818933486938	0.0	0.8041952848434448	0.0	0.0	0.0	1.6710096597671509	0.41849425435066223	0.0	1.1619741916656494	0.9792800545692444	2.5088517665863037
0.0	0.0	0.2225414365530014	0.0	0.0	0.0	1.5708050727844238	0.7777159214019775	0.0	0.16732773184776306	0.8324891924858093	0.0	0.0	0.48205217719078064	0.06961140036582947	0.0	0.0	0.6940898895263672	2.3556058406829834	1.6053911447525024	0.5431933999061584	0.5598410367965698	0.0	0.16880761086940765	0.6158000230789185	0.0	0.0	0.0	0.6740803718566895	0.10269197076559067	0.0	0.48607712984085083	0.5664558410644531	0.4526834487915039	0.0	0.1512223333120346	0.49680349230766296	0.0	0.0	0.7436058521270752	0.7564321160316467	0.703019917011261	2.10461163520813	0.0	0.08057175576686859	1.119565725326538	0.0	0.0	0.6290341019630432	2.1012284755706787	1.6588466167449951	0.0	1.5397449731826782	0.0	0.5339071750640869	0.0	0.0	0.0	1.5425429344177246	0.6187464594841003	0.0	1.3161219358444214	0.5113735795021057	2.3279669284820557
0.0	0.0	0.21558821201324463	0.0	0.10516823828220367	0.0	1.5645132064819336	1.0538369417190552	0.0	0.4609947204589844	0.541437566280365	0.0	0.0	0.5848791599273682	0.20064933598041534	0.0	0.0	0.7043878436088562	2.476050615310669	1.4788960218429565	0.34120070934295654	0.931999146938324	0.0	0.028422649949789047	0.5247380137443542	0.0	0.2770065665245056	0.0	0.9245450496673584	0.501628041267395	0.0	0.6722858548164368	0.7937868237495422	0.3758469521999359	0.0	0.07550033926963806	0.49846646189689636	0.0	0.0	0.8930618166923523	0.6367012858390808	1.3791714906692505	2.209042549133301	0.0	0.13241486251354218	1.104430079460144	0.0	0.0	0.4400877058506012	1.8124070167541504	1.6861103773117065	0.0	1.4512169361114502	0.0	0.5804955363273621	0.0	0.0	0.0	1.6832343339920044	0.5475469827651978	0.0	1.2870709896087646	1.0725655555725098	2.27731990814209
0.0	0.0	0.3877534568309784	0.0	0.0	0.0	1.4184068441390991	0.8956599235534668	0.0	0.24694617092609406	0.6679105162620544	0.0	0.0	0.3522171676158905	0.11659994721412659	0.0	0.0	0.5308845639228821	2.365581750869751	1.4900928735733032	0.45499420166015625	0.7539563179016113	0.0	0.4295618236064911	0.5309069752693176	0.0	0.004494878463447094	0.0	0.8069652915000916	0.03802181035280228	0.0	0.464494526386261	0.7679350972175598	0.5030770897865295	0.0	0.2857440114021301	0.49437788128852844	0.0	0.0	0.784970223903656	0.6340656876564026	1.0774110555648804	2.0231430530548096	0.0	0.008374275639653206	1.1557167768478394	0.0	0.0	0.6375744342803955	2.290552854537964	1.816840410232544	0.0	1.7007187604904175	0.0	0.8356355428695679	0.0	0.0	0.0	1.6803154945373535	0.5424693822860718	0.0	1.4247061014175415	0.7780534625053406	2.3342037200927734
0.0	0.0	0.37289291620254517	0.0	0.0	0.0	1.426542043685913	0.5584354996681213	0.0	0.027495447546243668	0.8950026035308838	0.0	0.0	0.0	0.1395414173603058	0.0	0.11531660705804825	0.6061913371086121	2.469060182571411	1.211351990699768	0.5090417265892029	0.18775255978107452	0.0	0.714618444442749	1.145782470703125	0.0	0.0	0.0	0.0	0.0	0.0	0.6093411445617676	0.07053521275520325	0.4586067199707031	0.0	0.0698605328798294	0.1766408234834671	0.0	0.0	0.8392325043678284	0.5448497533798218	0.5386843681335449	1.7531729936599731	0.0	0.18372565507888794	0.9706334471702576	0.0	0.0	0.6079437732696533	2.4320218563079834	1.5886048078536987	0.0	1.3890830278396606	0.0	0.6830143332481384	0.0	0.0	0.0	1.5181797742843628	0.7451112270355225	0.0	1.6000335216522217	0.6423873901367188	1.8618311882019043
0.0	0.0	0.14182983338832855	0.0	0.0	0.0	1.6873582601547241	0.8080106973648071	0.0	0.31712380051612854	0.492879718542099	0.0	0.0	0.47870850563049316	0.0	0.0	0.0	0.5072035789489746	2.312711715698242	1.859424114227295	0.24633532762527466	0.9952349662780762	0.0	0.25551339983940125	0.49375206232070923	0.0	0.24931694567203522	0.0	0.7979152202606201	0.13732892274856567	0.0	0.6137734651565552	0.5014577507972717	0.4559887647628784	0.0	0.5609683990478516	0.17727605998516083	0.0	0.0	0.9295057058334351	0.6340945959091187	0.8814199566841125	2.058272123336792	0.0	0.16293078660964966	1.0030207633972168	0.0	0.0	0.6321868896484375	2.170363664627075	1.8044852018356323	0.0	1.651297688484192	0.0	0.8611215353012085	0.0	0.0	0.0	1.719248652458191	0.6781165599822998	0.0	1.1269941329956055	0.7753826975822449	2.2939279079437256
0.0	0.0	0.27975475788116455	0.0	0.0	0.0	1.3984050750732422	1.0741236209869385	0.0	0.43103358149528503	0.3565765619277954	0.0	0.0	0.471248984336853	0.0	0.0	0.0	0.31067007780075073	2.4192957878112793	1.5436440706253052	0.2679431736469269	0.8466567397117615	0.0	0.4767298996448517	0.6437183022499084	0.0	0.004138852935284376	0.0	0.9144104719161987	0.17235316336154938	0.0	0.6781303286552429	0.8185646533966064	0.3622362017631531	0.0	0.38662293553352356	0.36894893646240234	0.0	0.0	1.1046311855316162	0.8449990153312683	1.1114065647125244	2.207526206970215	0.0	0.11408000439405441	1.2187577486038208	0.0	0.0	0.5130302906036377	2.6829400062561035	1.614266037940979	0.0	1.3526890277862549	0.0	0.7685031890869141	0.0	0.0	0.0	1.8633486032485962	0.5930719375610352	0.0	1.649226427078247	1.020987868309021	2.02998685836792
0.0	0.6595984101295471	0.0	0.4959196150302887	0.0	0.0	1.2957004308700562	1.2042789459228516	0.22945958375930786	0.6253097653388977	0.28930675983428955	0.0	0.0	0.3483637273311615	0.0	0.0	0.0	0.09976447373628616	2.2749783992767334	2.259342908859253	0.1743209958076477	1.3223776817321777	0.0	0.08454369753599167	0.34321773052215576	0.0	0.4105983078479767	0.0	1.1123777627944946	0.4743686020374298	0.0	0.9710596203804016	0.5612680315971375	0.43401801586151123	0.6921322345733643	1.120063066482544	0.0	0.0	0.0	1.2420775890350342	0.4174846410751343	1.0483365058898926	1.9687278270721436	0.0	0.14285728335380554	0.9891930222511292	0.0	0.0	0.9268054962158203	2.2741947174072266	1.8807251453399658	0.20022492110729218	1.5309596061706543	0.0	0.504069983959198	0.0	0.0	0.07501951605081558	1.8360862731933594	0.8893378376960754	0.0	0.9753065705299377	1.0474532842636108	2.4778850078582764
0.0	0.0	0.27972424030303955	0.0	0.0	0.0	1.6874685287475586	0.8298352360725403	0.0	0.2082943469285965	0.6834874749183655	0.0	0.0	0.522358775138855	0.1338202804327011	0.0	0.0	0.6928013563156128	2.4864675998687744	1.6847288608551025	0.4710882008075714	0.6599307656288147	0.0	0.21668991446495056	0.589359700679779	0.0	0.006954739335924387	0.0	0.7064996957778931	0.12054377794265747	0.0	0.5217001438140869	0.5168401002883911	0.5840790867805481	0.0	0.16762293875217438	0.3757517337799072	0.0	0.0	0.906823992729187	0.6388723850250244	1.0304515361785889	2.064323902130127	0.0	0.06524140387773514	1.1252765655517578	0.0	0.0	0.5068490505218506	2.232828140258789	1.6565064191818237	0.0	1.570486068725586	0.0	0.5746487379074097	0.0	0.0	0.0	1.6696712970733643	0.592095673084259	0.0	1.2386903762817383	0.5251051783561707	2.3699164390563965
0.0	0.0	0.34247028827667236	0.0	0.0	0.0	1.6143347024917603	0.9723836183547974	0.0	0.4237981140613556	0.6142883896827698	0.0	0.0	0.4571073055267334	0.0	0.0	0.0	0.4972831904888153	2.3832132816314697	1.4522322416305542	0.42074984312057495	0.6174615621566772	0.0	0.4771867096424103	0.7348265051841736	0.0	0.0	0.0	0.6483890414237976	0.19972361624240875	0.0	0.5920307040214539	0.721714437007904	0.47625648975372314	0.0	0.10287504643201828	0.2908647656440735	0.0	0.0	0.9647263884544373	0.7480410933494568	0.915769100189209	1.9718254804611206	0.0	0.0	1.186627984046936	0.0	0.0	0.6262924671173096	2.4094150066375732	1.8558168411254883	0.0	1.466956377029419	0.0	0.8722102642059326	0.0	0.0	0.0	1.7165213823318481	0.5778182148933411	0.0	1.5079445838928223	0.7047188878059387	2.4241721630096436
0.0	0.0	0.2461080551147461	0.0	0.0	0.0	1.4571846723556519	1.0165148973464966	0.0	0.32456257939338684	0.7054789066314697	0.0	0.0	0.6137746572494507	0.01947609893977642	0.0	0.0	0.7629655003547668	2.5825581550598145	1.5752137899398804	0.5241371989250183	0.6116580367088318	0.0	0.033780358731746674	0.4644315540790558	0.0	0.0864943414926529	0.0	0.699164867401123	0.15656091272830963	0.0	0.5020344257354736	0.6943625211715698	0.47573599219322205	0.0	0.0	0.38927900791168213	0.0	0.0	0.7865791320800781	0.738775372505188	0.9747777581214905	1.9310561418533325	0.0	0.03200114145874977	1.2347707748413086	0.0	0.0	0.5547861456871033	1.4851821660995483	1.594310998916626	0.0	1.4576445817947388	0.0	0.46241360902786255	0.0	0.0	0.0	1.6907262802124023	0.7067235112190247	0.0	1.308018684387207	0.5902760028839111	2.1160452365875244
0.0	0.0	0.24577927589416504	0.0	0.0	0.0	1.4361951351165771	1.008195400238037	0.0	0.6984899044036865	0.4867791533470154	0.0	0.0	0.4313237965106964	0.10495303571224213	0.0	0.0	0.5082471370697021	2.567817449569702	1.4356409311294556	0.1399979293346405	0.724009096622467	0.037383873015642166	0.2799178659915924	0.5529021620750427	0.0	0.09395599365234375	0.0	0.795654833316803	0.29317939281463623	0.0	0.5789987444877625	0.797245979309082	0.4755195379257202	0.0	0.3460955023765564	0.33973824977874756	0.0	0.0	0.9721323847770691	0.8080759048461914	0.9575768113136292	1.9940135478973389	0.0	0.11695597320795059	1.138250470161438	0.0	0.0	0.521804928779602	2.046461582183838	1.6050246953964233	0.0	1.2990959882736206	0.0	0.6799828410148621	0.0	0.0	0.0	1.8192274570465088	0.39611366391181946	0.0	1.5758408308029175	0.8808869123458862	2.097604513168335
0.0	0.0	0.49642062187194824	0.0	0.0	0.0	1.5846612453460693	1.0224087238311768	0.0	0.28814825415611267	0.5798957347869873	0.0	0.0	0.4157571792602539	0.015550433658063412	0.0	0.0	0.6112595200538635	2.407074213027954	1.599621057510376	0.3210339844226837	0.6011137366294861	0.0	0.3542398512363434	0.670561671257019	0.0	0.0	0.0	0.6707448363304138	0.15335488319396973	0.0	0.5791520476341248	0.7066478729248047	0.5947205424308777	0.0	0.2481147050857544	0.4121999144554138	0.0	0.0	0.7527592182159424	0.7371147274971008	0.9037014842033386	1.923176646232605	0.0	0.04246600344777107	1.2072181701660156	0.0	0.0	0.5823990106582642	2.121769428253174	1.7734628915786743	0.0	1.5764319896697998	0.0	0.8449051976203918	0.0	0.0	0.0	1.7062369585037231	0.6049200296401978	0.0	1.474650502204895	0.7353964447975159	2.2776377201080322
0.0	0.0	0.39653611183166504	0.0	0.03812285512685776	0.0	1.4751081466674805	0.9566661715507507	0.0	0.3267350494861603	0.5994243025779724	0.0	0.0	0.248052179813385	0.03369100019335747	0.0	0.0	0.7221100926399231	2.314220905303955	1.544473648071289	0.3486201763153076	0.6725851893424988	0.0	0.4721080958843231	0.574522852897644	0.0	0.0	0.0	0.7237275242805481	0.1503623127937317	0.0	0.6522199511528015	0.6543111801147461	0.4547314941883087	0.0	0.34298402070999146	0.27795282006263733	0.0	0.0	0.9224989414215088	0.7724759578704834	0.8985476493835449	1.973132848739624	0.0	0.09289996325969696	1.1966102123260498	0.0	0.0	0.6577904224395752	2.6987030506134033	1.6983891725540161	0.0	1.3759863376617432	0.0	0.7457460165023804	0.0	0.0	0.0	1.5993937253952026	0.5822439193725586	0.0	1.5211833715438843	0.7639485597610474	2.229196548461914
0.0	0.0	0.43205583095550537	0.0	0.0	0.0	1.5990233421325684	1.0056113004684448	0.0	0.27619361877441406	0.6157084703445435	0.0	0.0	0.36442631483078003	0.0	0.0	0.0	0.5670638680458069	2.398905038833618	1.4593205451965332	0.37589502334594727	0.7986069321632385	0.0	0.44547247886657715	0.6738082766532898	0.0	0.09085904806852341	0.0	0.6205201745033264	0.27649441361427307	0.0	0.5376279354095459	0.6107515692710876	0.503836989402771	0.0	0.15566368401050568	0.34157896041870117	0.0	0.0	0.8815211653709412	0.7142456769943237	1.0567431449890137	1.9474211931228638	0.0	0.0	1.1347883939743042	0.0	0.0	0.6913160085678101	2.3475937843322754	1.8656553030014038	0.0	1.6314605474472046	0.0	0.901174783706665	0.0	0.0	0.0	1.788333535194397	0.6605754494667053	0.0	1.3905086517333984	0.7506951689720154	2.411700487136841
0.0	0.0	0.35328176617622375	0.0	0.0	0.0	1.3908324241638184	0.5729008316993713	0.0	0.2046874761581421	0.681296706199646	0.0	0.0	0.23454026877880096	0.0	0.0	0.0	0.5011236667633057	2.288722515106201	1.4257307052612305	0.35853081941604614	0.47936567664146423	0.0	0.5208906531333923	0.7294955253601074	0.0	0.0	0.0	0.32351601123809814	0.0	0.0	0.5390589833259583	0.43166956305503845	0.49629148840904236	0.0	0.19238460063934326	0.1605648696422577	0.0	0.0	0.8894770741462708	0.7537734508514404	0.5983645915985107	1.972533106803894	0.0	0.16612288355827332	0.9950602054595947	0.0	0.0	0.6376364827156067	2.2546069622039795	1.5725263357162476	0.0	1.3663984537124634	0.0	0.6347385048866272	0.0	0.0	0.0	1.6708307266235352	0.7010091543197632	0.0	1.5504534244537354	0.6361051201820374	2.012620687484741
0.0	0.0	0.257713258266449	0.0	0.0	0.0	1.5311923027038574	1.0104546546936035	0.0	0.38374605774879456	0.5785646438598633	0.0	0.0	0.5638019442558289	0.17105525732040405	0.0	0.0	0.5907052159309387	2.4815175533294678	1.6247894763946533	0.28952905535697937	0.7142791152000427	0.0	0.2634037733078003	0.622056245803833	0.0	0.08247826993465424	0.0	0.7500563263893127	0.20314280688762665	0.0	0.7725204229354858	0.7048677802085876	0.6142473220825195	0.0	0.3127341568470001	0.39289164543151855	0.0	0.0	0.9893190264701843	0.5305141806602478	0.9068086743354797	2.0959014892578125	0.0	0.08261778950691223	1.1216431856155396	0.0	0.0	0.4388778805732727	2.24853253364563	1.58402419090271	0.0	1.647797703742981	0.0	0.647874653339386	0.0	0.0	0.0	1.6801847219467163	0.6269679069519043	0.0	1.4112669229507446	0.6645978093147278	2.3878066539764404
0.0	0.0	0.19526933133602142	0.0	0.1821126788854599	0.0	1.5623928308486938	0.7832048535346985	0.0	0.2818290889263153	0.6427574753761292	0.0	0.0	0.6131790280342102	0.0	0.0	0.0	0.5955075025558472	2.330263614654541	1.5870120525360107	0.43608346581459045	0.985734760761261	0.0	0.20778526365756989	0.6085314154624939	0.0	0.0691811814904213	0.0	0.6108206510543823	0.12446121126413345	0.0	0.6475839614868164	0.7776013016700745	0.6009254455566406	0.0	0.3874852955341339	0.45035919547080994	0.0	0.0	0.7858375310897827	0.5908504724502563	0.7715137600898743	2.0811169147491455	0.0	0.0	1.139009952545166	0.0	0.0	0.6083263754844666	2.2566356658935547	1.8153183460235596	0.0	1.546689748764038	0.0	0.737770676612854	0.0	0.0	0.0	1.6785916090011597	0.5996607542037964	0.0	1.3626830577850342	0.7426400184631348	2.200896739959717
0.0	0.0	0.19090065360069275	0.0	0.0	0.0	1.6146677732467651	0.761883020401001	0.0	0.38701173663139343	0.7160487771034241	0.0	0.0	0.4065793752670288	0.04648160934448242	0.0	0.0	0.5855126976966858	2.3341078758239746	1.5911275148391724	0.2899540066719055	0.9644477963447571	0.0	0.3191291391849518	0.5433998107910156	0.0	0.0	0.0	0.6418413519859314	0.03690292313694954	0.0	0.5417152047157288	0.5330848693847656	0.5293715596199036	0.0	0.5154473185539246	0.22644220292568207	0.0	0.0	0.8193403482437134	0.5681895613670349	0.8365235328674316	1.9879788160324097	0.0	0.0	1.1178444623947144	0.0	0.0	0.7046600580215454	2.162123680114746	1.868310809135437	0.0	1.6308393478393555	0.0	0.7210710048675537	0.0	0.0	0.0	1.6195110082626343	0.7192137241363525	0.0	1.2889310121536255	0.6763055324554443	2.2747910022735596
0.0	0.0	0.47367849946022034	0.0	0.0	0.0	1.7507356405258179	1.1048312187194824	0.0	0.4173060953617096	0.5097301602363586	0.0	0.0	0.4042383134365082	0.05705299228429794	0.0	0.0	0.6579186320304871	2.5776662826538086	1.4877070188522339	0.37756991386413574	0.6953917145729065	0.0	0.5532262325286865	0.6072618365287781	0.0	0.007377025671303272	0.0	0.6651085019111633	0.2562980353832245	0.0	0.5613836050033569	0.8402531743049622	0.38962605595588684	0.0	0.21683795750141144	0.3640454113483429	0.0	0.0	0.9499322772026062	0.7319512367248535	0.9952500462532043	2.042706251144409	0.0	0.11102007329463959	1.244474172592163	0.0	0.0	0.5252582430839539	2.3958497047424316	1.6436372995376587	0.0	1.3882782459259033	0.0	0.8204686641693115	0.0	0.0	0.0	1.8040950298309326	0.48475027084350586	0.0	1.7802438735961914	0.8631527423858643	2.216338634490967
0.0	0.0	0.17634159326553345	0.0	0.0	0.0	1.5681687593460083	0.843636691570282	0.0	0.2754364609718323	0.6287267208099365	0.0	0.0	0.46246084570884705	0.04487406834959984	0.0	0.0	0.5285706520080566	2.3144211769104004	1.6778857707977295	0.3084185719490051	0.8994136452674866	0.0	0.28289100527763367	0.5784701704978943	0.0	0.01856740191578865	0.0	0.6922382116317749	0.23057357966899872	0.0	0.7059630751609802	0.7549846768379211	0.5965408682823181	0.0	0.38462790846824646	0.4062134027481079	0.0	0.0	0.8608380556106567	0.5522546768188477	0.9279546141624451	1.9945409297943115	0.0	0.06988472491502762	1.148529291152954	0.0	0.0	0.596697211265564	2.1570353507995605	1.7390973567962646	0.0	1.5371840000152588	0.0	0.7286142110824585	0.0	0.0	0.0	1.6592310667037964	0.6660032272338867	0.0	1.242100715637207	0.6976492404937744	2.4112696647644043
0.0	0.0	0.48212292790412903	0.0	0.0	0.0	1.686955213546753	1.0148311853408813	0.0	0.22868424654006958	0.5811259150505066	0.0	0.0	0.27969661355018616	0.0	0.0	0.0	0.5362522602081299	2.4263200759887695	1.6300230026245117	0.36264222860336304	0.5211473107337952	0.0	0.49155470728874207	0.9366525411605835	0.0	0.0	0.0	0.4987725019454956	0.0529799647629261	0.0	0.7542420029640198	0.5404917597770691	0.6122397184371948	0.0	0.12012479454278946	0.22624318301677704	0.0	0.0	0.845633864402771	0.6965347528457642	0.7584280371665955	1.9134917259216309	0.0	0.12320134043693542	1.1255079507827759	0.0	0.0	0.578051745891571	2.4282238483428955	1.6550718545913696	0.0	1.5279650688171387	0.0	0.8636992573738098	0.0	0.0	0.0	1.7182135581970215	0.6478062272071838	0.0	1.5250802040100098	0.7518494129180908	2.3251378536224365
0.0	0.03035220503807068	0.18759313225746155	0.0	0.0	0.0	1.6016297340393066	1.148271918296814	0.009103844873607159	0.5815006494522095	0.30983495712280273	0.0	0.0	0.6240358352661133	0.0	0.0	0.0	0.43099474906921387	2.6168527603149414	1.7955278158187866	0.18269404768943787	1.1375398635864258	0.0	0.0	0.2753812074661255	0.0	0.33034995198249817	0.0	1.1044758558273315	0.3898966312408447	0.0	0.7339324951171875	0.6777486205101013	0.43129807710647583	0.0	0.5141050815582275	0.2602211534976959	0.0	0.0	1.0041251182556152	0.5767506957054138	1.1354358196258545	1.9337867498397827	0.0	0.16835394501686096	0.9984585046768188	0.0	0.0	0.44965532422065735	2.006074905395508	1.6336828470230103	0.0	1.570889949798584	0.0	0.4431408941745758	0.0	0.0	0.0	1.8624323606491089	0.44480398297309875	0.0	1.2351043224334717	0.9732180237770081	2.198310375213623
0.0	0.0	0.32939425110816956	0.0	0.0	0.0	1.6035852432250977	0.8686959743499756	0.0	0.30949991941452026	0.6455685496330261	0.0	0.0	0.5260710120201111	0.007219370920211077	0.0	0.0	0.44354763627052307	2.540231466293335	1.770635724067688	0.2880692183971405	0.7631374001502991	0.0	0.28990182280540466	0.6749932765960693	0.0	0.1008390560746193	0.0	0.7008460164070129	0.1376391351222992	0.0	0.8363574743270874	0.6585277915000916	0.5337933897972107	0.0	0.4505535066127777	0.23452071845531464	0.0	0.0	0.9750092625617981	0.511302649974823	0.7638388276100159	2.008431911468506	0.0	0.023889940232038498	1.1639995574951172	0.0	0.0	0.496270090341568	2.1527905464172363	1.6351075172424316	0.0	1.6858530044555664	0.0	0.6295084357261658	0.0	0.0	0.0	1.72824227809906	0.7342280745506287	0.0	1.5934499502182007	0.744574248790741	2.3893637657165527
0.0	0.0	0.09346435219049454	0.0	0.0	0.0	1.6802884340286255	1.0852028131484985	0.0	0.35082516074180603	0.6142216920852661	0.0	0.0	0.5144878029823303	0.1315687894821167	0.0	0.0	0.8794812560081482	2.473055601119995	1.878496766090393	0.5685155987739563	0.8170627951622009	0.0	0.018837330862879753	0.6308690905570984	0.0	0.2525293231010437	0.0	1.0950857400894165	0.4128774106502533	0.0	0.6121634244918823	0.47517862915992737	0.4813298285007477	0.0	0.356833279132843	0.3516668379306793	0.0	0.0	0.9210801124572754	0.6434560418128967	0.979691743850708	2.050424575805664	0.0	0.11824735999107361	1.217422366142273	0.0	0.0	0.5130392909049988	2.07155704498291	1.646971583366394	0.0	1.5966771841049194	0.0	0.5174597501754761	0.0	0.0	0.0	1.863721251487732	0.6335305571556091	0.0	1.0258615016937256	0.681277871131897	2.282203435897827
0.0	0.0	0.4868580996990204	0.0	0.0	0.0	1.7279709577560425	0.9179853796958923	0.0	0.20135457813739777	0.6858315467834473	0.0	0.0	0.24784277379512787	0.0010380609892308712	0.0	0.0	0.5848649740219116	2.2397236824035645	1.556251883506775	0.3158511221408844	0.42933201789855957	0.0	0.5721194744110107	0.9698666930198669	0.0	0.0	0.0	0.47633036971092224	0.0	0.0	0.6651667356491089	0.3806858956813812	0.6601763367652893	0.0	0.10571678727865219	0.3785633444786072	0.0	0.0	0.8655381202697754	0.5431012511253357	0.751268744468689	1.8609154224395752	0.0	0.09419900923967361	1.0810569524765015	0.0	0.0	0.5714526176452637	2.5696237087249756	1.7502799034118652	0.0	1.626293420791626	0.0	0.8636558651924133	0.0	0.0	0.0	1.765108346939087	0.6115867495536804	0.0	1.556339144706726	0.6530787348747253	2.347054958343506
0.0	0.0	0.5987021923065186	0.0	0.0	0.0	1.741011619567871	1.1905094385147095	0.0	0.14834190905094147	0.6691623330116272	0.0	0.0	0.4691215753555298	0.0	0.0	0.0	0.6721887588500977	2.417034387588501	1.5716434717178345	0.27550584077835083	0.654054582118988	0.0	0.3881629407405853	0.8029642105102539	0.0	0.02515682950615883	0.0	0.7158951759338379	0.2154904305934906	0.0	0.6805557012557983	0.5600422024726868	0.5389348268508911	0.0	0.25477975606918335	0.2906419038772583	0.0	0.0	0.9537619948387146	0.7016709446907043	0.9406479001045227	2.031714916229248	0.0	0.0323912538588047	1.0626367330551147	0.0	0.0	0.5785146355628967	2.48162579536438	1.690071940422058	0.0	1.568102478981018	0.0	0.9345314502716064	0.0	0.0	0.0	1.7732362747192383	0.6302584409713745	0.0	1.4451431035995483	0.8120148181915283	2.396456003189087
0.0	0.015021300874650478	0.19699068367481232	0.0	0.0	0.0	1.546847939491272	0.9902660250663757	0.09950411319732666	0.40224331617355347	0.5560455918312073	0.0	0.0	0.5406525731086731	0.00020302110351622105	0.0	0.0	0.4572095274925232	2.471853733062744	1.757495641708374	0.21927371621131897	0.9658249020576477	0.0	0.1433478444814682	0.5039123296737671	0.0	0.2517572343349457	0.0	0.8851458430290222	0.21591438353061676	0.0	0.6357272267341614	0.5385406017303467	0.40638038516044617	0.0	0.5441122055053711	0.26392605900764465	0.0	0.0	0.8755726218223572	0.5551689863204956	0.7464148998260498	2.108226776123047	0.0	0.06721318513154984	1.143351435661316	0.0	0.0	0.839577853679657	2.1644325256347656	1.697370171546936	0.0	1.6081526279449463	0.0	0.5617619156837463	0.0	0.0	0.0	1.6880050897598267	0.5732384324073792	0.0	1.1750380992889404	0.7328465580940247	2.3252146244049072
0.0	0.0	0.20912526547908783	0.0	0.0	0.0	1.4778972864151	1.1621127128601074	0.0	0.4377213716506958	0.5323681235313416	0.0	0.0	0.6436775326728821	0.1751551777124405	0.0	0.0	0.7109990119934082	2.469125747680664	1.3568412065505981	0.32364317774772644	0.8572098016738892	0.09961485117673874	0.0	0.3100452721118927	0.0	0.3757021129131317	0.0	0.899957537651062	0.5604313611984253	0.0	0.5945452451705933	0.7802507877349854	0.4190845489501953	0.0	0.0	0.5134421586990356	0.0	0.0	0.9884153008460999	0.6967690587043762	1.3048169612884521	1.9779647588729858	0.0	0.029314298182725906	1.089719295501709	0.0	0.0	0.6056448817253113	1.1958212852478027	1.5081881284713745	0.0	1.2964496612548828	0.0	0.3562096059322357	0.0	0.0	0.0	1.72139310836792	0.4343396723270416	0.0	1.147204875946045	1.0447611808776855	2.206956386566162
0.0	0.0	0.2992511987686157	0.0	0.0	0.0	1.4970765113830566	0.771959125995636	0.0	0.2527202069759369	0.7586850523948669	0.0	0.0	0.48662975430488586	0.0772567167878151	0.0	0.0	0.7111702561378479	2.3961639404296875	1.5378265380859375	0.5018222332000732	0.5713809728622437	0.0	0.2404165416955948	0.5902114510536194	0.0	0.0	0.0	0.6921367049217224	0.1479409635066986	0.0	0.5062556862831116	0.6515527367591858	0.46791455149650574	0.0	0.25377127528190613	0.42122313380241394	0.0	0.0	0.7654021978378296	0.6826996803283691	0.7980721592903137	2.0982613563537598	0.0	0.08004472404718399	1.1680841445922852	0.0	0.0	0.5953590273857117	2.079108238220215	1.6250813007354736	0.0	1.518415927886963	0.0	0.5440924763679504	0.0	0.0	0.0	1.5550665855407715	0.6357971429824829	0.0	1.282961130142212	0.5017017126083374	2.1804964542388916
0.0	0.0	0.3623873293399811	0.0	0.0	0.0	1.6622358560562134	1.1280452013015747	0.0	0.2657759189605713	0.6503937840461731	0.0	0.0	0.45597201585769653	0.026507215574383736	0.0	0.0	0.5183574557304382	2.492966890335083	1.7247618436813354	0.3266221284866333	0.7126686573028564	0.0	0.4275348484516144	0.7026574015617371	0.0	0.0	0.0	0.7789334058761597	0.27668046951293945	0.0	0.6905122995376587	0.35458576679229736	0.6273274421691895	0.0	0.2774621546268463	0.18001991510391235	0.0	0.0	1.0042088031768799	0.591658353805542	1.0232946872711182	2.021904468536377	0.0	0.00852983444929123	1.0750706195831299	0.0	0.0	0.5428103804588318	2.404555320739746	1.7175592184066772	0.0	1.6972873210906982	0.0	0.7736956477165222	0.0	0.0	0.0	1.7576987743377686	0.6083430051803589	0.0	1.3696093559265137	0.850613534450531	2.4426114559173584
0.0	0.1627618670463562	0.12318292260169983	0.0	0.0	0.0	1.7753556966781616	0.992610514163971	0.012709304690361023	0.28297123312950134	0.5248514413833618	0.0	0.0	0.48845481872558594	0.05146355554461479	0.0	0.0	0.6039495468139648	2.3907630443573	1.9311562776565552	0.23891544342041016	1.0244163274765015	0.0	0.1658264845609665	0.35863274335861206	0.0	0.41374629735946655	0.0	1.090856671333313	0.5825793147087097	0.0	0.6932432651519775	0.21266451478004456	0.3495173454284668	0.0	0.7447574138641357	0.2333695888519287	0.0	0.0	0.9872673749923706	0.5237451195716858	1.0898367166519165	2.0087835788726807	0.0	0.0	1.102689266204834	0.0	0.0	0.6756858825683594	2.191347360610962	1.8206185102462769	0.0	1.6158851385116577	0.0	0.5884975790977478	0.0	0.0	0.0	1.6334487199783325	0.6867092251777649	0.0	0.9093068242073059	0.9319397211074829	2.3481736183166504
0.0	0.04183270037174225	0.3081870675086975	0.0	0.0	0.0	1.5565576553344727	1.102953553199768	0.0	0.41351547837257385	0.637887716293335	0.0	0.0	0.6845954656600952	0.09244991838932037	0.0	0.0	0.7318440675735474	2.603753089904785	1.5832083225250244	0.39584413170814514	0.810994565486908	0.0	0.0	0.44358590245246887	0.0	0.39227190613746643	0.0	0.9303462505340576	0.4694247543811798	0.0	0.5539034605026245	0.646929919719696	0.42037346959114075	0.0	0.0632718876004219	0.4136822819709778	0.0	0.0	0.9181203842163086	0.6894644498825073	1.2516275644302368	2.0379037857055664	0.0	0.0896567553281784	1.0606882572174072	0.0	0.0	0.4957880973815918	1.8394618034362793	1.5841938257217407	0.0	1.5433111190795898	0.0	0.622555136680603	0.0	0.0	0.0	1.7175732851028442	0.507078230381012	0.0	1.1745991706848145	0.8953431844711304	2.3827099800109863
0.0	0.0	0.4069955050945282	0.0	0.0	0.0	1.6849186420440674	1.0008234977722168	0.0	0.27433574199676514	0.6370074152946472	0.0	0.0	0.4116654396057129	0.0703219622373581	0.0	0.0	0.6148703694343567	2.5346295833587646	1.5226352214813232	0.44999635219573975	0.5070587992668152	0.05941677838563919	0.3364667296409607	0.6843465566635132	0.0	0.0	0.0	0.6736578941345215	0.21911577880382538	0.0	0.636380136013031	0.8134199380874634	0.6195992231369019	0.0	0.0	0.6026853322982788	0.0	0.0	0.8793714046478271	0.6443018913269043	1.225428819656372	1.9013910293579102	0.0	0.12211870402097702	1.1316335201263428	0.0	0.0	0.35035818815231323	1.9409295320510864	1.4147309064865112	0.0	1.2773327827453613	0.0	0.5799294710159302	0.0	0.0	0.0	1.609460711479187	0.5254488587379456	0.0	1.790333867073059	0.6491562724113464	2.317455530166626
0.0	0.0	0.49683836102485657	0.0	0.0	0.0	1.7650803327560425	0.9268936514854431	0.0	0.16376344859600067	0.8129104971885681	0.0	0.0	0.31920748949050903	0.0	0.0	0.0	0.744869589805603	2.3223161697387695	1.4563958644866943	0.49568697810173035	0.36884838342666626	0.0	0.5219928026199341	1.0686277151107788	0.0	0.0	0.0	0.5061650276184082	0.07846833765506744	0.0	0.6399944424629211	0.5396966934204102	0.5042154788970947	0.0	0.033283963799476624	0.309415340423584	0.0	0.0	0.8001065850257874	0.8397122025489807	0.8543378710746765	1.887514591217041	0.0	0.0	1.2409019470214844	0.0	0.0	0.6863064169883728	2.419368028640747	1.734130859375	0.0	1.5900574922561646	0.0	0.866957426071167	0.0	0.0	0.0	1.6613590717315674	0.6383404731750488	0.0	1.4486876726150513	0.4564635753631592	2.346447706222534
0.0	0.0	0.44503623247146606	0.0	0.0	0.0	1.6850017309188843	0.823031485080719	0.0	0.31278353929519653	0.7367409467697144	0.0	0.0	0.339766263961792	0.0	0.0	0.0	0.6213729977607727	2.3424878120422363	1.5109810829162598	0.42635205388069153	0.5705994367599487	0.0	0.4591350555419922	0.8720542192459106	0.0	0.0	0.0	0.5721356868743896	0.026113497093319893	0.0	0.7542081475257874	0.5760939121246338	0.5392175912857056	0.0	0.08471664786338806	0.2884663939476013	0.0	0.0	0.9871165752410889	0.7374746203422546	0.741605818271637	1.9862873554229736	0.0	0.08652356266975403	1.0983736515045166	0.0	0.0	0.6559901833534241	2.6296262741088867	1.6411510705947876	0.0	1.5608147382736206	0.0	0.9414851665496826	0.0	0.0	0.0	1.6718028783798218	0.647365152835846	0.0	1.5342679023742676	0.734747052192688	2.444268226623535
0.0	0.0	0.3612835705280304	0.0	0.0	0.0	1.2577662467956543	0.5262576341629028	0.0	0.24834226071834564	0.5276679396629333	0.0	0.0	0.2953607141971588	0.0	0.0	0.0	0.46442148089408875	2.390139102935791	1.087375283241272	0.363294392824173	0.5673713684082031	0.0	0.5725204348564148	0.9697131514549255	0.0	0.0	0.0	0.2651948630809784	0.0	0.0	0.5881243348121643	0.8286381959915161	0.5982458591461182	0.0	0.0	0.3736136555671692	0.0	0.0	1.0824910402297974	0.7844251990318298	0.7271950244903564	2.159332275390625	0.0	0.21490101516246796	0.9528672695159912	0.0	0.0	0.4979695677757263	2.391550064086914	1.5609654188156128	0.0	1.5496430397033691	0.0	0.6451953649520874	0.0	0.0	0.0	1.730741262435913	0.6545490622520447	0.0	1.94883131980896	0.7223824262619019	2.09660267829895
0.0	0.0	0.21212178468704224	0.0	0.0	0.0	1.5160913467407227	0.9531201720237732	0.15029191970825195	0.5605339407920837	0.39122337102890015	0.0	0.0	0.28914421796798706	0.0	0.06879700720310211	0.0	0.5558316111564636	2.4051997661590576	1.5328149795532227	0.18290667235851288	0.8177564144134521	0.0	0.3577943444252014	0.6038082242012024	0.0	0.0	0.0	0.6724680662155151	0.014476212672889233	0.0	0.962346613407135	0.8396617770195007	0.46928831934928894	0.0	0.19075600802898407	0.2325475513935089	0.0	0.0	0.9854816794395447	0.6983988881111145	1.0293034315109253	2.0067198276519775	0.0	0.04139416664838791	1.0313657522201538	0.0	0.0	0.6634392142295837	2.19132137298584	1.69308602809906	0.0	1.2891489267349243	0.0	0.6917601823806763	0.0	0.0	0.0	1.7225514650344849	0.39044511318206787	0.0	1.5616841316223145	1.0413765907287598	2.2937092781066895
0.0	0.0	0.15256968140602112	0.0	0.0	0.0	1.4049763679504395	0.9615522623062134	0.0	0.678710401058197	0.37487122416496277	0.0	0.0	0.14322081208229065	0.0	0.0	0.0	0.5278220176696777	2.3324575424194336	1.4378465414047241	0.2522718012332916	0.7302682399749756	0.0	0.7196729183197021	0.6873871088027954	0.0	0.0	0.0	0.7628604769706726	0.0	0.0	0.7584772109985352	0.8515965938568115	0.34303832054138184	0.0	0.48336201906204224	0.12643326818943024	0.0	0.0	1.0132745504379272	0.8327160477638245	1.0080684423446655	2.056220531463623	0.0	0.11269759386777878	1.0809741020202637	0.0	0.0	0.6136649250984192	2.7262918949127197	1.6661524772644043	0.0	1.2527693510055542	0.0	0.8476247787475586	0.0	0.0	0.0	1.7811294794082642	0.5802268385887146	0.0	1.50534987449646	0.9823598861694336	2.1500754356384277
0.0	0.0	0.4806748926639557	0.0	0.0	0.0	1.5790493488311768	1.0714553594589233	0.0	0.3047502040863037	0.5932220816612244	0.0	0.0	0.6955020427703857	0.0	0.0	0.0	0.42094069719314575	2.4599506855010986	1.519363522529602	0.288055419921875	0.514281153678894	0.05330901965498924	0.5261324048042297	0.8294664025306702	0.0	0.0	0.0	0.49355635046958923	0.17178550362586975	0.0	1.039551854133606	0.7279192805290222	0.6727330684661865	0.0	0.0	0.2736823558807373	0.0	0.0	1.0527269840240479	0.454875648021698	1.0366510152816772	2.054675817489624	0.0	0.12546925246715546	0.9181888103485107	0.0	0.0	0.30439653992652893	2.5086522102355957	1.5233691930770874	0.0	1.7238167524337769	0.0	0.8565430045127869	0.0	0.0	0.0	1.8788630962371826	0.6737751960754395	0.0	1.9196850061416626	0.8898025155067444	2.4956722259521484
0.0	0.0	0.44473502039909363	0.0	0.0	0.0	1.4056605100631714	0.8589312434196472	0.0	0.17885330319404602	0.857384204864502	0.0	0.0	0.3734223246574402	0.0	0.0	0.0	0.5619699954986572	2.5316338539123535	1.6995413303375244	0.31189239025115967	0.39948341250419617	0.08434833586215973	0.5612487196922302	0.8864380121231079	0.0722324326634407	0.0	0.0	0.47980788350105286	0.01185680367052555	0.0	0.6655251979827881	0.4510602355003357	0.6527553796768188	0.0	0.11924141645431519	0.1725839078426361	0.0	0.0	1.003371238708496	0.5226282477378845	0.7293409705162048	1.8865382671356201	0.0	0.2067306637763977	1.0869402885437012	0.0	0.0	0.5583990812301636	2.4326257705688477	1.598172903060913	0.0	1.580142855644226	0.0	0.6636735200881958	0.0	0.0	0.0	1.6460257768630981	0.7428564429283142	0.0	1.566808819770813	0.5659186244010925	2.3241381645202637
0.0	0.0	0.36466294527053833	0.0	0.0	0.0	1.26120126247406	0.7350201606750488	0.0	0.31794190406799316	0.49868980050086975	0.0	0.0	0.43702617287635803	0.05005282536149025	0.0	0.0	0.6711148619651794	2.3647186756134033	1.3516398668289185	0.630750834941864	0.4715311825275421	0.0	0.4388389587402344	0.6897682547569275	0.0	0.0	0.0	0.6375953555107117	0.0	0.0	0.6900640726089478	0.8169692754745483	0.5245400071144104	0.0	0.0	0.4302922189235687	0.0	0.0	0.9047743082046509	0.7922279834747314	0.9921587109565735	2.1401994228363037	0.0	0.11614970117807388	1.0212914943695068	0.0	0.0	0.5453926920890808	2.0291378498077393	1.5808966159820557	0.0	1.4036881923675537	0.0	0.7749325633049011	0.0	0.0	0.0	1.6916388273239136	0.6863788962364197	0.0	1.6006547212600708	0.842060923576355	2.074068784713745
0.293888121843338	0.0	0.04047872871160507	0.0	0.0	0.0	1.4532110691070557	0.921708345413208	0.0	0.6220298409461975	0.4758073687553406	0.0	0.0	0.636921226978302	0.0	0.0	0.0	0.3725632429122925	2.4076666831970215	1.7768232822418213	0.1504986584186554	0.9921205639839172	0.0	0.1130794882774353	0.7290093898773193	0.0	0.045544471591711044	0.0	0.9904962778091431	0.4531779885292053	0.0	0.9817872643470764	0.7734280228614807	0.4145064949989319	0.0	0.4802820086479187	0.241074800491333	0.0	0.0	1.193178415298462	0.5063855648040771	1.2265396118164062	2.151303768157959	0.0	0.17886187136173248	0.9807271957397461	0.0	0.0	0.41842737793922424	1.9546867609024048	1.5588347911834717	0.0	1.5286109447479248	0.0	0.4701237678527832	0.0	0.0	0.0	1.7598572969436646	0.6943896412849426	0.0	1.4790318012237549	0.9858875870704651	2.2329037189483643
0.0	0.0	0.4362414479255676	0.0	0.0	0.0	1.63624906539917	1.1481653451919556	0.0	0.18592463433742523	0.644352376461029	0.0	0.0	0.4218593239784241	0.030886461958289146	0.01205033715814352	0.0	0.8396808505058289	2.348651170730591	1.4496257305145264	0.5047484040260315	0.4486277103424072	0.0	0.3766064941883087	0.5609145164489746	0.0	0.0	0.0	0.5726409554481506	0.19693143665790558	0.0	0.5076749324798584	0.7498043775558472	0.5356081128120422	0.0	0.0	0.33097541332244873	0.0	0.0	0.8463339805603027	0.8722219467163086	0.9950724244117737	2.01758074760437	0.0	0.07670480757951736	1.1701462268829346	0.0	0.0	0.5466645956039429	2.2201783657073975	1.6281977891921997	0.0	1.3661836385726929	0.0	0.8846855163574219	0.0680871307849884	0.0	0.0	1.679517388343811	0.5532950758934021	0.0	1.5962942838668823	0.6303576827049255	2.343055248260498
0.0	0.0	0.6005507111549377	0.0	0.0	0.0	1.5087401866912842	1.0290366411209106	0.0	0.16490353643894196	0.6435926556587219	0.0	0.0	0.3899885416030884	0.0	0.0	0.0	0.6467251777648926	2.359837055206299	1.5132546424865723	0.3650495111942291	0.516956090927124	0.0	0.4832780957221985	0.8956329822540283	0.0	0.0	0.0	0.5065849423408508	0.13883435726165771	0.0	0.5686476826667786	0.6147001385688782	0.5887316465377808	0.0	0.0	0.22629334032535553	0.0	0.0	0.7915384769439697	0.7445328235626221	0.918943464756012	2.0171289443969727	0.0	0.04255545139312744	1.0700825452804565	0.0	0.0	0.6405984163284302	2.4544119834899902	1.778901219367981	0.0	1.6499931812286377	0.0	0.8854141235351562	0.0	0.0	0.0	1.7861169576644897	0.8423011898994446	0.0	1.4197063446044922	0.5309569239616394	2.349191188812256
0.0	0.0	0.17706544697284698	0.0	0.0	0.0	1.5934231281280518	0.901726484298706	0.0	0.2593863010406494	0.6658867597579956	0.0	0.0	0.6114895939826965	0.015368952415883541	0.0	0.0	0.7307044267654419	2.4465203285217285	1.7733726501464844	0.5867881178855896	0.7766740322113037	0.0	0.1311810463666916	0.6919558644294739	0.0	0.11964056640863419	0.0	0.7348304390907288	0.06304391473531723	0.0	0.6904142498970032	0.5783669948577881	0.5796814560890198	0.0	0.23744554817676544	0.37261050939559937	0.0	0.0	0.977192759513855	0.5809269547462463	0.9071197509765625	2.0406527519226074	0.0	0.0	1.190082311630249	0.0	0.0	0.49693602323532104	1.989915370941162	1.6131647825241089	0.0	1.605277419090271	0.0	0.5999909043312073	0.0	0.0	0.0	1.8522346019744873	0.7041416764259338	0.0	1.3669439554214478	0.7185975909233093	2.22119402885437
0.0	0.2910982370376587	0.040793370455503464	0.0	0.0	0.0	1.6108250617980957	1.048561453819275	0.0976748913526535	0.5774800777435303	0.3306569457054138	0.0	0.0	0.6218124032020569	0.0	0.0	0.0	0.35826078057289124	2.4374048709869385	1.8756023645401	0.19499939680099487	1.034841775894165	0.0	0.0	0.25673311948776245	0.0	0.5567623376846313	0.0	0.9890519976615906	0.5246080160140991	0.0	0.7821162343025208	0.7184659838676453	0.3575940430164337	0.0	0.4908650517463684	0.27175819873809814	0.0	0.0	0.9935986399650574	0.469300240278244	1.1787421703338623	2.0332095623016357	0.0	0.017998164519667625	0.9956861734390259	0.0	0.0	0.4825493097305298	2.100832462310791	1.528580904006958	0.0	1.6285173892974854	0.0	0.5351136326789856	0.0	0.0	0.0	1.7117351293563843	0.5267205238342285	0.0	1.2224552631378174	1.0611966848373413	2.3370187282562256
0.0	0.0	0.18604743480682373	0.0	0.0	0.0	1.4393110275268555	0.6060596108436584	0.0	0.3259723484516144	0.6365193724632263	0.0	0.0	0.36057600378990173	0.0	0.0	0.0	0.45490291714668274	2.2835919857025146	1.562893271446228	0.3312724828720093	0.8253563642501831	0.03635376691818237	0.45014023780822754	0.5446655750274658	0.0	0.11149342358112335	0.0	0.5902954936027527	0.10392176359891891	0.0	0.7109830975532532	0.8442673683166504	0.44183579087257385	0.0	0.36494794487953186	0.3986465632915497	0.0	0.0	0.7846960425376892	0.5937488079071045	0.7016599774360657	2.1077017784118652	0.0	0.09968297183513641	1.0420035123825073	0.0	0.0	0.6791897416114807	2.198354482650757	1.7719067335128784	0.0	1.5419676303863525	0.0	0.6132602095603943	0.0	0.0	0.0	1.6385704278945923	0.7824856042861938	0.0	1.4099096059799194	0.8403096199035645	2.0455527305603027
0.055578913539648056	0.0	0.41706424951553345	0.0	0.0	0.0	1.6444534063339233	1.094787836074829	0.09086296707391739	0.6107620596885681	0.5522714257240295	0.0	0.0	0.37859994173049927	0.0	0.0	0.0	0.3605669438838959	2.3512825965881348	1.5811617374420166	0.20784033834934235	0.7047913670539856	0.0	0.5432248711585999	0.721792995929718	0.04042590782046318	0.0	0.0	0.5884876847267151	0.29895856976509094	0.0	0.9817056655883789	0.6388993263244629	0.6499514579772949	0.0	0.29319649934768677	0.10553983598947525	0.0	0.0	1.290177583694458	0.431749552488327	1.0086177587509155	2.100468158721924	0.0	0.20307916402816772	0.9720340371131897	0.0	0.0	0.5060189366340637	2.6019127368927	1.5832030773162842	0.0	1.6475104093551636	0.0	0.8209814429283142	0.0	0.0	0.0	1.7517964839935303	0.8922936916351318	0.0	1.681478500366211	0.9752654433250427	2.5896434783935547
0.0	0.0	0.2422759085893631	0.0	0.0	0.0	1.5774253606796265	0.8917112350463867	0.0	0.2574107050895691	0.7434024214744568	0.0	0.0	0.6127668023109436	0.0	0.0	0.0	0.6419520378112793	2.5427608489990234	1.9291319847106934	0.48816540837287903	0.7738860249519348	0.0	0.18966524302959442	0.5888108015060425	0.0	0.1147841066122055	0.0	0.8428414463996887	0.2345181107521057	0.0	0.6852234601974487	0.5541961789131165	0.60500568151474	0.0	0.3621523082256317	0.33723145723342896	0.0	0.0	0.9137328267097473	0.49705272912979126	0.9196305274963379	2.031406879425049	0.0	0.017386896535754204	1.105527639389038	0.0	0.0	0.5643284916877747	2.2237560749053955	1.6196476221084595	0.0	1.90714693069458	0.0	0.6038352251052856	0.0	0.0	0.0	1.76553475856781	0.7817832827568054	0.0	1.2087135314941406	0.6634774804115295	2.3416354656219482
0.0	0.0	0.48621857166290283	0.0	0.0	0.0	1.634851098060608	0.9518238306045532	0.0	0.381734699010849	0.7344641089439392	0.0	0.0	0.20284314453601837	0.049516454339027405	0.0	0.0	0.6096915602684021	2.449190139770508	1.6502248048782349	0.258144348859787	0.554529070854187	0.0	0.7219250202178955	0.9916603565216064	0.022183705121278763	0.0	0.0	0.5114207863807678	0.0	0.0	0.8113543391227722	0.538086473941803	0.6916911602020264	0.0	0.22523736953735352	0.19422701001167297	0.0	0.0	0.9705467820167542	0.6156351566314697	0.7360640168190002	1.947450041770935	0.0	0.013851912692189217	1.1004364490509033	0.0	0.0	0.5637814998626709	2.473567247390747	1.564206838607788	0.0	1.5595552921295166	0.0	0.8526391983032227	0.0	0.0	0.0	1.7164884805679321	0.6289489269256592	0.0	1.722469687461853	0.6268351674079895	2.3897390365600586
0.0	0.0	0.267310231924057	0.0	0.0	0.0	1.6148408651351929	1.1204485893249512	0.0	0.24050243198871613	0.7084905505180359	0.0	0.0	0.42351678013801575	0.04983089491724968	0.0	0.0	0.7316310405731201	2.4062488079071045	1.6222025156021118	0.4315469563007355	0.7341780662536621	0.0	0.30083513259887695	0.6578941345214844	0.0	0.0	0.0	0.5744861364364624	0.34441938996315	0.0	0.5800888538360596	0.6126248836517334	0.6285059452056885	0.0	0.404813677072525	0.41740262508392334	0.0	0.0	0.7852486968040466	0.7187846899032593	1.065467119216919	1.984846591949463	0.0	0.0	1.1463621854782104	0.0	0.0	0.5732986330986023	2.2323360443115234	1.7668359279632568	0.0	1.5105509757995605	0.0	0.7907443046569824	0.0	0.0	0.0	1.6994895935058594	0.6519027948379517	0.0	1.2651035785675049	0.7166630029678345	2.312865972518921
0.0	0.0	0.19015201926231384	0.0	0.0	0.0	1.511891484260559	0.9097946286201477	0.0	0.2405066192150116	0.6784735321998596	0.0	0.0	0.6772789359092712	0.03735467419028282	0.0	0.0	0.5923364758491516	2.5017201900482178	1.9038164615631104	0.3601992428302765	0.899806022644043	0.0	0.2978422939777374	0.6799986958503723	0.0	0.022691454738378525	0.0	0.7168161869049072	0.263716459274292	0.0	1.1697232723236084	0.6366250514984131	0.5787964463233948	0.0	0.37072381377220154	0.5115477442741394	0.0	0.0	1.0638667345046997	0.5953195095062256	0.8687908053398132	2.030522584915161	0.0	0.008887246251106262	0.9978118538856506	0.0	0.0	0.6351597905158997	2.4406464099884033	1.5851937532424927	0.0	1.7279789447784424	0.0	0.6097280979156494	0.0	0.0	0.0	1.729718565940857	0.8041765689849854	0.0	1.3489733934402466	0.8407648205757141	2.5571024417877197
0.0	0.0	0.2275375872850418	0.0	0.0	0.0	1.5020878314971924	1.098095417022705	0.0	0.5184398293495178	0.40368756651878357	0.0	0.0	0.5444633960723877	0.0	0.0	0.0	0.4250114858150482	2.3221192359924316	1.53140127658844	0.18985635042190552	0.8239057064056396	0.0	0.40775561332702637	0.45707955956459045	0.0	0.030214248225092888	0.0	0.9376215934753418	0.13924607634544373	0.0	0.7538977861404419	0.7111847996711731	0.47957953810691833	0.006451041903346777	0.39216840267181396	0.23818865418434143	0.0	0.0	1.1004271507263184	0.8168841600418091	1.2057912349700928	2.204864263534546	0.0	0.014646616764366627	0.983877420425415	0.0	0.0	0.5888712406158447	2.340970277786255	1.6802550554275513	0.0	1.3277677297592163	0.0	0.6827633380889893	0.0	0.0	0.0	1.8153971433639526	0.5293121933937073	0.0	1.6048314571380615	1.1572977304458618	2.211998462677002
0.0	0.6390796899795532	0.0	0.44511333107948303	0.0	0.0	1.3459309339523315	0.8015244603157043	0.19430114328861237	0.5509753227233887	0.30162110924720764	0.0	0.0	0.41833311319351196	0.0	0.16585756838321686	0.0	0.10918134450912476	2.1251626014709473	2.245795726776123	0.2974168062210083	1.3169573545455933	0.0	0.2201061248779297	0.3630344271659851	0.0	0.4908212125301361	0.0	1.2694741487503052	0.27529698610305786	0.0	0.8474017381668091	0.06624659150838852	0.5218380093574524	0.5419589281082153	1.2545124292373657	0.0	0.0	0.0	1.2563488483428955	0.3604075610637665	0.7537338137626648	1.9527900218963623	0.0	0.2737325131893158	0.9693737030029297	0.0	0.0	0.8322727680206299	2.5516865253448486	1.7085424661636353	0.05051899328827858	1.6605607271194458	0.0	0.5313573479652405	0.0	0.0	0.0	1.6630222797393799	0.9443323612213135	0.0	0.8449926376342773	1.1666346788406372	2.3603522777557373
0.0	0.10045261681079865	0.09082439541816711	0.0	0.0	0.0	1.65056574344635	1.0345784425735474	0.0	0.44784989953041077	0.5587987303733826	0.0	0.0	0.6344364881515503	0.0	0.0	0.0	0.3299843370914459	2.4452781677246094	1.8085381984710693	0.14121025800704956	0.987856388092041	0.0	0.2251850813627243	0.48145925998687744	0.0	0.25093692541122437	0.0	0.8807478547096252	0.4428061842918396	0.0	0.7199509143829346	0.5554792881011963	0.5252219438552856	0.0	0.6020164489746094	0.260109007358551	0.0	0.0	1.0940511226654053	0.49737805128097534	1.0572112798690796	1.947902798652649	0.0	0.0	1.031184434890747	0.0	0.0	0.5555052161216736	2.344937562942505	1.806730031967163	0.0	1.6371396780014038	0.0	0.6150399446487427	0.0	0.0	0.0	1.7991464138031006	0.707514762878418	0.0	1.1739588975906372	0.9232431650161743	2.388930320739746
0.0	0.0	0.13447174429893494	0.0	0.0	0.0	1.3903405666351318	0.8294177651405334	0.0	0.5524919629096985	0.4164069890975952	0.0	0.0	0.6265502572059631	0.0	0.0	0.0	0.27065184712409973	2.2466368675231934	1.7120633125305176	0.20265726745128632	0.7270927429199219	0.0	0.39442092180252075	0.7682817578315735	0.0	0.0	0.0	0.9808555841445923	0.0	0.0	0.9953222274780273	0.9104475378990173	0.3427900969982147	0.0	0.49069908261299133	0.3241351842880249	0.0	0.0	1.1481221914291382	0.5983887314796448	0.8773375153541565	2.501478910446167	0.0	0.27003607153892517	1.0098040103912354	0.0	0.0	0.43777650594711304	2.6375606060028076	1.403522253036499	0.0	1.5583808422088623	0.0	0.5960573554039001	0.0	0.0	0.0	1.6776278018951416	0.630226731300354	0.0	1.6428858041763306	1.0061187744140625	2.1456282138824463
0.0	0.0	0.4175541400909424	0.0	0.0	0.0	1.5586456060409546	1.111016869544983	0.0	0.4233415424823761	0.5314046144485474	0.0	0.0	0.4240746796131134	0.16815157234668732	0.0	0.0	0.6926071643829346	2.4166719913482666	1.39364755153656	0.34008079767227173	0.7235851287841797	0.0	0.47910723090171814	0.6062019467353821	0.0	0.0756816640496254	0.0	0.8512113690376282	0.1765579730272293	0.0	0.5532503724098206	0.6960952281951904	0.4652445614337921	0.0	0.016512956470251083	0.36926862597465515	0.0	0.0	0.9982591867446899	0.7404131293296814	1.0194138288497925	2.007678747177124	0.0	0.09082059562206268	1.1694977283477783	0.0	0.0	0.5109200477600098	2.4659457206726074	1.7356716394424438	0.0	1.4347342252731323	0.0	0.7814801335334778	0.0	0.0	0.0	1.744388461112976	0.43929824233055115	0.0	1.6967566013336182	0.7885037064552307	2.1265649795532227
0.0	0.18907134234905243	0.18228605389595032	0.0	0.0	0.0	1.496333122253418	0.835771918296814	0.0	0.6768940687179565	0.5284574627876282	0.0	0.0	0.4829958975315094	0.0	0.0	0.0	0.5157201886177063	2.440678834915161	1.854580044746399	0.2412894368171692	0.9116982817649841	0.0	0.11981961876153946	0.43048956990242004	0.0	0.41078436374664307	0.0	0.9140585064888	0.36153286695480347	0.0	0.6204429268836975	0.7466614246368408	0.44341763854026794	0.0	0.4390948712825775	0.3389286994934082	0.0	0.0	0.9930582642555237	0.5154197812080383	0.9221034646034241	2.0429675579071045	0.0	0.0805014967918396	1.1280624866485596	0.0	0.0	0.7131912112236023	2.150264263153076	1.658084511756897	0.0	1.7454379796981812	0.0	0.5348672270774841	0.0	0.0	0.0	1.6607452630996704	0.6481488347053528	0.0	1.1690528392791748	0.845945417881012	2.36185359954834
0.0	0.0	0.3955562710762024	0.0	0.0	0.0	1.559266209602356	0.6920596361160278	0.0	0.11623945832252502	0.7275242805480957	0.0	0.0	0.2987353503704071	0.0	0.0	0.0	0.4996129274368286	2.423311471939087	1.668662667274475	0.2862641513347626	0.42414364218711853	0.0	0.5257672667503357	0.8857806324958801	0.0	0.0	0.0	0.5156428217887878	0.0	0.0	0.7888346314430237	0.5087257027626038	0.5046035647392273	0.0	0.18703556060791016	0.12755249440670013	0.0	0.0	0.8792558312416077	0.5158758759498596	0.5985877513885498	1.9348337650299072	0.0	0.04315808787941933	1.114332675933838	0.0	0.0	0.473097026348114	2.523545980453491	1.5945683717727661	0.0	1.6154264211654663	0.0	0.7436291575431824	0.0	0.0	0.0	1.6254652738571167	0.6948519349098206	0.0	1.5322935581207275	0.5800718069076538	2.2401740550994873
0.0	0.0	0.37945419549942017	0.0	0.0	0.0	1.4782800674438477	1.0081781148910522	0.0	0.5348179340362549	0.6204813122749329	0.0	0.0	0.509306013584137	0.03346944972872734	0.0	0.0	0.578828752040863	2.649092435836792	1.5559682846069336	0.28118449449539185	0.7644627094268799	0.0	0.3073573410511017	0.7023304104804993	0.0	0.049799494445323944	0.0	0.8481820225715637	0.053536973893642426	0.05856425315141678	0.6641340851783752	0.9211313724517822	0.4901711642742157	0.0	0.23638764023780823	0.37568193674087524	0.0	0.0	0.903086245059967	0.5720570087432861	1.1047749519348145	2.1080479621887207	0.0	0.11038157343864441	1.1049216985702515	0.0	0.0	0.39427536725997925	2.050135612487793	1.5901328325271606	0.0	1.5297185182571411	0.0	0.5859239101409912	0.0	0.0	0.0	1.6568628549575806	0.4784599542617798	0.0	1.7539329528808594	0.7969649434089661	2.268336534500122
0.0	0.012891476042568684	0.35179293155670166	0.0	0.0	0.0	1.6653730869293213	1.100437879562378	0.0	0.42599284648895264	0.5275954604148865	0.0	0.0	0.5478076934814453	0.0384228453040123	0.0	0.0	0.4107659161090851	2.4302914142608643	1.9505716562271118	0.1187773272395134	0.9375907182693481	0.0	0.2924351692199707	0.5628271102905273	0.0	0.20370732247829437	0.0	0.9101589918136597	0.30507880449295044	0.0	0.8125497698783875	0.731002151966095	0.4396674633026123	0.0	0.4842833876609802	0.2211870700120926	0.0	0.0	1.0542536973953247	0.4866197407245636	1.0448793172836304	2.056759834289551	0.0	0.0950610488653183	1.0941177606582642	0.0	0.0	0.5585905909538269	2.23195481300354	1.6292260885238647	0.0	1.5924967527389526	0.0	0.5225199460983276	0.0	0.0	0.0	1.7392888069152832	0.45989105105400085	0.08182408660650253	1.5588151216506958	0.9786696434020996	2.280144214630127
0.0	0.0	0.1340579241514206	0.0	0.0	0.0	1.459167242050171	1.0279568433761597	0.0	0.5193909406661987	0.36781179904937744	0.0	0.0	0.603747546672821	0.07866665720939636	0.0	0.0	0.4168485999107361	2.3779289722442627	1.4780662059783936	0.1588146686553955	0.9871266484260559	0.0	0.32745224237442017	0.6656267642974854	0.0	0.0	0.0	0.7845362424850464	0.04713921248912811	0.0	0.953448474407196	0.7408117651939392	0.4933086931705475	0.0	0.4384581446647644	0.2677904963493347	0.0	0.0	1.1974596977233887	0.4187917709350586	1.0100759267807007	2.1022961139678955	0.0	0.10644464194774628	1.169986605644226	0.0	0.0	0.3988165855407715	2.064649820327759	1.6379109621047974	0.0	1.4772893190383911	0.0	0.6827957630157471	0.0	0.0	0.0	1.856698989868164	0.4492263197898865	0.0	1.5754053592681885	1.0770353078842163	2.224606513977051
0.0	0.0	0.30267682671546936	0.0	0.0	0.0	1.4602407217025757	0.9847280979156494	0.0	0.5003718137741089	0.49998730421066284	0.0	0.0	0.3071305453777313	0.0043064020574092865	0.0	0.0	0.6421569585800171	2.3111586570739746	1.593352198600769	0.48155513405799866	0.9116730690002441	0.0	0.47261062264442444	0.7113997340202332	0.0	0.0	0.0	0.8391175866127014	0.29716500639915466	0.0	0.7291525602340698	0.6516216993331909	0.5307567715644836	0.0	0.5260619521141052	0.36987292766571045	0.0	0.0	1.1138979196548462	0.7330117225646973	1.1739875078201294	2.1247966289520264	0.0	0.03719085082411766	1.2162513732910156	0.0	0.0	0.5865758061408997	2.3780295848846436	1.819612979888916	0.0	1.3896772861480713	0.0	0.7303581237792969	0.0	0.0	0.0	1.6869760751724243	0.48448610305786133	0.0	1.3774069547653198	0.9338504672050476	2.364896059036255
0.0	0.0	0.1985722780227661	0.0	0.0	0.0	1.3817287683486938	1.0969644784927368	0.0	0.4493251144886017	0.47514352202415466	0.0	0.0	0.5783523917198181	0.0	0.06892174482345581	0.0	0.4036393463611603	2.4598493576049805	1.65868079662323	0.289970338344574	0.8450694680213928	0.0	0.28857287764549255	0.4106510877609253	0.0	0.14587947726249695	0.0	0.9937874674797058	0.2579535245895386	0.0	0.6861588954925537	1.0550910234451294	0.47272583842277527	0.0	0.28183332085609436	0.4488929212093353	0.0	0.0	1.0690237283706665	0.5494300723075867	1.1313228607177734	2.1718192100524902	0.0	0.05197858065366745	1.2554140090942383	0.0	0.0	0.48404717445373535	2.282435894012451	1.630641222000122	0.0	1.4282792806625366	0.0	0.5954562425613403	0.0	0.0	0.0	1.8422728776931763	0.5223552584648132	0.0	1.4270275831222534	0.8046264052391052	2.250934362411499
0.0	0.0	0.4446706473827362	0.0	0.0	0.0	1.621269941329956	1.038387656211853	0.0410473458468914	0.3732765018939972	0.5015205144882202	0.0	0.0	0.29958680272102356	0.0	0.0	0.0	0.47367629408836365	2.48388934135437	1.653545618057251	0.2725865840911865	0.605048418045044	0.30250850319862366	0.4792223870754242	0.8418108820915222	0.005207126960158348	0.19772030413150787	0.0	0.731721043586731	0.2892070412635803	0.0	0.650718629360199	0.5604390501976013	0.5437340140342712	0.0	0.0614558644592762	0.2589878737926483	0.0	0.0	0.8363076448440552	0.569722056388855	1.0047752857208252	1.9812066555023193	0.0	0.16064274311065674	1.1330641508102417	0.0	0.0	0.4822749197483063	2.321213960647583	1.665815830230713	0.0	1.5492568016052246	0.0	0.8975027203559875	0.0	0.0	0.0	1.8177317380905151	0.6291555762290955	0.0	1.5666866302490234	0.775471031665802	2.3442153930664062
0.0	0.0	0.4424518942832947	0.0	0.0	0.0	1.6069482564926147	0.9229788780212402	0.0	0.31787967681884766	0.808167576789856	0.0	0.0	0.25637099146842957	0.0	0.0	0.0	0.6041673421859741	2.483751058578491	1.3023921251296997	0.3857356309890747	0.43114978075027466	0.0	0.8044686913490295	0.9608818888664246	0.2261883169412613	0.0	0.0	0.3466826379299164	0.004325555637478828	0.0	0.7841761708259583	0.6002494096755981	0.5797023177146912	0.0	0.06987357884645462	0.35456791520118713	0.0	0.0	0.8727428913116455	0.6052011251449585	0.6969984769821167	1.939178466796875	0.0	0.12266979366540909	1.1305334568023682	0.0	0.0	0.552960216999054	2.5195605754852295	1.708540916442871	0.0	1.4846289157867432	0.0	0.897335946559906	0.0	0.0	0.0	1.7072933912277222	0.6431744694709778	0.0	1.686941385269165	0.694576621055603	2.2230663299560547
0.0	0.0	0.4094890058040619	0.0	0.0	0.0	1.6965385675430298	1.1426949501037598	0.0	0.22074751555919647	0.6466963291168213	0.0	0.0	0.2627735733985901	0.0	0.0	0.0	0.6485853791236877	2.33831524848938	1.6509073972702026	0.31770965456962585	0.6443129777908325	0.0	0.44449371099472046	0.7016249895095825	0.15282602608203888	0.0	0.0	0.7246953248977661	0.28270530700683594	0.0	0.6448368430137634	0.5526706576347351	0.5040060877799988	0.0	0.32776981592178345	0.23124206066131592	0.0	0.0	0.9678290486335754	0.7364062666893005	0.8760975003242493	1.9257704019546509	0.0	0.0	1.2316303253173828	0.0	0.0	0.5700017213821411	2.278186559677124	1.710091471672058	0.0	1.5393145084381104	0.0	0.8361528515815735	0.0	0.0	0.0	1.7146316766738892	0.8010960817337036	0.0	1.4114078283309937	0.6708189845085144	2.4016072750091553
0.0	0.0	0.23970359563827515	0.0	0.0	0.0	1.4697229862213135	0.985850989818573	0.0	0.5234701633453369	0.32944849133491516	0.0	0.0	0.36237508058547974	0.0	0.0	0.0	0.2788526713848114	2.331106424331665	1.587364673614502	0.17888785898685455	0.7462472319602966	0.0	0.5485584735870361	0.6453559398651123	0.0	0.0	0.0	0.8048779368400574	0.0	0.0	0.9128071069717407	0.9581505656242371	0.4871352016925812	0.0	0.4180965721607208	0.18725790083408356	0.0	0.0	1.2633328437805176	0.5955508947372437	1.1147445440292358	2.3128514289855957	0.0	0.21175070106983185	1.0193533897399902	0.0	0.0	0.4142289459705353	2.501911163330078	1.5433855056762695	0.0	1.361456036567688	0.0	0.7287073135375977	0.0	0.0	0.0	1.763264536857605	0.6362313032150269	0.0	1.71016263961792	1.0689040422439575	2.211869239807129
0.0	0.0	0.4821139872074127	0.0	0.0	0.0	1.6767213344573975	0.9646968245506287	0.0	0.10624942183494568	0.7475120425224304	0.0	0.0	0.3276674449443817	0.0	0.0	0.0	0.5643740892410278	2.326439619064331	1.5618587732315063	0.30257850885391235	0.4874116778373718	0.02795344963669777	0.6315804719924927	0.8053169250488281	0.0	0.0	0.0	0.5309111475944519	0.09176602959632874	0.0	0.5977917313575745	0.4104776382446289	0.5779434442520142	0.0	0.12246144562959671	0.15784935653209686	0.0	0.0	0.9412583112716675	0.6791923642158508	0.8498365879058838	2.0260655879974365	0.0	0.0647849515080452	1.052178144454956	0.0	0.0	0.6147114634513855	2.4591968059539795	1.7281930446624756	0.0	1.5980814695358276	0.0	0.7393721342086792	0.0	0.0	0.0	1.6867470741271973	0.8117445111274719	0.0	1.520896553993225	0.5768109560012817	2.284191846847534
0.0	0.0	0.19919493794441223	0.0	0.0	0.0	1.5312751531600952	0.994635820388794	0.0	0.5594244003295898	0.6037960052490234	0.0	0.0	0.45971405506134033	0.0	0.0	0.0	0.5394421219825745	2.469151735305786	1.4272929430007935	0.2115398347377777	0.9383374452590942	0.0	0.37133321166038513	0.47124674916267395	0.0	0.15035459399223328	0.0	0.6952875852584839	0.08937748521566391	0.0	0.6554161906242371	1.0111943483352661	0.47479259967803955	0.0	0.29201072454452515	0.38700082898139954	0.0	0.0	0.9879559874534607	0.6575670838356018	1.129422664642334	2.174635887145996	0.0	0.0654897391796112	1.1243480443954468	0.0	0.0	0.5868006944656372	2.1975600719451904	1.713900089263916	0.0	1.4735397100448608	0.0	0.7319065928459167	0.0	0.0	0.0	1.6941142082214355	0.40987473726272583	0.0	1.489815354347229	0.984160304069519	2.2062010765075684
0.0	0.23433299362659454	0.259674072265625	0.0	0.0	0.0	1.6710538864135742	0.9650561213493347	0.0	0.43270885944366455	0.4792681932449341	0.0	0.0	0.5399731993675232	0.12349460273981094	0.0	0.0	0.5178269147872925	2.4667205810546875	1.8699803352355957	0.18822823464870453	1.0919866561889648	0.0	0.18079589307308197	0.5373650193214417	0.0	0.41275328397750854	0.0	0.9761930704116821	0.3070948123931885	0.0	0.7302506566047668	0.4869176745414734	0.6066402792930603	0.0	0.7163949012756348	0.2442733496427536	0.0	0.0	0.8555202484130859	0.5862032771110535	0.9299444556236267	1.9910587072372437	0.0	0.0	1.0779194831848145	0.0	0.0	0.6910607814788818	2.141308069229126	1.818496823310852	0.13287481665611267	1.7498812675476074	0.0	0.6256126761436462	0.0	0.0	0.0	1.7516894340515137	0.7097330689430237	0.0	1.0302162170410156	0.9913858771324158	2.5293962955474854
0.0	0.0	0.5731597542762756	0.0	0.0	0.0	1.5003440380096436	1.0089361667633057	0.0	0.34291329979896545	0.573455274105072	0.0	0.0	0.5544412136077881	0.0	0.0	0.0	0.6990881562232971	2.4938783645629883	1.4199285507202148	0.32840099930763245	0.608135998249054	0.0	0.5012829899787903	0.507581353187561	0.0	0.0	0.0	0.7150847911834717	0.2601844072341919	0.0	0.7264320254325867	0.8049063682556152	0.46941837668418884	0.0	0.06248074397444725	0.4964045584201813	0.0	0.0	0.9035622477531433	0.698357105255127	1.1331137418746948	2.0326638221740723	0.0	0.09291072189807892	1.0334993600845337	0.0	0.0	0.41082870960235596	2.400536060333252	1.5966713428497314	0.0	1.4989005327224731	0.0	0.8897313475608826	0.08109387010335922	0.0	0.0	1.7646909952163696	0.49570509791374207	0.0	1.805100440979004	0.7978093028068542	2.4196794033050537
0.0	0.0	0.4847649931907654	0.0	0.0	0.0	1.5702972412109375	0.8956035375595093	0.0	0.33238378167152405	0.5949810147285461	0.0	0.0	0.5127363204956055	0.0	0.0	0.0	0.5194977521896362	2.540996789932251	1.6272575855255127	0.3355399966239929	0.6989501714706421	0.0	0.14552226662635803	0.5851364731788635	0.0	0.1922823041677475	0.0	0.8462297916412354	0.17301450669765472	0.0	0.7350740432739258	0.9290032386779785	0.5461617708206177	0.0	0.3317572772502899	0.4059048593044281	0.0	0.0	0.8707916140556335	0.4591791331768036	1.0823853015899658	2.025958299636841	0.0	0.05007437616586685	1.0801281929016113	0.0	0.0	0.5142865180969238	2.2953035831451416	1.5603755712509155	0.0	1.6961102485656738	0.0	0.6390010118484497	0.0	0.0	0.0	1.6811069250106812	0.5497444868087769	0.0	1.5208234786987305	0.7614195346832275	2.322730779647827
0.0	0.0	0.5030389428138733	0.0	0.0	0.0	1.7718857526779175	1.050955057144165	0.0	0.21333056688308716	0.6939411163330078	0.0	0.0	0.36944982409477234	0.03683524951338768	0.0	0.0	0.6238157153129578	2.4335811138153076	1.5867379903793335	0.30495643615722656	0.37935981154441833	0.33489683270454407	0.5261087417602539	0.9785893559455872	0.062248002737760544	0.0	0.0	0.49824798107147217	0.09808699041604996	0.0	0.729902982711792	0.5754161477088928	0.6223304271697998	0.0	0.13667209446430206	0.23561665415763855	0.0	0.0	0.958888053894043	0.47267234325408936	0.9722914695739746	1.9917198419570923	0.0	0.0744602158665657	1.1440496444702148	0.0	0.0	0.4497809410095215	2.510930299758911	1.5914502143859863	0.0	1.6644152402877808	0.0	0.9659122824668884	0.0	0.0	0.0	1.6852370500564575	0.6098722219467163	0.0	1.6272499561309814	0.7322394847869873	2.399961471557617
0.0	0.0	0.22127392888069153	0.0	0.0	0.0	1.589231252670288	0.7307541966438293	0.0	0.12396959215402603	0.7076802253723145	0.0	0.0	0.4659282863140106	0.0	0.0	0.0	0.6257001757621765	2.3840670585632324	1.6727418899536133	0.33689647912979126	0.7936033606529236	0.0	0.3924579620361328	0.6254507303237915	0.0	0.03657319396734238	0.0	0.6401798725128174	0.0	0.0	0.5895652770996094	0.5848990082740784	0.536256730556488	0.0	0.38018128275871277	0.3548940420150757	0.0	0.0	0.7793014645576477	0.7139848470687866	0.7492915391921997	1.9303430318832397	0.0	0.0	1.176823616027832	0.0	0.0	0.6149857640266418	2.1868112087249756	1.8418896198272705	0.0	1.6241695880889893	0.0	0.6932033896446228	0.0	0.0	0.0	1.732702374458313	0.6293158531188965	0.0	1.2779515981674194	0.611153781414032	2.206843614578247
0.0	0.0	0.29418331384658813	0.0	0.0	0.0	1.6733341217041016	0.9343929886817932	0.0	0.30990222096443176	0.6758726239204407	0.0	0.0	0.5052475333213806	0.0	0.0	0.0	0.6386221051216125	2.5702924728393555	1.69889497756958	0.42354077100753784	0.6976165771484375	0.0	0.22546744346618652	0.6182610392570496	0.0	0.1445022076368332	0.0	0.7946543097496033	0.2622320055961609	0.0	0.6155141592025757	0.5868968963623047	0.5413826704025269	0.0	0.25869566202163696	0.3133939206600189	0.0	0.0	0.9195524454116821	0.6038802266120911	0.918600857257843	2.1596219539642334	0.0	0.0580352358520031	1.0765620470046997	0.0	0.0	0.44567519426345825	2.2788589000701904	1.592981219291687	0.0	1.68808114528656	0.0	0.6848210692405701	0.0	0.0	0.0	1.726119041442871	0.5691573023796082	0.0	1.2772151231765747	0.7069919109344482	2.31084942817688
0.0	0.06942983716726303	0.31677567958831787	0.0	0.0	0.0	1.6944576501846313	1.0865867137908936	0.0	0.3614789545536041	0.6370890140533447	0.0	0.0	0.5483485460281372	0.09591293334960938	0.0	0.0	0.6649541854858398	2.5822536945343018	1.6257045269012451	0.37590187788009644	0.8364870548248291	0.0	0.07254201918840408	0.5535709261894226	0.0	0.2160196453332901	0.0	0.8170545101165771	0.36750584840774536	0.0	0.5889237523078918	0.5777941942214966	0.5809618830680847	0.0	0.2375006079673767	0.3057301938533783	0.0	0.16494311392307281	0.8960171341896057	0.6468873023986816	1.1665854454040527	2.0958495140075684	0.0	0.022920990362763405	1.1561524868011475	0.0	0.0	0.4779217839241028	2.083820343017578	1.6185322999954224	0.0	1.618656873703003	0.0	0.6665330529212952	0.0	0.0	0.0	1.6867578029632568	0.5126913189888	0.0	1.2847386598587036	0.7807155847549438	2.348517417907715
0.0	0.1327776461839676	0.20185723900794983	0.0	0.0	0.0	1.6627415418624878	1.0555490255355835	0.0	0.44292744994163513	0.4998180866241455	0.0	0.0	0.641982913017273	0.16114696860313416	0.0	0.0	0.5687004327774048	2.5044615268707275	1.7048166990280151	0.297076553106308	1.059503436088562	0.0	0.3347773849964142	0.7562273144721985	0.0	0.11785877496004105	0.0	0.969323456287384	0.21836574375629425	0.0	0.9126917719841003	0.675872266292572	0.5167856216430664	0.0	0.4233585298061371	0.3237229883670807	0.0	0.0	1.0443998575210571	0.5877567529678345	1.0528446435928345	2.1016643047332764	0.0	0.02693198248744011	1.2168769836425781	0.0	0.0	0.5253117084503174	2.0506749153137207	1.6463342905044556	0.0	1.535719394683838	0.0	0.585404634475708	0.0	0.0	0.0	1.6302995681762695	0.59138423204422	0.0	1.4218385219573975	0.9610841870307922	2.32961106300354
0.0	0.0	0.2952205538749695	0.0	0.0	0.0	1.3632732629776	0.8799517750740051	0.0	0.27053073048591614	0.38309037685394287	0.0	0.0	0.41306307911872864	0.0	0.0	0.0	0.3925108015537262	2.258753776550293	1.5957133769989014	0.2697531282901764	0.7175371050834656	0.0	0.3672664165496826	0.6199986338615417	0.0	0.0	0.0	0.7966024279594421	0.013503880240023136	0.0	0.9446631669998169	0.46446189284324646	0.3767898976802826	0.0	0.5382972359657288	0.16459675133228302	0.0	0.0	0.9608938694000244	0.7193964123725891	0.7905800342559814	2.189100980758667	0.0	0.24239274859428406	1.007190465927124	0.0	0.0	0.474920392036438	2.3475406169891357	1.7210242748260498	0.0	1.4704688787460327	0.0	0.7906257510185242	0.0	0.0	0.0	1.9878891706466675	0.6297763586044312	0.0	1.4831414222717285	0.8597341179847717	2.057894229888916
0.0	0.0	0.29025325179100037	0.0	0.0	0.0	1.5531678199768066	1.1320387125015259	0.0	0.4774494171142578	0.5013055801391602	0.0	0.0	0.5042645335197449	0.0	0.0	0.0	0.6733023524284363	2.3976833820343018	1.4740711450576782	0.4003949463367462	0.7335214018821716	0.0	0.3918333649635315	0.5782691240310669	0.0	0.15130405128002167	0.0	0.8258132338523865	0.37270697951316833	0.0	0.7036384344100952	0.6674960255622864	0.5677412152290344	0.0	0.046511683613061905	0.49628230929374695	0.0	0.0	0.8156625628471375	0.7768504023551941	1.0144492387771606	2.0982494354248047	0.0	0.020755765959620476	1.212936282157898	0.0	0.0	0.5495109558105469	2.0367517471313477	1.6602035760879517	0.0	1.50802743434906	0.0	0.6167944073677063	0.0	0.0	0.0	1.7682769298553467	0.6513587236404419	0.0	1.3153637647628784	0.7010361552238464	2.216269016265869
0.0	0.0	0.33432483673095703	0.0	0.0	0.0	1.7333322763442993	1.4101781845092773	0.0	0.39432114362716675	0.5167008638381958	0.0	0.0	0.37967953085899353	0.0	0.0	0.0	0.5736119747161865	2.4248032569885254	1.3841444253921509	0.45895251631736755	0.6229525804519653	0.0	0.32851147651672363	0.7443040013313293	0.0	0.0	0.0	0.826836347579956	0.4684874415397644	0.0	0.6839320659637451	0.6183197498321533	0.6042072176933289	0.0	0.014814909547567368	0.3419104814529419	0.0	0.0	0.975905179977417	0.6869230270385742	1.2904598712921143	1.9409935474395752	0.0	0.012095130980014801	1.00458824634552	0.0	0.0	0.47629180550575256	2.1059186458587646	1.6506484746932983	0.0	1.371095895767212	0.0	0.7270917892456055	0.0	0.0	0.0	1.765121579170227	0.3733893930912018	0.0	1.510244607925415	0.976112425327301	2.4201531410217285
0.0	0.0	0.18464450538158417	0.0	0.0	0.0	1.5574036836624146	1.0179352760314941	0.00578132551163435	0.5333325266838074	0.5933522582054138	0.0	0.0	0.4978378713130951	0.0	0.15156614780426025	0.0	0.49563074111938477	2.4279654026031494	1.6733170747756958	0.3737037479877472	0.9463753700256348	0.0	0.16929958760738373	0.4835435152053833	0.0	0.21053074300289154	0.0	0.8509231209754944	0.34670233726501465	0.0	0.6169725656509399	0.5963278412818909	0.43473923206329346	0.0	0.40171197056770325	0.2656562328338623	0.0	0.0	0.9972810745239258	0.6689214110374451	1.0103962421417236	2.1834893226623535	0.0	0.05269744247198105	1.0623365640640259	0.0	0.0	0.7633193731307983	2.1856465339660645	1.7420076131820679	0.0	1.5860068798065186	0.0	0.5916696190834045	0.0	0.0	0.0	1.6947684288024902	0.5635024905204773	0.0	1.1707266569137573	0.9586346745491028	2.366861343383789
0.0	0.0	0.3646288812160492	0.0	0.0	0.0	1.647193193435669	0.9922102093696594	0.0	0.28991106152534485	0.7308846712112427	0.0	0.0	0.6303257346153259	0.0	0.0	0.0	0.6180301308631897	2.3175601959228516	1.689286708831787	0.2686549425125122	0.9005247950553894	0.0	0.2963804006576538	0.6657147407531738	0.0	0.19769364595413208	0.0	0.8272140622138977	0.3800135552883148	0.0	0.706771194934845	0.7085710167884827	0.5062512159347534	0.0	0.4364543855190277	0.3576032519340515	0.0	0.0	0.8941373229026794	0.5488967299461365	1.0661057233810425	2.0516538619995117	0.0	0.0	1.1794804334640503	0.0	0.0	0.7431114315986633	2.1528639793395996	1.8357477188110352	0.0	1.593502402305603	0.0	0.6932966709136963	0.0	0.0	0.0	1.6013336181640625	0.785667359828949	0.0	1.1991249322891235	0.7390377521514893	2.3854925632476807
