0.9177432656288147	1.1270880699157715	1.5920473337173462	1.067604660987854	1.1059383153915405	0.0	2.0491302013397217	1.2016767263412476	0.9965536594390869	0.2558305263519287	1.643476128578186	0.12811753153800964	0.0	0.27334314584732056	0.15005293488502502	1.4247668981552124	1.3958765268325806	0.0	1.8042479753494263	1.087631106376648	0.3385459780693054	0.2914760112762451	0.11117636412382126	1.050881266593933	2.7434499263763428	1.519256353378296	0.6290205717086792	0.21530845761299133	0.737737774848938	0.8609085083007812	2.3139593601226807	0.5712217092514038	0.42475178837776184	0.37282538414001465	1.4783620834350586	0.22558367252349854	0.581258237361908	1.7613146305084229	0.5693500638008118	1.5962549448013306	0.7296860814094543	0.0	0.4753158390522003	0.8357368111610413	1.63991379737854	0.4543556571006775	1.1210445165634155	0.0	1.495408535003662	3.8925633430480957	1.2590415477752686	0.7073462009429932	0.0	0.09621871262788773	1.0089128017425537	0.40800586342811584	0.0	0.0	0.0	1.0442335605621338	1.1585900783538818	1.6026986837387085	0.0	1.9934180974960327
0.3339862525463104	0.805611252784729	1.774564504623413	0.717003345489502	1.804685354232788	0.0	0.6107820272445679	1.0807698965072632	0.0	0.6499080061912537	1.8309162855148315	0.0	0.3489162027835846	0.2952200770378113	0.5501607060432434	2.802509307861328	0.5123656392097473	0.0	3.0179967880249023	0.0	0.6336538195610046	0.0	1.6311854124069214	0.0	1.884723424911499	1.7868235111236572	2.077340841293335	0.5112709403038025	1.7115607261657715	1.5285131931304932	1.5379271507263184	0.1257355511188507	0.915621280670166	0.5303842425346375	0.31544312834739685	0.8172642588615417	0.49765723943710327	0.7221907377243042	0.026618583127856255	0.6443241238594055	1.8023234605789185	0.10840366780757904	0.2130589783191681	0.0	2.6175167560577393	0.0	0.6399371027946472	0.0	1.028294324874878	2.818364143371582	0.4484500288963318	1.7523345947265625	0.0	0.4916040003299713	0.8727848529815674	0.1316746473312378	0.0	0.0	0.20588234066963196	0.4636717438697815	1.992842197418213	0.5174530148506165	0.7320470809936523	1.2733607292175293
0.0	0.43687155842781067	1.1997936964035034	0.0	0.4075563848018646	0.0	0.0	0.4322272837162018	0.0	0.7305755615234375	0.0	0.0	0.6479520797729492	1.1205923557281494	0.44136881828308105	2.101276397705078	0.0	0.0	1.658939003944397	0.0	0.0	0.0	1.7430481910705566	0.0	0.0018828004831448197	0.6255291700363159	1.4385051727294922	0.0	0.7066216468811035	0.0	2.3022303581237793	0.52750563621521	2.2420804500579834	0.4624265432357788	0.0	0.0	0.6836156249046326	0.0	0.0	0.0	0.5444194674491882	0.0	0.0	0.0	2.6204352378845215	0.0	0.337067574262619	0.3718186318874359	0.0	0.0	0.0	0.0	0.6183220744132996	0.0	0.0	0.8045052886009216	0.8533839583396912	0.6740630269050598	1.0767507553100586	0.1549065113067627	2.3998889923095703	1.6717617511749268	1.6238187551498413	0.5374094843864441
0.0008060393738560379	0.6407848596572876	1.4800667762756348	0.6237026453018188	2.440593719482422	0.0	1.0925877094268799	1.0588757991790771	0.0	0.7767329216003418	1.158675193786621	0.0	0.1445329785346985	0.07535906136035919	0.9472461342811584	2.9115335941314697	0.6338467597961426	0.0	2.841433525085449	0.0	0.8320397734642029	0.20508737862110138	1.8173205852508545	0.0	1.6968889236450195	2.0671489238739014	2.1169025897979736	0.46335119009017944	1.7841110229492188	1.4117350578308105	1.8534351587295532	0.037619005888700485	0.8744048476219177	0.24501459300518036	0.4143082797527313	0.8115314841270447	0.7149377465248108	0.5785167217254639	0.0	0.0	1.6178888082504272	0.1539595127105713	0.0	0.0	2.3666484355926514	0.5878666639328003	0.6864607930183411	0.0	0.8078563809394836	2.2643895149230957	0.43399688601493835	1.5668007135391235	0.06489172577857971	0.6714617013931274	0.9314935803413391	0.6913686990737915	0.23684409260749817	0.0	0.2821095585823059	0.0	2.091560125350952	0.347023069858551	0.7266318202018738	1.0345157384872437
0.09218265861272812	0.0	1.4429994821548462	0.08918885141611099	2.165369749069214	0.0	0.23133781552314758	0.9130008220672607	0.0	1.8711775541305542	0.0	0.0	0.46488749980926514	0.0	1.1992621421813965	2.4544990062713623	0.0	0.0	3.021125078201294	0.0	0.0	0.0	2.168088436126709	0.0	0.0	1.4032634496688843	1.5761094093322754	0.49496904015541077	1.2073650360107422	0.7790361046791077	1.3895678520202637	0.0	1.0337721109390259	0.11048267036676407	0.0	0.5065727829933167	0.6774434447288513	0.0	0.0	0.0	1.5147278308868408	0.7256059050559998	0.0	0.0	2.787508249282837	0.20656704902648926	0.07568903267383575	0.0	0.0	0.0	0.0	1.128501296043396	0.09582162648439407	1.1729228496551514	0.8216356635093689	0.3846742510795593	0.8569844961166382	0.5337182879447937	0.6300867795944214	0.0	1.3751214742660522	0.0	0.743511438369751	0.0
1.2997850179672241	1.2226518392562866	0.08044210821390152	0.920990526676178	0.0	0.0	1.6477124691009521	0.4434005916118622	1.4466079473495483	0.0	1.353886604309082	0.5218043327331543	0.0	0.7056718468666077	0.0025185185950249434	0.2589164078235626	2.1890909671783447	0.0	0.0	1.9325482845306396	0.6172207593917847	0.0	0.0	1.4396758079528809	2.524393081665039	0.8036967515945435	0.0	0.0	0.0	0.24424369633197784	0.3994753658771515	0.713479220867157	0.0	0.0067400322295725346	0.9159578084945679	0.6325142979621887	0.0	2.067681074142456	0.41029098629951477	1.5485625267028809	0.0	0.0	0.8768914341926575	1.4523227214813232	0.0	0.5800673961639404	1.3492299318313599	0.0	1.3657870292663574	3.3673946857452393	1.0031815767288208	0.1535552591085434	0.15643411874771118	0.0	0.6535691022872925	0.46810609102249146	0.0	0.0	0.0	1.064164400100708	0.0	1.7636759281158447	0.0	2.63504695892334
0.7240279912948608	1.8859530687332153	0.0	0.7900158166885376	0.0	0.0	1.7003799676895142	0.15457944571971893	1.619701623916626	0.0	1.919324278831482	0.541579008102417	0.0	1.9561046361923218	0.0	0.6044061183929443	2.859771966934204	0.0	0.3398442268371582	1.4964388608932495	1.7674909830093384	0.0	0.4592868685722351	1.0455948114395142	2.283034086227417	0.19677037000656128	2.0808231830596924	0.11628802120685577	1.2846732139587402	0.7235451340675354	1.3786263465881348	0.08220896869897842	0.125465989112854	0.3966987729072571	0.9930383563041687	0.4695441722869873	0.0	1.3640960454940796	0.0	0.5919436812400818	0.5749139189720154	0.0	1.6541550159454346	1.3403550386428833	0.13187779486179352	0.4375869929790497	1.1856191158294678	0.0	1.5506904125213623	2.4695653915405273	0.9348897337913513	0.03526737540960312	0.22636258602142334	0.0	0.0	0.43270769715309143	0.0	0.2280878871679306	0.0	0.6839836835861206	0.938308596611023	2.1050283908843994	0.4481182396411896	2.7437613010406494
0.1151975616812706	0.0	1.4006208181381226	0.16970644891262054	2.0825605392456055	0.0	0.21941663324832916	0.8454660177230835	0.0	1.8908113241195679	0.0	0.0	0.41273829340934753	0.0	1.1169153451919556	2.6941299438476562	0.0	0.0	3.197382926940918	0.0	0.3022932708263397	0.0	2.1213643550872803	0.0	0.0	1.3470919132232666	1.7374718189239502	0.31651461124420166	1.6052473783493042	0.8727452754974365	1.2519959211349487	0.0	0.9313088655471802	0.21948981285095215	0.0	0.4035215973854065	0.8938629627227783	0.0	0.0	0.0	1.631244421005249	0.7012417316436768	0.0	0.0	2.877810001373291	0.21485893428325653	0.0	0.0	0.0	0.0	0.0	1.067990779876709	0.15983183681964874	1.113982081413269	0.7150111198425293	0.38411206007003784	0.8627797961235046	0.6342961192131042	0.6286038160324097	0.0	1.5212100744247437	0.0	0.8043984174728394	0.0
1.4623032808303833	1.4793237447738647	0.0	0.9675077795982361	0.0	0.0	1.2742012739181519	0.0	1.6356074810028076	0.0	1.1554725170135498	0.7645670175552368	0.0	1.2299455404281616	0.0	0.0	2.2153496742248535	0.0	0.0	2.069628953933716	0.9747395515441895	0.0	0.0	1.5407257080078125	2.342087507247925	0.6623427867889404	0.0	0.11145491898059845	0.0	0.2614370882511139	0.003913183230906725	0.4816221296787262	0.0	0.01266871951520443	0.7385818958282471	0.33001136779785156	0.0	1.78960382938385	0.5558366179466248	1.4629069566726685	0.0	0.0055699399672448635	1.284319519996643	1.0290852785110474	0.0	0.5215179920196533	1.2571049928665161	0.0	1.1356474161148071	2.948136568069458	1.0548807382583618	0.0	0.33635416626930237	0.0	0.2843618392944336	0.2496083527803421	0.0	0.05342135205864906	0.0	1.0645004510879517	0.0	1.6392337083816528	0.0	2.3642303943634033
0.19353464245796204	0.4166301488876343	0.5169045329093933	0.0	0.7125056385993958	0.0	0.01830902136862278	0.6410804390907288	0.0	0.9422643780708313	0.0	0.0	0.6127117872238159	1.3841532468795776	0.4220491349697113	2.1257858276367188	0.0	0.0	1.9537410736083984	0.0	1.1668455600738525	0.11639343947172165	1.631151795387268	0.0	0.0	0.0	2.4792897701263428	0.0	1.7081650495529175	0.8005030751228333	0.7051578164100647	0.0	1.0278186798095703	0.7060473561286926	0.0	0.0	0.5230907797813416	0.0	0.0	0.0	1.319949984550476	0.5938515067100525	0.0020167131442576647	0.0	2.0812525749206543	0.0	0.0	0.31864264607429504	0.0	0.0	0.0	0.0	0.7768422961235046	0.0	0.0	0.3242562413215637	0.8305795192718506	0.38357865810394287	1.1270908117294312	0.0	2.168604850769043	0.16915015876293182	1.6503880023956299	0.8906104564666748
0.0	0.9297876954078674	1.1061521768569946	0.3724626898765564	2.4366588592529297	0.0	1.355068325996399	1.0692353248596191	0.16609257459640503	0.5195629000663757	1.5614126920700073	0.0	0.18813803791999817	0.7430006265640259	0.4508418142795563	2.675063133239746	1.0023913383483887	0.0	2.690014362335205	0.0	1.5728603601455688	0.0	1.9248671531677246	0.0	1.8399041891098022	1.7764121294021606	2.792175769805908	0.5553029179573059	2.1633691787719727	1.3138325214385986	2.4346470832824707	0.11408310383558273	1.3606754541397095	0.5984820127487183	0.5692628622055054	0.4750145673751831	0.5603004097938538	0.387734591960907	0.0	0.11318524926900864	1.7590246200561523	0.3014427125453949	0.31306368112564087	0.21252501010894775	2.4663407802581787	0.18282249569892883	0.7036532759666443	0.0	0.8147817254066467	2.548748016357422	0.198908731341362	1.5236108303070068	0.3158634305000305	0.33358338475227356	0.5855919718742371	0.6720535159111023	0.5914343595504761	0.5668741464614868	0.003828623564913869	0.17953024804592133	2.051939010620117	1.3391039371490479	0.8538125157356262	1.4374560117721558
0.0	0.10222253203392029	1.8951988220214844	0.0	2.3261361122131348	0.0	0.449870765209198	0.8638889789581299	0.0	2.077540636062622	0.3590109050273895	0.0	0.18110989034175873	0.0	1.093558430671692	2.843228340148926	0.0	0.0	3.1968321800231934	0.0	0.0	0.005436527077108622	2.2725915908813477	0.0	0.5108519792556763	1.742969036102295	1.4363583326339722	0.4408174455165863	1.1992018222808838	0.5989072322845459	1.8067669868469238	0.1216927170753479	1.4737493991851807	0.08521858602762222	0.11299482733011246	0.5571282505989075	0.734936535358429	0.0	0.0	0.0	1.4213789701461792	0.5486801266670227	0.0	0.0	2.816128730773926	0.04803120344877243	0.2793726623058319	0.0	0.1915551871061325	1.016039252281189	0.0	1.2262910604476929	0.2657497227191925	1.1345202922821045	1.0203908681869507	0.5704878568649292	0.753926694393158	0.5318995714187622	0.23755985498428345	0.0	1.2234904766082764	0.0	0.33861836791038513	0.0
0.06068876385688782	0.38776111602783203	1.2892757654190063	0.07395727932453156	2.4707422256469727	0.0	0.5477412343025208	1.1354209184646606	0.0	1.535565972328186	0.3985569477081299	0.0	0.31434494256973267	0.6884170174598694	0.7398529052734375	2.5019760131835938	0.0	0.0	3.8057940006256104	0.0	1.1540981531143188	0.17122934758663177	2.1529948711395264	0.0	0.35290008783340454	0.9460375308990479	1.875370979309082	0.2774387300014496	1.7891356945037842	1.1454919576644897	0.9893520474433899	0.0	0.8536903858184814	0.49942854046821594	0.0	0.12029526382684708	0.6945592761039734	0.0	0.0	0.0	2.0516743659973145	0.2655235230922699	0.0	0.0	2.479736566543579	0.0	0.1331726610660553	0.0	0.20776249468326569	0.0	0.0	0.994351327419281	0.4457148313522339	0.4366278052330017	0.11400125920772552	0.4022156894207001	0.5458105802536011	0.0	0.9011085033416748	0.0	1.9263508319854736	0.0	1.021903157234192	0.6254640817642212
1.1269736289978027	1.7586899995803833	1.2501916885375977	0.7012234926223755	0.0	0.0	1.6753926277160645	0.3525085747241974	1.477059006690979	0.0	1.1766600608825684	0.9892112612724304	0.0	1.6333320140838623	0.046836983412504196	1.2408841848373413	2.619511842727661	0.0	0.0	1.886427879333496	1.70626699924469	0.12341846525669098	0.6305013298988342	0.8875280618667603	2.517880439758301	1.18436598777771	1.0375323295593262	0.9206942915916443	1.2436667680740356	0.7869740128517151	0.754447877407074	0.3246574103832245	0.4127243161201477	0.6599196791648865	0.8315060138702393	0.0	0.30707883834838867	1.5225450992584229	0.6237428784370422	0.7442250847816467	0.0	0.08952324092388153	1.4205057621002197	0.8886432647705078	0.4907618761062622	0.6195665001869202	1.8258204460144043	0.0	1.1711535453796387	3.33978009223938	0.9417114853858948	0.17610295116901398	0.22937993705272675	0.0	0.17589937150478363	0.8672956824302673	0.0	0.8184694051742554	0.0	1.5783557891845703	0.9471507668495178	1.9936827421188354	0.44426506757736206	2.8740599155426025
1.4566102027893066	1.2991482019424438	0.0	0.8667172193527222	0.0	0.0	1.3183873891830444	0.0	1.4484039545059204	0.0	1.1967437267303467	0.5657045841217041	0.0	1.0968153476715088	0.0	0.0	2.2941882610321045	0.0	0.0	2.06579327583313	0.7575278282165527	0.0	0.0	1.530159592628479	2.278980255126953	0.3488170802593231	0.0	0.0	0.0	0.0	0.0	0.7086166739463806	0.0	0.0011716631706804037	0.800437331199646	0.527072012424469	0.0	1.4144216775894165	0.19011516869068146	1.4801292419433594	0.0	0.0	1.4255269765853882	1.0052179098129272	0.0	0.5054144859313965	1.174530267715454	0.0	1.0915272235870361	2.5682103633880615	0.9958640933036804	0.0	0.3772675096988678	0.0	0.05250834673643112	0.05150589346885681	0.0	0.05056893825531006	0.0	1.2074577808380127	0.0	1.5033667087554932	0.0	2.279116153717041
0.8822789192199707	1.2564865350723267	1.0902719497680664	0.8446896076202393	0.25648006796836853	0.0	1.5485233068466187	1.414668083190918	1.0506033897399902	0.0	1.6085091829299927	0.22848652303218842	0.0	0.5560526847839355	0.1320086419582367	1.8097583055496216	1.8418570756912231	0.0	0.7678731679916382	1.3593623638153076	0.48967504501342773	0.16236327588558197	0.035169199109077454	1.2789485454559326	2.7500123977661133	1.1453508138656616	0.6496383547782898	0.20444315671920776	0.6297419667243958	1.031687617301941	2.7484467029571533	0.46969860792160034	1.2115776538848877	0.24924811720848083	1.4618752002716064	0.5193383097648621	0.04815638065338135	1.7488231658935547	0.499298095703125	1.622383952140808	0.5040991902351379	0.0	0.968117892742157	1.0306636095046997	0.5340152978897095	0.4042670428752899	1.1916865110397339	0.0	1.429471492767334	3.880901336669922	1.0643553733825684	0.6565175652503967	0.0	0.0	0.7391369342803955	0.8441674709320068	0.13104364275932312	0.0	0.0	1.517350673675537	0.7744181752204895	1.978625774383545	0.0	2.4469351768493652
0.058066051453351974	0.26847347617149353	1.322161078453064	0.4627784788608551	2.3794360160827637	0.0	0.7029622197151184	1.49517023563385	0.0	1.3664653301239014	1.0027313232421875	0.0	0.4387663006782532	0.24360989034175873	1.2292414903640747	2.7151923179626465	0.0	0.0	3.7202770709991455	0.0	0.9056421518325806	0.0	1.8037127256393433	0.0	0.7911972999572754	1.4920450448989868	2.0776913166046143	0.42348745465278625	1.7244274616241455	1.3712232112884521	1.320284366607666	0.0	0.6953890323638916	0.34841740131378174	0.2772330641746521	0.6551439166069031	0.6572989225387573	0.0	0.291329026222229	0.0	2.1778080463409424	0.918103039264679	0.0	0.0	2.68135142326355	0.006874358747154474	0.3418249189853668	0.0	0.46371519565582275	0.6883423924446106	0.0	1.5748287439346313	0.09514307230710983	0.5437819361686707	0.764244019985199	0.36600273847579956	0.346337229013443	0.0	0.6691750884056091	0.0	1.9949452877044678	0.0	0.8046848773956299	0.7404156923294067
0.7739225029945374	1.2949740886688232	0.6201328635215759	1.0380398035049438	0.6615638732910156	0.0	1.761933445930481	1.0066430568695068	1.0285224914550781	0.0	1.5775059461593628	0.09081833809614182	0.0	1.5040686130523682	0.006591655779629946	1.4569507837295532	2.5051991939544678	0.0	0.7536309361457825	1.893051028251648	1.4738476276397705	0.0	1.092444658279419	0.7954727411270142	2.740429401397705	0.9284076690673828	1.682338833808899	0.0	1.618405818939209	0.8533000946044922	1.3529231548309326	0.3211632966995239	0.2874665856361389	0.3210810720920563	1.0888160467147827	1.030997633934021	0.0	1.5076055526733398	0.0	1.1782724857330322	0.6964503526687622	0.0	1.5169576406478882	0.43952828645706177	0.6877089142799377	0.21511732041835785	1.2689067125320435	0.0	1.332484483718872	2.915823459625244	1.030089020729065	0.5743705034255981	0.5320633053779602	0.0	0.586428701877594	0.0	0.0	0.0	0.0	1.036953330039978	1.6724287271499634	1.7343283891677856	0.32110360264778137	2.3039019107818604
0.8810113072395325	1.5333302021026611	0.3724799156188965	0.9050039649009705	0.0	0.0	1.4442886114120483	0.47797563672065735	1.4087694883346558	0.0	1.509680151939392	0.35429349541664124	0.0	1.7182519435882568	0.0	0.8309724926948547	2.6466596126556396	0.0	0.0	1.9689230918884277	1.572453498840332	0.0	0.0	0.9421721696853638	2.5366578102111816	0.7406501173973083	1.3097702264785767	0.09393922239542007	1.0543442964553833	0.826194167137146	0.41755783557891846	0.14250239729881287	0.0	0.18566358089447021	1.1432288885116577	0.4778898358345032	0.0	1.7023919820785522	0.1637057662010193	1.2958003282546997	0.1538935750722885	0.0	1.68658447265625	0.6220722794532776	0.04437696561217308	0.6261054873466492	1.2951353788375854	0.0	1.247865915298462	3.008603572845459	0.9838924407958984	0.3747192919254303	0.26187562942504883	0.0	0.227121964097023	0.20576909184455872	0.0	0.0	0.0	0.9688631296157837	0.7790107131004333	1.7571557760238647	0.16534018516540527	3.028770923614502
1.4514389038085938	0.7760679125785828	0.0	0.8020766377449036	0.0	0.0	1.3704936504364014	0.0	1.462699055671692	0.0	1.0665591955184937	0.5047535300254822	0.0	0.7465169429779053	0.0	0.0	2.166449546813965	0.0	0.0	2.052036762237549	0.599407970905304	0.0	0.0	1.492732286453247	2.3337879180908203	0.3768003582954407	0.0	0.07795041799545288	0.0	0.0	0.0	0.5319433212280273	0.0	0.0	0.7237991094589233	0.5512992143630981	0.0	1.5814244747161865	0.21413172781467438	1.5815242528915405	0.0	0.0	1.0809495449066162	1.0225074291229248	0.0	0.6135221719741821	1.1404207944869995	0.0	1.0826994180679321	2.605257749557495	1.0015660524368286	0.0	0.2258973866701126	0.0	0.10716183483600616	0.03877672553062439	0.0	0.0	0.0	1.152039885520935	0.0	1.1192067861557007	0.0	1.9728490114212036
1.2169498205184937	1.2848079204559326	0.8270029425621033	0.6333620548248291	0.0	0.0	1.453691005706787	0.48682302236557007	1.3403130769729614	0.0	1.4113203287124634	0.46008771657943726	0.0	0.8341001868247986	0.0	0.6922628879547119	1.9309008121490479	0.0	0.0	1.4997836351394653	0.48372766375541687	0.09134073555469513	0.0	1.3633170127868652	2.7116689682006836	1.2631560564041138	0.431441068649292	0.05026691034436226	0.4876291751861572	0.4659852087497711	0.8792956471443176	0.5575323104858398	0.29210495948791504	0.24507836997509003	1.223584771156311	0.0	0.2584061920642853	1.9016199111938477	0.5909016132354736	1.7408215999603271	0.0	0.0	0.842350423336029	1.0489598512649536	0.46361243724823	0.3749529719352722	1.2034841775894165	0.0	1.4648851156234741	3.7770299911499023	1.1322590112686157	0.4000718891620636	0.0	0.0	0.6363117694854736	0.3220672011375427	0.0	0.0	0.0	1.0382288694381714	0.6180076599121094	2.071030855178833	0.0	2.472053050994873
1.0832948684692383	1.150771975517273	1.4843732118606567	0.7651665806770325	0.2432115525007248	0.0	1.312698483467102	1.0363078117370605	1.0659418106079102	0.0	1.625206708908081	0.17409169673919678	0.0	0.042344920337200165	0.8858094215393066	1.7259888648986816	1.4816409349441528	0.0	0.49238288402557373	1.2553430795669556	0.23414459824562073	0.32246437668800354	0.3203343152999878	1.1318942308425903	2.7400286197662354	1.5856205224990845	0.7825868129730225	0.3815513849258423	0.7978541254997253	0.9749073386192322	1.2686458826065063	0.4700782895088196	0.8021151423454285	0.271393746137619	1.2257072925567627	0.28472617268562317	0.35514986515045166	1.887987732887268	0.5372306704521179	1.5427801609039307	0.04355930909514427	0.0	0.42363497614860535	0.8504405617713928	1.321131944656372	0.13721783459186554	1.24799382686615	0.0	1.2600162029266357	3.9721007347106934	1.1132348775863647	0.7560163140296936	0.0	0.0	1.116788387298584	0.6939324140548706	0.0	0.0	0.0	1.2041891813278198	0.9693799018859863	1.7152457237243652	0.2684940695762634	2.165703535079956
1.4208283424377441	1.5179842710494995	0.21662349998950958	1.1459308862686157	0.0	0.0	1.1915991306304932	0.03430778533220291	1.593850016593933	0.0	1.3615223169326782	0.6221985816955566	0.0	1.3631514310836792	0.0	0.11992265284061432	2.1395936012268066	0.0	0.11268440634012222	2.123300790786743	1.043976902961731	0.0	0.0	1.5242276191711426	2.4432952404022217	1.1256320476531982	0.23918688297271729	0.027994031086564064	0.40556100010871887	0.5032258033752441	0.15450701117515564	0.6646348834037781	0.0	0.2942740321159363	0.8400306701660156	0.7235177159309387	0.0	1.9775333404541016	0.4165920913219452	1.581847906112671	0.0	0.0	1.2836124897003174	0.9946901202201843	0.0	0.41387200355529785	1.3037248849868774	0.0	1.1631715297698975	3.379645586013794	1.053130030632019	0.2528734803199768	0.37124863266944885	0.0	0.4992349445819855	0.3448864817619324	0.0	0.27805817127227783	0.0	0.9736485481262207	0.2749607264995575	1.6750386953353882	0.0	2.646460771560669
0.43116408586502075	0.7243455648422241	0.9009517431259155	0.2675410509109497	2.344968557357788	0.0	1.7246602773666382	0.9365792870521545	0.7147898077964783	0.09936148673295975	1.1635512113571167	0.4302968978881836	0.0	1.818956971168518	0.2845911681652069	1.9524717330932617	2.161557674407959	0.0	3.384488105773926	0.8249305486679077	1.7840341329574585	0.05117546394467354	2.1878867149353027	0.0	2.005345106124878	1.2684063911437988	1.9730281829833984	0.3724361062049866	1.9432427883148193	1.0930805206298828	1.86567223072052	0.0	0.9365043044090271	0.3370628356933594	0.22762900590896606	0.0	0.6803637742996216	0.11605748534202576	0.0	0.0	1.2601304054260254	0.26215124130249023	1.038222312927246	0.4215236008167267	1.6029815673828125	0.16507993638515472	1.5218199491500854	0.0	0.7329017519950867	1.2716059684753418	0.20447181165218353	0.09338536858558655	0.5809072852134705	0.0	0.2149534970521927	1.9041355848312378	0.3063059151172638	1.6300699710845947	0.6829591989517212	0.640373945236206	1.434787631034851	1.699187994003296	0.489391028881073	2.234361171722412
0.4455805718898773	0.6684522032737732	1.5768787860870361	0.5646121501922607	2.243708610534668	0.0	1.773856520652771	0.9043464660644531	0.0	0.7698115706443787	1.519950032234192	0.0	0.4579196870326996	0.6765219569206238	0.6128096580505371	2.882521390914917	0.4723378121852875	0.0	3.100633144378662	0.0	1.1031678915023804	0.0858401209115982	1.6708567142486572	0.1751369833946228	1.555070400238037	1.9305167198181152	2.4966585636138916	0.8083398938179016	2.072692394256592	1.3021467924118042	1.8288216590881348	0.0	1.0439436435699463	0.5593850612640381	0.6202560663223267	0.47947460412979126	0.5404596328735352	0.5120088458061218	0.0	0.2642906606197357	1.9646083116531372	0.1775224655866623	0.025112874805927277	0.0	2.5685932636260986	0.19098533689975739	0.7696491479873657	0.0	1.0153982639312744	2.410876512527466	0.41200777888298035	1.4565818309783936	0.08811261504888535	0.3575868606567383	1.1324671506881714	0.42720502614974976	0.21223877370357513	0.12915803492069244	0.17985068261623383	0.09708225727081299	1.9271161556243896	0.724435031414032	0.8319703340530396	1.2756348848342896
0.0	0.23858146369457245	1.1698060035705566	0.04162053391337395	2.4909632205963135	0.0	0.6391071081161499	1.1461423635482788	0.0	1.144710898399353	0.269976943731308	0.0	0.4222989082336426	0.6169330477714539	0.5632678270339966	2.535616397857666	0.0	0.0	3.4217607975006104	0.0	0.9681558012962341	0.0	1.9852194786071777	0.0	0.03367840126156807	0.8265370726585388	2.235154867172241	0.9792536497116089	1.79756498336792	1.028290867805481	1.2098196744918823	0.0	1.1537346839904785	0.3876408040523529	0.11305761337280273	0.1209094226360321	0.5957115888595581	0.0	0.0	0.0	2.132946014404297	0.332319974899292	0.0	0.0	2.3544723987579346	0.0	0.0	0.0	0.003389220917597413	0.0	0.0	0.9927618503570557	0.4091682732105255	0.3111373484134674	0.1565714180469513	0.3238741159439087	0.655849277973175	0.05659124627709389	0.881130039691925	0.0	2.030247688293457	0.2036813348531723	1.208667278289795	0.7789164781570435
0.07386122643947601	0.7487037777900696	1.5588008165359497	0.7337740659713745	1.7238456010818481	0.0	1.1817294359207153	1.3052862882614136	0.057555798441171646	0.19338597357273102	1.850361943244934	0.0	0.11514957249164581	0.6344303488731384	0.30092501640319824	2.5153141021728516	1.1826857328414917	0.0	2.96270751953125	0.47219187021255493	1.205336570739746	0.02506267838180065	1.6243902444839478	0.11247291415929794	1.9876165390014648	1.1946595907211304	2.0111160278320312	0.49598175287246704	1.9084442853927612	1.2345385551452637	1.5796570777893066	0.0	0.8144499659538269	0.5904834270477295	1.0319076776504517	0.463630348443985	0.4477154016494751	0.5016717910766602	0.0	0.7610891461372375	2.049438714981079	0.0	0.5959935784339905	0.0	1.891721248626709	0.0	0.5544782876968384	0.0	1.2181471586227417	3.222484588623047	0.37569934129714966	1.3196358680725098	0.0017018363578245044	0.0	0.4766405522823334	0.08944329619407654	0.0	0.0	0.09599630534648895	0.7330805659294128	2.1096351146698	0.988182544708252	0.8232178688049316	1.4545538425445557
1.2545441389083862	1.5690346956253052	0.0	0.8319879770278931	0.0	0.0	1.5388437509536743	0.0	1.5196866989135742	0.0	1.3220921754837036	0.6565629243850708	0.0	1.5175540447235107	0.0	0.0	2.3292248249053955	0.0	0.0	2.1304264068603516	1.1056480407714844	0.0	0.0	1.2627147436141968	2.216989040374756	0.15865181386470795	0.0	0.08493776619434357	0.0	0.0	0.5149030089378357	0.6007544994354248	0.0	0.06991127133369446	0.7409107089042664	0.0814373791217804	0.0	1.4991761445999146	0.05416177958250046	1.2167906761169434	0.0	0.0	1.57015061378479	1.3341413736343384	0.0	0.3085939884185791	1.119720458984375	0.0	1.2278081178665161	2.7702901363372803	0.9968181252479553	0.0	0.3063366711139679	0.0	0.0	0.16052430868148804	0.0	0.1638728529214859	0.0	1.1618098020553589	0.0	2.0651674270629883	0.16618995368480682	2.302166700363159
0.25397637486457825	0.6216678023338318	1.29248046875	0.47159868478775024	2.3297877311706543	0.0	1.4105377197265625	0.7954385876655579	0.6889235973358154	0.22638298571109772	1.6998417377471924	0.0	0.15893328189849854	0.8507750630378723	0.6885188221931458	2.5284838676452637	1.8815288543701172	0.0	3.5716583728790283	0.1262332648038864	1.477270483970642	0.0	1.8112339973449707	0.0	1.96976637840271	1.5464262962341309	2.2120752334594727	0.466909795999527	1.9377598762512207	1.3744397163391113	1.9478141069412231	0.10854179412126541	0.7844668626785278	0.9503704905509949	0.19482001662254333	0.08239416033029556	0.568015456199646	0.05770181119441986	0.0	0.6047017574310303	1.9445918798446655	0.0	0.6621604561805725	0.14665894210338593	2.410050630569458	0.11185120791196823	1.0805764198303223	0.0	0.808826744556427	2.7567591667175293	0.2951432764530182	1.0489133596420288	0.252261221408844	0.3732403516769409	0.8017825484275818	1.0834078788757324	0.30836400389671326	0.4198606610298157	0.17161138355731964	0.8381326198577881	1.9861513376235962	0.5144636034965515	0.8603394031524658	1.309184193611145
0.04197213798761368	0.6883623003959656	1.4895548820495605	0.4839653968811035	2.539940595626831	0.0	0.6079267859458923	1.1439956426620483	0.0	1.5315742492675781	0.6090851426124573	0.0	0.06645718961954117	0.4338115155696869	0.8142713904380798	2.7633187770843506	0.0	0.0	3.9153361320495605	0.0	0.8177964687347412	0.1287093609571457	1.9824591875076294	0.0	0.5713882446289062	1.1589200496673584	2.0140607357025146	0.2970805764198303	1.732517123222351	1.097182035446167	2.081561803817749	0.0	0.8435786366462708	0.762302577495575	0.2417188137769699	0.4054172933101654	0.6919659972190857	0.0	0.0	0.0	2.0233001708984375	0.2946888208389282	0.0	0.0	2.396610975265503	0.0	0.13049481809139252	0.0	0.4127410650253296	0.6206938624382019	0.0	1.4839037656784058	0.19745579361915588	0.4836021959781647	0.5282166004180908	0.3851853609085083	0.6127986907958984	0.0	0.6753134727478027	0.0	1.7659367322921753	0.1296662986278534	1.3432807922363281	1.5719876289367676
1.3464431762695312	1.7211613655090332	0.1120748370885849	1.204301357269287	0.0	0.0	1.1328336000442505	0.0	1.7214092016220093	0.0	1.3895355463027954	0.7622878551483154	0.0	1.7153009176254272	0.0	0.0	2.4795730113983154	0.0	0.0	2.1728405952453613	1.2361963987350464	0.0	0.0	1.4701251983642578	2.2125051021575928	0.6164794564247131	0.18306377530097961	0.0	0.35750749707221985	0.3540138006210327	0.022515133023262024	0.3643975257873535	0.0	0.2853968143463135	0.7985798120498657	0.16812051832675934	0.0	1.669068694114685	0.49361178278923035	1.3972498178482056	0.0	0.015439562499523163	1.4732438325881958	1.0497078895568848	0.0	0.44409075379371643	1.32575261592865	0.0	0.9276084303855896	2.857491970062256	1.0627325773239136	0.0	0.28990980982780457	0.0	0.11361106485128403	0.41806450486183167	0.0	0.2930193543434143	0.0	0.989713728427887	0.0	1.7885839939117432	0.0	2.7613773345947266
0.0	0.0	1.4358683824539185	0.0	1.8032183647155762	0.0	0.36115261912345886	0.9192103147506714	0.0	1.9504897594451904	0.0	0.0	0.48702964186668396	0.0	1.2231619358062744	2.6370720863342285	0.0	0.0	3.1077682971954346	0.0	0.20532947778701782	0.01686945930123329	2.183231830596924	0.0	0.0	0.6023662090301514	1.483090877532959	0.4192216098308563	1.3103091716766357	0.6831371188163757	1.173270344734192	0.0	1.2091987133026123	0.5556908845901489	0.0	0.021617433056235313	0.7598236203193665	0.0	0.0	0.0	1.3962465524673462	0.7042792439460754	0.0	0.0	2.5388524532318115	0.09899840503931046	0.0	0.0	0.04887798801064491	0.0	0.0	0.568573534488678	0.13377970457077026	0.9077056646347046	0.2705129086971283	0.3218151032924652	0.9522401094436646	0.34380823373794556	0.9813205599784851	0.0	1.4612396955490112	0.0	1.0267406702041626	0.48057347536087036
1.4626679420471191	1.8135156631469727	0.0	0.7249169945716858	0.0	0.0	1.5195374488830566	0.0	2.040546178817749	0.0	1.5867023468017578	1.1683876514434814	0.0	2.00895094871521	0.0	0.0	2.357064723968506	0.0	0.0	1.501603126525879	1.4116122722625732	0.0	0.0	1.431357741355896	1.9810751676559448	0.3787727952003479	1.0366722345352173	0.04596984013915062	0.4504639208316803	0.28946393728256226	0.4619462788105011	0.40059784054756165	0.0	0.23543064296245575	0.8521392941474915	0.06363676488399506	0.0	1.5711314678192139	0.10366397351026535	1.0859142541885376	0.0	0.0	1.4691940546035767	1.571101427078247	0.0	0.38027244806289673	1.3997677564620972	0.0	1.0288703441619873	2.268803358078003	0.9687727689743042	0.0	0.5017209649085999	0.0	0.0	0.7310941219329834	0.08317269384860992	0.8323523998260498	0.0	0.9862785935401917	0.4289711117744446	2.3101718425750732	0.2327674776315689	2.361743688583374
1.2802914381027222	1.435664176940918	0.0	0.7046923041343689	0.0	0.0	1.5005149841308594	0.10146317631006241	1.3289177417755127	0.0	1.1429272890090942	0.3873266279697418	0.0	1.434777855873108	0.0	0.0	2.5186994075775146	0.0	0.0	2.0925445556640625	1.1673846244812012	0.010203506797552109	0.0	1.1268384456634521	2.6552352905273438	0.6540921926498413	0.07534311711788177	0.0	0.04057297110557556	0.2256530225276947	0.27018216252326965	0.517776370048523	0.0	0.0	0.8949328064918518	0.11968391388654709	0.0	1.5806418657302856	0.32077112793922424	1.447514295578003	0.0	0.0	1.3951340913772583	0.9095022082328796	0.0	0.5406123399734497	1.2866227626800537	0.0	1.1989388465881348	2.855827808380127	1.1121081113815308	0.07489334046840668	0.18046264350414276	0.0	0.12224432826042175	0.2581844925880432	0.0	0.06782305985689163	0.0	1.0845633745193481	0.1216079518198967	1.7495951652526855	0.0	2.465759515762329
0.3140808939933777	1.2426543235778809	0.6315295696258545	0.17534314095973969	2.307828664779663	0.0	1.4481582641601562	0.9011346697807312	0.5409380197525024	0.9682264924049377	1.5480194091796875	0.029592344537377357	0.8643597364425659	1.0536303520202637	0.0	2.3603131771087646	1.1486912965774536	0.0	2.0213301181793213	0.0	1.0210886001586914	0.0	1.7196011543273926	0.0	0.8930714726448059	1.7171926498413086	3.2192373275756836	0.6208405494689941	2.0821659564971924	1.0379937887191772	1.8822412490844727	0.0	1.2140419483184814	0.5656312704086304	0.5030055642127991	0.22552339732646942	0.3530840277671814	0.21901722252368927	0.0	0.0	1.682577133178711	0.0231313519179821	0.2643417418003082	0.0	2.1728765964508057	0.23099057376384735	0.46920058131217957	0.5823995471000671	0.44732943177223206	1.2474039793014526	0.0	0.9221751689910889	0.5391830801963806	0.22890572249889374	0.0	0.8669681549072266	1.0479360818862915	1.2418456077575684	0.2775041460990906	0.0	2.2617015838623047	1.1280921697616577	1.2605805397033691	1.5093908309936523
1.2276567220687866	1.7289215326309204	0.35518598556518555	0.9594792723655701	0.0	0.0	1.3759793043136597	0.9887780547142029	1.5693804025650024	0.0	1.2381296157836914	0.6100723147392273	0.0	1.7773088216781616	0.0	0.6381548643112183	2.417710781097412	0.0	0.0	1.8471343517303467	1.6141221523284912	0.05439132824540138	0.0058633568696677685	1.1374889612197876	2.65360426902771	1.10688316822052	1.32338547706604	0.12600195407867432	1.013026475906372	1.250659465789795	1.228836178779602	0.3981497883796692	0.7580355405807495	0.32988691329956055	1.052790880203247	0.08220835775136948	0.11722499877214432	1.5427199602127075	0.0069921487011015415	1.262955904006958	0.09786985069513321	0.0	1.5594336986541748	0.8877171874046326	0.20718786120414734	0.4555663466453552	1.4574633836746216	0.0	1.2553014755249023	2.9894955158233643	1.2545284032821655	0.1429026871919632	0.19515790045261383	0.0	0.24613511562347412	0.49866002798080444	0.0	0.2126048058271408	0.0	0.8640797138214111	1.264765977859497	1.8540117740631104	0.315897136926651	2.715575933456421
0.50391685962677	0.049944743514060974	1.3433657884597778	0.5893391370773315	2.1905176639556885	0.0	0.5609470009803772	0.928363561630249	0.0	2.173724412918091	0.13596397638320923	0.0	0.37966108322143555	0.0	1.2023707628250122	2.7936196327209473	0.0	0.0	3.161099672317505	0.0	0.09013643860816956	0.0	1.9847036600112915	0.0	0.2926071584224701	1.7677934169769287	2.126957416534424	0.5291821956634521	1.7503745555877686	0.9370098114013672	1.7644858360290527	0.0	1.2817761898040771	0.42223259806632996	0.3284931778907776	0.7420461177825928	0.6381222009658813	0.0	0.0	0.0	1.3755539655685425	1.066570520401001	0.0	0.0	3.0691545009613037	0.4682035744190216	0.4467337131500244	0.0	0.1503591239452362	0.25692325830459595	0.0	1.1457408666610718	0.09038912504911423	1.2866042852401733	0.781291127204895	0.7510603666305542	1.1257946491241455	1.7702358961105347	0.5648806691169739	0.16753798723220825	1.5169998407363892	0.0	0.842566192150116	0.0
0.0	1.007273554801941	0.17463603615760803	0.020192069932818413	0.5694399476051331	0.0	1.2721192836761475	0.5723088383674622	0.0	0.0	0.0	0.0	0.0	2.1843252182006836	0.0	1.8077435493469238	1.3361423015594482	0.0	1.1211222410202026	1.1582273244857788	1.8877170085906982	0.0	1.0783615112304688	0.0	1.269002079963684	0.0	1.8571401834487915	0.17567454278469086	1.5290378332138062	0.3682960867881775	1.000481128692627	0.08305303007364273	1.0777322053909302	0.4369599223136902	0.3579341471195221	0.0	0.17263616621494293	0.0	0.0	0.0	0.9592694044113159	0.013814320787787437	1.1380128860473633	0.15699845552444458	0.7276121377944946	0.0	0.48054376244544983	0.0	0.5459893941879272	0.007088005542755127	0.1612803339958191	0.0	0.7152063250541687	0.0	0.0	0.6164723038673401	0.29144608974456787	0.0	0.48980775475502014	0.36707767844200134	1.4437451362609863	1.8503608703613281	1.158752679824829	2.412851572036743
1.0519582033157349	1.321192979812622	0.42270585894584656	0.6459729671478271	0.0	0.0	1.4927937984466553	0.5634700059890747	1.3809113502502441	0.0	1.4048514366149902	0.3146561086177826	0.0	1.125921368598938	0.0	0.3108132779598236	2.249439239501953	0.0	0.0	1.8576672077178955	0.6805880069732666	0.03701799362897873	0.0	1.3448500633239746	2.654622793197632	0.7883633971214294	0.1799793839454651	0.18366166949272156	0.16657260060310364	0.2321174442768097	0.9355630278587341	0.6125803589820862	0.31674909591674805	0.015052310191094875	1.2008624076843262	0.0	0.0	1.5311020612716675	0.49782928824424744	1.6355494260787964	0.0	0.12125439941883087	1.369587779045105	1.2455275058746338	0.0	0.5496903657913208	1.2310446500778198	0.0	1.3719481229782104	3.6455559730529785	1.0602129697799683	0.14823779463768005	0.0	0.0	0.4012313783168793	0.45185351371765137	0.0	0.021032705903053284	0.0	1.3205865621566772	0.2646014094352722	1.961718201637268	0.0	2.568272829055786
1.3131502866744995	1.142501950263977	0.7194914221763611	0.7037366628646851	0.0	0.0	1.4374092817306519	0.5018030405044556	1.5940176248550415	0.0	1.2505062818527222	0.6158348321914673	0.0	1.0861787796020508	0.0	0.09552954137325287	2.1943984031677246	0.0	0.46784937381744385	1.996177315711975	0.6307353377342224	0.00171241897623986	0.0	1.4214617013931274	2.5828232765197754	0.49516043066978455	0.0	0.0	0.0	0.35599836707115173	0.30632978677749634	1.0610265731811523	0.0	0.24284878373146057	0.8485488891601562	0.4973030686378479	0.0	1.535526156425476	0.42254403233528137	1.6084787845611572	0.0	0.0	1.1447621583938599	1.2523488998413086	0.0	0.382111519575119	1.170011043548584	0.0	1.4186533689498901	3.2037792205810547	0.8801273703575134	0.0	0.06623435020446777	0.0	0.10256510227918625	0.3437356948852539	0.0	0.061637409031391144	0.0	1.2649883031845093	0.0	1.92253577709198	0.0	2.483893394470215
1.3777482509613037	1.5328843593597412	0.0	1.1184098720550537	0.0	0.0	1.3703581094741821	0.23665426671504974	1.4568859338760376	0.0	1.4461958408355713	0.48491939902305603	0.0	1.188351035118103	0.0	0.0	2.278036117553711	0.0	0.0	2.087824583053589	0.9735414981842041	0.0	0.0	1.453418254852295	2.557661533355713	0.8260585069656372	0.10235409438610077	0.0	0.2327309548854828	0.3852693438529968	0.22244170308113098	0.5604373216629028	0.0	0.15684153139591217	0.9360348582267761	0.5139946341514587	0.0	1.9212837219238281	0.4299641251564026	1.708534836769104	0.0	0.0	1.2105971574783325	0.7194602489471436	0.0	0.4664711654186249	1.2750606536865234	0.0	1.2295223474502563	3.1884818077087402	1.0410676002502441	0.1619863063097	0.1586635261774063	0.0	0.34455564618110657	0.1782054752111435	0.0	0.10809549689292908	0.0	1.0397738218307495	0.13335563242435455	1.6231263875961304	0.0	2.5014028549194336
1.2550204992294312	1.5347012281417847	0.0	0.9323986172676086	0.0	0.0	1.296718716621399	0.0	1.7539889812469482	0.0	1.2454686164855957	0.6730291843414307	0.0	1.7711395025253296	0.0	0.0	2.33109188079834	0.0	0.0	1.7529112100601196	1.2368117570877075	0.007490433286875486	0.0	1.4536339044570923	2.42057466506958	0.7466409206390381	0.8930433392524719	0.043180372565984726	0.6191619038581848	0.38198214769363403	0.2737045884132385	0.4701571762561798	0.11028078943490982	0.4006246328353882	0.8859526515007019	0.13452601432800293	0.0	1.666668176651001	0.11844382435083389	1.3282244205474854	0.0	0.0	1.492059350013733	1.1424280405044556	0.0	0.38429802656173706	1.265677809715271	0.0	1.216152310371399	3.0597550868988037	1.0726885795593262	0.14080484211444855	0.2057492583990097	0.0	0.1235356554389	0.5747573375701904	0.0	0.32462239265441895	0.0	0.9213587045669556	0.5705209970474243	2.1077795028686523	0.17650775611400604	2.650662660598755
0.943286657333374	1.5604374408721924	0.21250227093696594	0.8593242764472961	0.0	0.0	1.2434300184249878	0.6463490128517151	1.5559413433074951	0.0	1.5470998287200928	0.4364902377128601	0.0	1.9020354747772217	0.0	0.8063666820526123	2.7705488204956055	0.0	0.0	1.856738567352295	1.7050272226333618	0.0	0.23650020360946655	1.1305118799209595	2.4707183837890625	0.7313624024391174	1.2947365045547485	0.12618359923362732	1.170805811882019	0.8154411911964417	0.7416823506355286	0.3456936478614807	0.05174359679222107	0.18772415816783905	1.041242241859436	0.41558974981307983	0.0	1.458356499671936	0.10596963763237	1.057985544204712	0.09960058331489563	0.0	1.769594430923462	0.6720324754714966	0.3114881217479706	0.511803388595581	1.2087743282318115	0.0	1.3167095184326172	2.7520649433135986	0.967400848865509	0.3607868254184723	0.2700437307357788	0.0	0.0	0.4268166124820709	0.0	0.22395527362823486	0.0	0.7676122784614563	1.217026710510254	2.222583055496216	0.36019328236579895	2.8042407035827637
0.9723085761070251	1.7032121419906616	0.0	0.7562735676765442	0.0	0.0	1.284261703491211	0.0	1.499599814414978	0.0	1.056030035018921	0.5321387648582458	0.0	1.9344820976257324	0.0	0.022309748455882072	2.797205686569214	0.0	0.0	2.134615182876587	1.369982361793518	0.0	0.0	0.7909655570983887	2.277339458465576	0.4108988046646118	0.7017020583152771	0.0	0.6230341196060181	0.5465178489685059	0.14524218440055847	0.09774207323789597	0.0	0.14970532059669495	0.7761952877044678	0.17502808570861816	0.0	1.3416051864624023	0.301334410905838	0.9655709862709045	0.0	0.0	1.8541202545166016	0.9720165729522705	0.0	0.3044686019420624	1.1967554092407227	0.0	1.057512640953064	2.6003916263580322	1.0526227951049805	0.0	0.22878466546535492	0.0	0.0	0.4004113972187042	0.0	0.0622706301510334	0.0	0.984251081943512	0.2922009527683258	1.9167007207870483	0.2916298806667328	2.5480234622955322
0.042180679738521576	1.0799614191055298	1.2221583127975464	0.7345079183578491	2.182767391204834	0.0	1.7496757507324219	0.8635674715042114	0.0	0.0	1.1148436069488525	0.0	0.0	1.0961006879806519	0.6049972772598267	2.231924295425415	2.1321909427642822	0.0	2.697972059249878	1.0772384405136108	1.4779468774795532	0.08894967287778854	1.4033021926879883	0.0	2.14723539352417	0.7440036535263062	2.126293420791626	0.23854553699493408	1.8966010808944702	1.0774104595184326	1.6413134336471558	0.018503669649362564	0.24988165497779846	0.7831855416297913	0.7743933200836182	0.7643940448760986	0.3246663808822632	0.5137887001037598	0.0	0.0	1.5449188947677612	0.0	1.208714485168457	0.0	1.9900904893875122	0.4116039276123047	0.8380611538887024	0.0	1.446254014968872	2.1494243144989014	0.9034969210624695	0.8808301687240601	0.29493993520736694	0.04911919683218002	0.45023593306541443	0.0	0.0	0.0	0.29271212220191956	0.647368311882019	1.7387992143630981	1.6724698543548584	0.6330715417861938	2.451725482940674
1.099158763885498	1.7804396152496338	0.0	0.6919134855270386	0.0	0.0	1.4350367784500122	0.04098745808005333	1.7431460618972778	0.0	1.3991074562072754	0.7552326917648315	0.0	1.7441346645355225	0.0	0.0	2.5801491737365723	0.0	0.0	1.6050153970718384	1.309798240661621	0.0	0.0	1.423178791999817	2.1890790462493896	0.5557592511177063	1.147106647491455	0.05448814854025841	0.6138532161712646	0.32760605216026306	0.6494698524475098	0.3263028860092163	0.0	0.29777026176452637	0.8923511505126953	0.36487138271331787	0.0	1.6341959238052368	0.0	0.93965744972229	0.0	0.0	1.6546895503997803	1.3054689168930054	0.0	0.46728408336639404	1.4298497438430786	0.0	1.229114055633545	3.1383697986602783	1.0284323692321777	0.0	0.4853035509586334	0.0	0.0	0.6485489010810852	0.0	0.48663565516471863	0.0	0.8801846504211426	0.42428696155548096	2.4485106468200684	0.03595779463648796	2.5934765338897705
1.3631497621536255	1.7732881307601929	0.456445574760437	1.2477301359176636	0.0	0.0	1.3387491703033447	0.08340044319629669	1.4062700271606445	0.0	1.329250693321228	0.6966903805732727	0.0	0.7792515754699707	0.0	0.42303553223609924	2.1936726570129395	0.0	0.0	2.000668525695801	0.5489703416824341	0.0	0.27177751064300537	1.4903478622436523	2.4411094188690186	0.8257712721824646	0.0	0.0	0.0280684232711792	0.26181554794311523	0.4738125801086426	0.6894847750663757	0.0	0.31407639384269714	0.8364112377166748	0.32826611399650574	0.0	2.0086026191711426	0.5496276617050171	1.6645108461380005	0.0	0.0	1.0549159049987793	0.9905227422714233	0.0	0.4485154151916504	1.1287368535995483	0.0	1.1967941522598267	3.190748691558838	0.9657288193702698	0.23806685209274292	0.10852669924497604	0.0	0.4336673617362976	0.18355076014995575	0.0	0.0	0.0	1.106495976448059	0.23653578758239746	1.7154430150985718	0.0	2.706148624420166
0.02518346905708313	0.8335487842559814	0.5082823634147644	0.40344178676605225	1.9449986219406128	0.0	1.4650824069976807	0.5706819891929626	0.7989183664321899	0.21412429213523865	0.9134088754653931	0.0	0.0	2.0878875255584717	0.10729841142892838	1.7246850728988647	2.7647814750671387	0.0	1.7992594242095947	1.3195629119873047	2.2547414302825928	0.1569693684577942	1.5414201021194458	0.0	1.3116165399551392	0.0	2.4088962078094482	0.33460813760757446	1.9414024353027344	1.147940754890442	0.5451115369796753	0.0	0.4475449323654175	0.5052418112754822	0.43865689635276794	0.0	0.2995997369289398	0.21502980589866638	0.0	0.0	1.505720853805542	0.0	2.0686614513397217	0.0031741964630782604	1.4817146062850952	0.0	0.7972037196159363	0.0	0.5216835737228394	0.6060304641723633	0.3019142150878906	0.0	0.7869267463684082	0.0	0.0	0.7593856453895569	0.063937708735466	0.44206348061561584	0.6538094878196716	0.0	1.785011649131775	0.9167316555976868	1.2846324443817139	2.171814203262329
1.1368499994277954	1.2150685787200928	0.48958060145378113	0.9376994967460632	0.0	0.0	1.1859289407730103	0.5556369423866272	1.3843064308166504	0.0	1.864320158958435	0.4786204993724823	0.0	0.7226377129554749	0.0	0.7841811180114746	2.0432450771331787	0.0	0.05264577269554138	1.586174726486206	0.6870392560958862	0.0	0.0	1.5941165685653687	2.569009304046631	1.018492579460144	0.6841731071472168	0.070982426404953	0.6745966672897339	0.7441643476486206	0.5716071128845215	0.5299580693244934	0.2181086540222168	0.3441143333911896	1.144173502922058	0.4821140468120575	0.0	2.170706033706665	0.5629498958587646	1.7341079711914062	0.0	0.0	1.1007806062698364	1.3081409931182861	0.4323912560939789	0.26057037711143494	1.2527369260787964	0.0	1.2033357620239258	3.665644407272339	1.02493417263031	0.4172733724117279	0.005615995731204748	0.0	0.8116337060928345	0.4055815041065216	0.0	0.0	0.0	1.249596118927002	0.5955320596694946	1.8127490282058716	0.0	2.4291062355041504
0.31249603629112244	0.7530537247657776	1.359595537185669	0.7653017640113831	1.7251970767974854	0.0	1.1282893419265747	1.084598183631897	0.0	0.3588438332080841	2.1788556575775146	0.0	0.18373888731002808	1.1441665887832642	0.23940718173980713	2.4671244621276855	1.1216377019882202	0.0	3.1259102821350098	0.1781856268644333	1.041214942932129	0.0	1.497584342956543	0.0	1.7833075523376465	1.2836873531341553	2.2745604515075684	0.5687884092330933	1.8124284744262695	1.5212690830230713	1.9640449285507202	0.030985437333583832	0.5783412456512451	0.7423984408378601	0.504702091217041	0.16516394913196564	0.5638366341590881	0.47907620668411255	0.08135280013084412	0.4657074213027954	2.1600265502929688	0.13790921866893768	0.6582501530647278	0.0	2.2343661785125732	0.0	0.40726175904273987	0.0	0.9948844313621521	2.506558656692505	0.5454663038253784	1.5174758434295654	0.1182219609618187	0.0	0.6063821911811829	0.12983308732509613	0.0	0.0	0.2089320719242096	0.6122366189956665	2.1285741329193115	0.783848762512207	0.8613095879554749	1.7556098699569702
0.866704523563385	1.0565063953399658	1.0742034912109375	0.9647874236106873	1.1768972873687744	0.0	1.1120707988739014	0.9785770177841187	1.160844326019287	0.0	1.7206121683120728	0.7413888573646545	0.0	1.3339370489120483	0.35013702511787415	2.0119681358337402	2.243349552154541	0.0	0.8166904449462891	1.2993428707122803	1.3705190420150757	0.016487769782543182	0.753544270992279	1.246362566947937	2.6755220890045166	1.625420093536377	1.8562180995941162	0.4809158742427826	1.7312986850738525	1.8035800457000732	1.121004581451416	0.0	0.2995765209197998	0.26848912239074707	1.2530268430709839	0.8187533617019653	0.7971513867378235	1.6103137731552124	0.0	1.4113037586212158	0.5275157690048218	0.0	1.0489557981491089	0.3234863877296448	1.9063010215759277	0.668262779712677	1.4136395454406738	0.0	1.4359197616577148	3.3562021255493164	0.9759876728057861	0.7906133532524109	0.0	0.17008492350578308	0.3583085238933563	0.4698491096496582	0.0	0.029889144003391266	0.10008780658245087	0.676018238067627	1.5659798383712769	1.483949065208435	0.582382321357727	2.103580951690674
0.03150113299489021	0.4993901252746582	1.3605937957763672	0.2533274292945862	2.302546501159668	0.0	0.5248875617980957	1.1710408926010132	0.0	1.688213586807251	0.5876484513282776	0.0	0.3022017776966095	0.17350628972053528	1.1170470714569092	2.6381611824035645	0.0	0.0	3.8496570587158203	0.0	0.6541779041290283	0.14938902854919434	1.9813543558120728	0.0	0.37240955233573914	1.6594276428222656	1.9042589664459229	0.4023407995700836	1.8029824495315552	1.259916067123413	1.7125656604766846	0.0	0.9711460471153259	0.8208295106887817	0.11029541492462158	0.5668755173683167	0.641865611076355	0.0	0.0	0.0	1.9591166973114014	0.8530107736587524	0.0	0.0	2.8977255821228027	0.2297167181968689	0.19686472415924072	0.0	0.21019816398620605	0.48600006103515625	0.0	1.2523072957992554	0.012982485815882683	0.7186926603317261	0.872563898563385	0.3504161536693573	0.530690610408783	0.07458048313856125	0.5951268076896667	0.0	2.0753417015075684	0.0	1.2080248594284058	1.5480451583862305
1.268531322479248	1.1786205768585205	1.0508829355239868	0.5055742263793945	0.8659965991973877	0.0	1.8073915243148804	1.0437705516815186	1.3378115892410278	0.10010997951030731	1.153078317642212	0.7468662261962891	0.0	0.0	0.2406095266342163	1.8990999460220337	1.200605869293213	0.0	0.0	0.1734170764684677	0.0	0.5536094903945923	0.5607497096061707	1.195048213005066	2.2219655513763428	2.1115341186523438	0.5725817680358887	0.5503771901130676	0.9469332695007324	0.9041008949279785	2.2749392986297607	0.7367808222770691	1.419600486755371	0.4758129417896271	0.9771460890769958	0.32942670583724976	0.7017756700515747	1.0893603563308716	0.8328507542610168	0.952501118183136	0.0	1.152712106704712	0.0	1.5058677196502686	2.169645071029663	0.837053120136261	1.0839015245437622	0.0	0.9187591671943665	4.151861190795898	0.8860650062561035	0.6399821639060974	0.0	0.06764388829469681	0.5564273595809937	2.2463531494140625	0.5416995286941528	1.392472267150879	0.0	1.4051576852798462	0.6803887486457825	1.9732122421264648	0.0	2.5273163318634033
0.5676184296607971	0.6672402024269104	1.4816813468933105	0.8873921632766724	1.5165847539901733	0.0	0.9518015384674072	1.2570990324020386	0.24958117306232452	0.24807199835777283	1.9525851011276245	0.0	0.1691889762878418	0.7136476635932922	0.417459100484848	2.6818509101867676	1.2065162658691406	0.0	2.653964042663574	0.0636444017291069	1.1175707578659058	0.3775710165500641	1.396462082862854	0.11638344079256058	2.0564188957214355	1.671970248222351	2.3011302947998047	0.6987718939781189	1.8420026302337646	1.5194265842437744	1.3446073532104492	0.0	0.5686464905738831	0.66871178150177	0.6558676958084106	0.6711169481277466	0.5155469179153442	0.3620341718196869	0.0	0.6777466535568237	1.7057559490203857	0.0	0.7354474663734436	0.0	2.557779312133789	0.024071604013442993	0.7601687908172607	0.0	0.9656899571418762	3.0708377361297607	0.7123287320137024	1.4004848003387451	0.17607691884040833	0.19315902888774872	0.6733099818229675	0.2626320421695709	0.0	0.0	0.23433904349803925	0.5178375840187073	2.0488638877868652	0.5745148658752441	0.8619054555892944	1.509606957435608
0.3681740462779999	0.7041388750076294	0.8072144985198975	0.8855043053627014	1.2553004026412964	0.0	1.1966537237167358	0.8834841847419739	0.9341182708740234	0.11347382515668869	1.80523681640625	0.011782525107264519	0.02642606943845749	1.533801794052124	0.16995060443878174	2.122189521789551	2.4383580684661865	0.0	1.8134642839431763	1.1438356637954712	1.7200936079025269	0.0	1.4326918125152588	1.4019931554794312	2.193247079849243	1.0963659286499023	2.5019078254699707	0.5370880961418152	2.1543610095977783	1.600365161895752	0.8181595206260681	0.0	0.45769545435905457	0.6427963376045227	0.607020378112793	0.8370688557624817	0.19302579760551453	0.5819307565689087	0.0	0.6370599865913391	1.6703948974609375	0.0	1.7781797647476196	0.0	1.942345142364502	0.17370127141475677	1.0971533060073853	0.0	1.0134307146072388	2.5612199306488037	0.765028178691864	0.9452089071273804	0.31651464104652405	0.0	0.0	0.38988324999809265	0.09951666742563248	0.0	0.24796950817108154	0.1722787767648697	1.9303380250930786	0.8626832365989685	1.112797498703003	2.0068182945251465
0.05954565107822418	1.6427185535430908	0.5798057913780212	0.10020428895950317	0.9971156120300293	0.0	2.011972188949585	0.7726837992668152	0.9656094908714294	0.5125633478164673	2.489271402359009	0.0	0.7662276029586792	1.030408501625061	0.0	1.8030678033828735	1.1922203302383423	0.0	1.52865469455719	0.0	0.974774956703186	0.0	1.41254723072052	0.1323052942752838	1.1171475648880005	1.1730939149856567	3.2274234294891357	1.0498400926589966	1.6507154703140259	1.0086256265640259	2.461822032928467	0.20531201362609863	1.1938345432281494	0.5038670897483826	0.8907838463783264	0.0	0.2502574920654297	0.23000875115394592	0.0	0.1410692185163498	1.1849210262298584	0.007615340407937765	0.18307504057884216	0.9689821004867554	1.8464688062667847	0.0	0.48681870102882385	0.3815039396286011	0.8878990411758423	2.159682035446167	0.3035114109516144	1.4873000383377075	0.3438490033149719	0.04041454568505287	0.0	0.943256139755249	0.5863065123558044	0.27418455481529236	0.18278104066848755	0.0	2.3919150829315186	2.235178232192993	1.2634741067886353	1.5883864164352417
1.1059068441390991	1.3013290166854858	0.0	0.6891453862190247	0.0	0.0	1.9489569664001465	0.0	1.1062549352645874	0.0	1.5022480487823486	0.42642441391944885	0.0	1.4082094430923462	0.0	0.0	2.440359354019165	0.0	0.0	2.3103694915771484	1.2319711446762085	0.0	0.0	0.9497433304786682	2.3905389308929443	0.0	0.07935495674610138	0.036060553044080734	0.03623373806476593	0.14604422450065613	0.3111434876918793	0.4799169898033142	0.0	0.0	0.9236534237861633	0.35487785935401917	0.0	1.3840259313583374	0.0	1.0973018407821655	0.0	0.0	1.6225920915603638	1.1374249458312988	0.0	0.37970706820487976	1.0123225450515747	0.0	1.3983891010284424	2.440368175506592	0.9494724273681641	0.0	0.36696958541870117	0.0	0.0	0.0	0.0	0.0	0.0	1.466521978378296	0.0	1.8724563121795654	0.0	2.186616897583008
1.019971489906311	1.5856044292449951	0.0	0.847572386264801	0.0	0.0	1.6184858083724976	0.32582345604896545	1.600699543952942	0.0	1.5757378339767456	0.46233710646629333	0.0	1.5661892890930176	0.0	0.4812268614768982	2.5062978267669678	0.0	0.0	1.7656257152557373	1.0459831953048706	0.0	0.0	1.4709676504135132	2.2893383502960205	0.5585368275642395	1.020229458808899	0.0	0.552192211151123	0.5295930504798889	0.5877547264099121	0.7028567790985107	0.0	0.03566036745905876	0.9853014349937439	0.6008378863334656	0.0	1.7916338443756104	0.20511645078659058	1.4158846139907837	0.0	0.08223860710859299	1.358461618423462	1.3047466278076172	0.0	0.4507581293582916	1.2985680103302002	0.0	1.3587710857391357	3.000666379928589	0.8937301635742188	0.25588566064834595	0.058455780148506165	0.0	0.023180263116955757	0.32144662737846375	0.0	0.055120471864938736	0.0	0.8573442697525024	0.5240265727043152	2.1639392375946045	0.0	2.539013385772705
0.006026903633028269	0.4626285433769226	0.8397327065467834	0.15122033655643463	1.72144615650177	0.0	0.6823340654373169	0.9127195477485657	0.0	0.29541435837745667	0.08798781037330627	0.0	0.3048020601272583	1.4556387662887573	0.34177523851394653	2.1577770709991455	0.6459716558456421	0.0	2.7455594539642334	0.12951409816741943	1.6021387577056885	0.056998688727617264	1.7667096853256226	0.0	0.0	0.0	2.095163583755493	0.19361737370491028	1.899654507637024	1.0059882402420044	0.39213061332702637	0.0	0.720320999622345	0.49015483260154724	0.05345318093895912	0.0	0.5689648389816284	0.0	0.0	0.0	1.7472447156906128	0.5048685073852539	0.5337414145469666	0.0	1.9197137355804443	0.0	0.0	0.005074493587017059	0.0	0.0	0.0	0.26344895362854004	0.9245900511741638	0.0	0.0	0.33175763487815857	0.4236566424369812	0.0	1.034485101699829	0.0	2.0876529216766357	0.036463987082242966	1.3775684833526611	1.5592366456985474
0.42976707220077515	0.6454347968101501	1.9716570377349854	0.7831155061721802	1.8361085653305054	0.0	0.4000277519226074	0.9851524233818054	0.0	0.7724924087524414	1.6564040184020996	0.0	0.2560548186302185	0.18043281137943268	0.6541916728019714	2.9638242721557617	0.2520226240158081	0.0	3.148244857788086	0.0	0.5547057390213013	0.0	1.6276181936264038	0.0	1.5871769189834595	2.221817970275879	1.9825292825698853	0.9808501601219177	1.6593565940856934	1.4847025871276855	1.811361312866211	0.0	0.8812470436096191	0.6244939565658569	0.2579566240310669	0.6868423819541931	0.671815812587738	0.5994002819061279	0.04236909747123718	0.44390323758125305	1.7180262804031372	0.3025502562522888	0.0	0.0	2.9142534732818604	0.16780126094818115	0.6270155906677246	0.0	0.8124390840530396	2.742321729660034	0.2420300841331482	1.7774958610534668	0.0	0.5021037459373474	0.9293481111526489	0.3453069031238556	0.15006424486637115	0.0	0.19374507665634155	0.42346861958503723	2.0306718349456787	0.4140833020210266	0.6725849509239197	1.2739639282226562
0.6256247162818909	1.1324323415756226	1.8727213144302368	0.5146397352218628	0.2334562987089157	0.0	1.3485080003738403	1.033427119255066	0.9273238778114319	0.0	1.5377744436264038	0.00040911237010732293	0.0	0.38361847400665283	0.2740461826324463	2.377162218093872	1.3380883932113647	0.0	0.5625466704368591	0.9184941649436951	0.13119114935398102	0.4012785255908966	0.5703667998313904	1.0788477659225464	2.581214189529419	1.6045650243759155	1.1658614873886108	0.4435623288154602	1.0604915618896484	1.2487958669662476	1.7001943588256836	0.4409179389476776	1.0134998559951782	0.9725369811058044	1.1384254693984985	0.04037163034081459	0.5071830153465271	1.3709734678268433	0.5462174415588379	1.5526477098464966	0.09793443977832794	0.0	0.2768360674381256	0.7008202075958252	2.217883586883545	0.22711218893527985	1.0278468132019043	0.0	1.4080662727355957	4.19227409362793	1.1591020822525024	0.8940094113349915	0.0	0.18361128866672516	0.9113646149635315	0.6504343152046204	0.0	0.0	0.0	1.275324821472168	1.081870436668396	2.0634679794311523	0.10277974605560303	1.808154821395874
0.4785674214363098	1.149878740310669	0.2033136636018753	0.7431590557098389	0.3944324851036072	0.0	1.3331186771392822	0.5723505020141602	0.9644535779953003	0.0	1.5283491611480713	0.048154160380363464	0.0	2.532945156097412	0.0	1.1889967918395996	3.0509748458862305	0.0	0.7167733311653137	1.7132713794708252	2.2821688652038574	0.0	0.5827683806419373	0.2102799266576767	1.9664784669876099	0.0	1.9803546667099	0.37810012698173523	1.501244306564331	0.6978590488433838	0.0821601003408432	0.0	0.16283737123012543	0.5495949983596802	0.6456325650215149	0.0	0.0	0.4867051839828491	0.0	0.051002006977796555	0.8426617383956909	0.0	2.3605265617370605	0.44617077708244324	0.38364526629447937	0.0	0.7239518165588379	0.0	0.7846355438232422	1.346070647239685	0.725446879863739	0.27869436144828796	0.8094403743743896	0.0	0.0	0.412479430437088	0.0	0.0	0.37567052245140076	0.7325624227523804	1.7053049802780151	1.6017144918441772	1.0417380332946777	2.3564324378967285
0.48412439227104187	0.9429611563682556	1.417311429977417	0.7228419184684753	0.9071301817893982	0.0	0.9741248488426208	1.0450260639190674	0.744307279586792	0.08704791218042374	1.7337515354156494	0.0	0.0	0.5940231680870056	0.20297439396381378	2.4785122871398926	1.2495893239974976	0.0	1.2880886793136597	0.3749779462814331	0.717177152633667	0.09628076106309891	0.8403018116950989	0.6535608768463135	2.513763666152954	1.9168235063552856	1.8851889371871948	0.7065755724906921	1.5431931018829346	1.396968126296997	2.1268064975738525	0.0	1.2310974597930908	0.6140095591545105	1.4026654958724976	0.34909722208976746	0.5163237452507019	1.2314658164978027	0.21414630115032196	1.0900245904922485	0.7777940034866333	0.38110700249671936	0.6366414427757263	0.5699008107185364	2.3571133613586426	0.26320964097976685	1.1020814180374146	0.0	1.2968791723251343	4.05184268951416	0.9493695497512817	1.21104896068573	0.0	0.017313800752162933	0.8729533553123474	1.1957653760910034	0.0	0.0	0.0	0.7702676057815552	1.6109046936035156	1.949466347694397	0.726225733757019	2.5281598567962646
0.8492666482925415	2.0805673599243164	0.0	0.6829301714897156	0.0	0.0	1.3566185235977173	0.09482525289058685	1.694620966911316	0.0	1.5515633821487427	0.5097476243972778	0.0	2.1537301540374756	0.0	0.44800373911857605	2.3166303634643555	0.0	0.0	0.8683127760887146	1.6142054796218872	0.0	0.21116194128990173	1.0245211124420166	2.001242160797119	1.043400526046753	2.2223145961761475	0.33506882190704346	1.0591117143630981	0.49120017886161804	1.210572600364685	0.44078701734542847	0.3544047474861145	0.4767957329750061	0.8542619347572327	0.10598783195018768	0.0	0.9722809791564941	0.0	0.917220413684845	0.0	0.0	1.5904221534729004	1.448398470878601	0.27301353216171265	0.17796823382377625	1.0974122285842896	0.19308225810527802	1.2340412139892578	3.0848965644836426	0.9101036787033081	0.6595402956008911	0.41117602586746216	0.0	0.0	0.7136579751968384	0.2129281759262085	0.39324751496315	0.0	0.8386201858520508	1.552528977394104	2.8982040882110596	0.6332470774650574	2.5397374629974365
0.7285476326942444	1.488929033279419	0.0	0.8763338923454285	0.5524688959121704	0.0	1.5623828172683716	0.0	1.5592741966247559	0.0	1.2260056734085083	0.30470332503318787	0.0	1.6655213832855225	0.20351918041706085	0.22175711393356323	2.4856016635894775	0.0	0.0	1.8573870658874512	1.2807844877243042	0.0	0.0	1.0700117349624634	2.7320828437805176	0.8815217018127441	1.1360455751419067	0.0592314787209034	0.9669839143753052	0.37480050325393677	0.453148752450943	0.2646094560623169	0.0	0.06403686106204987	1.0184605121612549	0.6983725428581238	0.0	1.6617835760116577	0.09846790879964828	1.2339345216751099	0.0	0.0	1.5283654928207397	0.9583133459091187	0.0	0.6755254864692688	1.4097331762313843	0.0	1.1070090532302856	3.002455711364746	1.1326340436935425	0.07061582058668137	0.561622142791748	0.0	0.45440372824668884	0.4846389889717102	0.0	0.13517910242080688	0.0	1.029021143913269	0.2838553786277771	1.787548542022705	0.0	2.609520435333252
1.3271706104278564	1.4382413625717163	0.0	0.9441431164741516	0.0	0.0	1.3332409858703613	0.0	1.5196313858032227	0.0	1.140427827835083	0.4941898286342621	0.0	1.299784779548645	0.0	0.0	2.4996590614318848	0.0	0.0	2.0803327560424805	0.9258363246917725	0.0	0.0	1.41396164894104	2.4227654933929443	0.43899792432785034	0.09096409380435944	0.0	0.03610280901193619	0.03542185574769974	0.05265567824244499	0.43522214889526367	0.0	0.3201535642147064	0.8632559180259705	0.4559319019317627	0.0	1.8651918172836304	0.20596596598625183	1.2941447496414185	0.0	0.0	1.3138374090194702	0.9813878536224365	0.0	0.4543045461177826	1.3013637065887451	0.0	1.2001253366470337	2.914337396621704	0.9558524489402771	0.0	0.17943789064884186	0.0	0.22020582854747772	0.14943350851535797	0.0	0.0	0.0	1.2441588640213013	0.0	1.732982873916626	0.0	2.424359083175659
0.3355282247066498	0.17901261150836945	1.5200214385986328	0.0	1.980090618133545	0.0	0.5318504571914673	0.905277669429779	0.0	1.0912606716156006	0.35955578088760376	0.0	0.3443756401538849	0.01242833025753498	0.8611761927604675	2.8991265296936035	0.0	0.0	2.859466075897217	0.0	0.1946982890367508	0.0	1.7959784269332886	0.0	0.34316062927246094	1.9827390909194946	2.0019583702087402	0.7719427943229675	1.7169361114501953	1.0407038927078247	2.104980945587158	0.005321902222931385	1.6296700239181519	0.41949984431266785	0.0	0.0	0.8187795877456665	0.0	0.1550140082836151	0.0	1.5277647972106934	0.3737994432449341	0.0	0.0	2.9540364742279053	0.06561189144849777	0.20784984529018402	0.0	0.13940687477588654	1.2774146795272827	0.0	1.091479778289795	0.15867672860622406	0.6267843246459961	0.3466360867023468	0.9921640753746033	0.9340131282806396	0.8865830898284912	0.7494432926177979	0.0	1.5800443887710571	0.4262675940990448	1.164177656173706	0.6726973056793213
0.07790835201740265	0.3509572446346283	1.3041167259216309	0.5050877332687378	2.2439382076263428	0.0	0.352590411901474	1.2538659572601318	0.0	1.7798165082931519	0.19310089945793152	0.0	0.48037809133529663	0.4080589711666107	0.9786415100097656	2.566256523132324	0.0	0.0	3.6293187141418457	0.0	0.7308500409126282	0.06360810995101929	2.0070505142211914	0.0	0.0	1.254339337348938	1.9272902011871338	0.320997953414917	1.8513699769973755	1.1940480470657349	1.0600882768630981	0.0	0.9611597061157227	0.591029167175293	0.0	0.5687218904495239	0.7375791072845459	0.0	0.0	0.0	2.038465738296509	0.5446020364761353	0.0	0.0	2.89567232131958	0.08567774295806885	0.0	0.0	0.05804576724767685	0.0	0.0	1.0984834432601929	0.44858306646347046	0.7535979747772217	0.5908281207084656	0.34601840376853943	0.6813009977340698	0.20305176079273224	0.7959420680999756	0.0	2.057133913040161	0.0	1.2797024250030518	1.1173123121261597
0.06371641159057617	1.348623275756836	0.640217125415802	0.6140477061271667	0.6525924205780029	0.0	1.5001044273376465	0.708147406578064	0.46449515223503113	0.0	1.6096426248550415	0.0	0.0	2.0547993183135986	0.0	1.3146634101867676	2.7046384811401367	0.0	1.2436611652374268	1.9766457080841064	1.9866074323654175	0.0	0.9590186476707458	0.1664418876171112	2.303318977355957	0.0	1.731756329536438	0.45114654302597046	1.7445807456970215	0.7426463961601257	0.5850309133529663	0.0	0.36971285939216614	0.7322050333023071	1.0122425556182861	0.3006731867790222	0.047175295650959015	0.5919730067253113	0.0	0.21790112555027008	1.141628623008728	0.0	1.9439293146133423	0.6552311182022095	0.5181841850280762	0.010203711688518524	0.676744282245636	0.0	1.1986716985702515	2.1124770641326904	0.572802722454071	0.013316432014107704	0.47958874702453613	0.0	0.0	0.09388775378465652	0.0	0.0	0.04511938616633415	0.9025799632072449	1.514480710029602	1.7378145456314087	0.7126436829566956	2.5099103450775146
1.224869966506958	1.5876069068908691	0.11039542406797409	1.1970674991607666	0.0	0.0	1.4280718564987183	0.1478617936372757	1.347225308418274	0.0	1.3658134937286377	0.6476255059242249	0.0	1.192426323890686	0.0	0.08370610326528549	2.193898916244507	0.0	0.0	2.127481698989868	1.0687344074249268	0.0	0.0	1.2939045429229736	2.5091381072998047	0.9430740475654602	0.33555546402931213	0.0	0.44427427649497986	0.4366247355937958	0.010653573088347912	0.46869418025016785	0.0	0.0	0.8365344405174255	0.3711070418357849	0.0	1.9601930379867554	0.529792845249176	1.5042189359664917	0.0	0.0	1.134176254272461	0.7961894869804382	0.0	0.5265701413154602	1.2449127435684204	0.0	1.3147553205490112	3.040653705596924	1.1451927423477173	0.20107628405094147	0.2821701467037201	0.0	0.29574862122535706	0.11698534339666367	0.0	0.0	0.0	1.0717748403549194	0.1091557964682579	1.5357465744018555	0.0	2.4790430068969727
1.27188241481781	0.5796929001808167	0.1571405827999115	0.6024113297462463	0.0	0.0	1.5746867656707764	0.0	1.265829086303711	0.0	1.3032699823379517	0.42019209265708923	0.0	0.24851004779338837	0.2933462858200073	0.0	1.928900122642517	0.0	0.0	1.8410100936889648	0.11923055350780487	0.0	0.0	1.6069799661636353	2.674497604370117	0.8128700852394104	0.0	0.013352259062230587	0.0	0.0	0.17490075528621674	0.7492817640304565	0.0	0.015095365233719349	0.9589046239852905	0.622169554233551	0.0	1.5183913707733154	0.3707369863986969	1.7093533277511597	0.0	0.0	0.7145572900772095	1.4122587442398071	0.0	0.6487303972244263	1.0482078790664673	0.0	1.2613272666931152	3.3195574283599854	1.026419758796692	0.07870379835367203	0.035207636654376984	0.0	0.3953096866607666	0.2010578215122223	0.0	0.0	0.0	1.431574821472168	0.0	1.5481706857681274	0.0	2.113337278366089
1.2586493492126465	0.7432458996772766	0.0	0.7677924633026123	0.0	0.0	1.4271615743637085	0.0	1.2116405963897705	0.0	1.1986545324325562	0.6090719103813171	0.0	0.6763794422149658	0.0	0.0	2.2071290016174316	0.0	0.0	2.095513343811035	0.4909811317920685	0.0	0.0	1.4759892225265503	2.414000988006592	0.345586895942688	0.0	0.0	0.0	0.0	0.09815166145563126	0.6094486713409424	0.0	0.0	0.9924625158309937	0.49770116806030273	0.0	1.4095455408096313	0.19917219877243042	1.8416645526885986	0.0	0.0	1.2474534511566162	1.2362620830535889	0.0	0.43636637926101685	0.9747335314750671	0.0	1.1857860088348389	2.8850936889648438	0.9655157327651978	0.03096957877278328	0.19801461696624756	0.0	0.2796919047832489	0.14217936992645264	0.0	0.0	0.0	1.4678099155426025	0.0	1.337246298789978	0.0	1.904407262802124
0.29420387744903564	0.14649245142936707	1.7845606803894043	0.6083691120147705	1.9873632192611694	0.0	0.5370427966117859	0.9200451374053955	0.0	1.450708031654358	1.1631802320480347	0.0	0.3409348428249359	0.0	0.9227443933486938	2.767888069152832	0.0	0.0	3.374312400817871	0.0	0.5860050320625305	0.16394928097724915	2.2323496341705322	0.0	0.6366936564445496	1.8273388147354126	1.9746215343475342	0.5433990955352783	1.6345019340515137	1.380008339881897	1.7422361373901367	0.0	0.9021340608596802	0.49685558676719666	0.0	0.41410237550735474	0.6499584317207336	0.06245870888233185	0.0	0.13146087527275085	1.9934463500976562	0.9640975594520569	0.0	0.0	3.1352951526641846	0.07172231376171112	0.16886380314826965	0.0	0.3949953019618988	1.984898328781128	0.0	1.6339726448059082	0.012429624795913696	0.8843005895614624	1.0040051937103271	0.3663647770881653	0.40089625120162964	0.05095668137073517	0.41203272342681885	0.0	1.9281061887741089	0.0	0.7957888245582581	0.5455554127693176
0.4111407399177551	1.1354600191116333	1.5347121953964233	0.9778743982315063	1.2111212015151978	0.0	1.7038344144821167	0.9709650874137878	0.44766321778297424	0.0	1.6795035600662231	0.0	0.0	1.45868718624115	0.5927271842956543	2.0294435024261475	2.4572863578796387	0.0	1.7589377164840698	1.4507012367248535	1.8016870021820068	0.122198686003685	1.278566598892212	0.42244452238082886	2.6937222480773926	1.0651270151138306	2.1473171710968018	0.08799182623624802	2.0425331592559814	1.1868480443954468	0.7699344754219055	0.0	0.33335137367248535	0.3539066016674042	1.0577107667922974	0.7444336414337158	0.19484160840511322	0.9170231819152832	0.0	0.406429648399353	1.084283709526062	0.3058674931526184	1.622122883796692	0.0	1.4640686511993408	0.7767600417137146	1.4351162910461426	0.0	1.0829308032989502	2.4451663494110107	1.0917025804519653	0.7470071911811829	0.30717188119888306	0.0	0.46408823132514954	0.0	0.0	0.0	0.0012630847049877048	0.6827710270881653	1.6572703123092651	1.2589462995529175	0.7089121341705322	2.2615959644317627
0.015517611056566238	0.4823908507823944	1.0036488771438599	0.20593103766441345	1.9827189445495605	0.0	0.5741004347801208	1.1647640466690063	0.0	0.6889940500259399	0.9772612452507019	0.0	0.40223658084869385	1.4595292806625366	0.39158451557159424	2.2228832244873047	0.7542054653167725	0.0	3.4834957122802734	0.03724689036607742	1.534348487854004	0.12521618604660034	1.7174980640411377	0.0	0.4858331084251404	0.2943737208843231	2.163447856903076	0.29826870560646057	1.7872700691223145	1.1437020301818848	0.6306279897689819	0.0	0.8281081318855286	0.5062653422355652	0.31286537647247314	0.0	0.5149237513542175	0.0	0.0	0.0	2.2019989490509033	0.5519583225250244	0.7910186648368835	0.0	2.020684242248535	0.0	0.0	0.0	0.36619892716407776	0.0	0.0	0.4928222894668579	0.520976722240448	0.0	0.0	0.3307350277900696	0.28673502802848816	0.0	0.9554960131645203	0.0	2.1617259979248047	0.19271917641162872	1.2756493091583252	1.8157601356506348
0.7207702398300171	1.2616801261901855	1.1481918096542358	0.8902024030685425	0.49827179312705994	0.0	1.3010209798812866	0.5923852324485779	1.0976883172988892	0.0	1.7865650653839111	0.11494623869657516	0.0	0.8994060158729553	0.21049416065216064	1.535575032234192	1.8435581922531128	0.0	0.9119588732719421	1.4090760946273804	1.0353797674179077	0.1721586138010025	0.13560077548027039	0.9015790820121765	2.8229198455810547	1.5594714879989624	0.9744745492935181	0.784267008304596	1.0316373109817505	0.8225225806236267	1.5051820278167725	0.44206276535987854	0.6372478008270264	0.27662599086761475	1.3228684663772583	0.6037225127220154	0.27650707960128784	1.48026704788208	0.3481583297252655	1.615590214729309	0.2959546446800232	0.0	0.9151749014854431	0.9423976540565491	0.7650507092475891	0.369406521320343	1.179489254951477	0.0	1.566565752029419	3.804307222366333	1.0553759336471558	0.9134587645530701	0.0	0.0	0.6691653728485107	0.4277769923210144	0.0	0.0	0.0	1.2465940713882446	1.0821877717971802	2.036733627319336	0.28359103202819824	2.424659252166748
0.0847664475440979	0.0	1.560434103012085	0.17328990995883942	2.476370334625244	0.0	0.42953652143478394	0.9250251650810242	0.0	1.7791751623153687	0.24708858132362366	0.0	0.5840340852737427	0.0	1.1860240697860718	2.557424783706665	0.0	0.0	3.444138765335083	0.0	0.6074528694152832	0.0	2.206986665725708	0.0	0.036627188324928284	1.6237338781356812	1.7537895441055298	0.37630516290664673	1.642720103263855	0.9318299293518066	1.1844427585601807	0.0	1.0184866189956665	0.3770163357257843	0.0	0.3526438772678375	0.7379433512687683	0.0	0.0	0.0	1.958863615989685	0.4564898908138275	0.0	0.0	2.7177324295043945	0.14258135855197906	0.07471483945846558	0.0	0.04130961373448372	0.0	0.0	1.0172693729400635	0.3656056523323059	0.9312204718589783	1.0811705589294434	0.4858286380767822	0.9740045666694641	0.3942902088165283	0.7994303107261658	0.0	1.555828332901001	0.0	0.7699818015098572	0.0
